    900.60    11.170	0.12472E+03
    909.86     9.427	0.62094E+03
    919.12     7.984	0.23455E+04
    928.38     7.146	0.50762E+04
    937.64     6.786	0.70723E+04
    946.90     6.647	0.80374E+04
    956.16     6.526	0.89854E+04
    965.42     6.515	0.90795E+04
    974.68     6.455	0.95924E+04
    983.94     6.368	0.10398E+05
    993.20     6.403	0.10064E+05
   1002.46     6.522	0.90215E+04
   1011.72     6.550	0.87913E+04
   1020.98     6.469	0.94715E+04
   1030.24     6.374	0.10338E+05
   1039.50     6.292	0.11149E+05
   1048.76     6.303	0.11034E+05
   1058.02     6.299	0.11072E+05
   1067.28     6.302	0.11043E+05
   1076.54     6.327	0.10792E+05
   1085.80     6.358	0.10488E+05
   1095.06     6.361	0.10459E+05
   1104.32     6.319	0.10878E+05
   1113.58     6.240	0.11699E+05
   1122.84     6.236	0.11735E+05
   1132.10     6.310	0.10960E+05
   1141.36     6.270	0.11374E+05
   1155.80     6.271	0.11369E+05
   1157.00     6.264	0.11437E+05
   1158.20     6.315	0.10914E+05
   1159.20     6.298	0.11087E+05
   1160.40     6.284	0.11233E+05
   1161.60     6.250	0.11591E+05
   1162.80     6.281	0.11258E+05
   1164.00     6.300	0.11067E+05
   1165.20     6.311	0.10958E+05
   1166.40     6.322	0.10844E+05
   1167.60     6.289	0.11182E+05
   1168.80     6.289	0.11179E+05
   1169.80     6.308	0.10982E+05
   1171.00     6.324	0.10824E+05
   1172.20     6.340	0.10665E+05
   1173.40     6.350	0.10568E+05
   1174.60     6.357	0.10496E+05
   1175.80     6.316	0.10907E+05
   1177.00     6.306	0.11001E+05
   1178.20     6.308	0.10983E+05
   1179.40     6.304	0.11024E+05
   1180.60     6.302	0.11046E+05
   1181.60     6.283	0.11245E+05
   1182.80     6.247	0.11621E+05
   1184.00     6.247	0.11624E+05
   1185.20     6.288	0.11194E+05
   1186.40     6.286	0.11208E+05
   1187.60     6.277	0.11308E+05
   1188.80     6.325	0.10817E+05
   1190.00     6.352	0.10550E+05
   1191.20     6.381	0.10266E+05
   1192.40     6.382	0.10260E+05
   1193.40     6.422	0.98872E+04
   1194.60     6.444	0.96881E+04
   1195.80     6.461	0.95445E+04
   1197.00     6.467	0.94855E+04
   1198.20     6.451	0.96321E+04
   1199.40     6.473	0.94405E+04
   1200.60     6.495	0.92510E+04
   1201.80     6.443	0.97011E+04
   1203.00     6.426	0.98518E+04
   1204.20     6.453	0.96132E+04
   1205.20     6.488	0.93068E+04
   1206.40     6.513	0.90947E+04
   1207.60     6.592	0.84556E+04
   1208.80     6.738	0.73893E+04
   1210.00     6.875	0.65162E+04
   1211.20     7.062	0.54855E+04
   1212.40     7.299	0.44105E+04
   1213.60     7.542	0.35248E+04
   1214.80     7.629	0.32534E+04
   1216.00     7.524	0.35826E+04
   1217.00     7.299	0.44079E+04
   1218.20     7.052	0.55378E+04
   1219.40     6.808	0.69319E+04
   1220.60     6.656	0.79731E+04
   1221.80     6.584	0.85209E+04
   1223.00     6.496	0.92397E+04
   1224.20     6.453	0.96084E+04
   1225.40     6.454	0.96057E+04
   1226.60     6.475	0.94217E+04
   1227.80     6.497	0.92293E+04
   1228.80     6.562	0.86914E+04
   1230.00     6.680	0.78003E+04
   1231.20     6.859	0.66122E+04
   1232.40     7.065	0.54721E+04
   1233.60     7.293	0.44327E+04
   1234.80     7.469	0.37707E+04
   1236.00     7.438	0.38798E+04
   1237.20     7.336	0.42632E+04
   1238.40     7.138	0.51123E+04
   1239.60     6.884	0.64632E+04
   1240.60     6.707	0.76082E+04
   1241.80     6.549	0.87961E+04
   1243.00     6.400	0.10096E+05
   1244.20     6.339	0.10680E+05
   1245.40     6.345	0.10621E+05
   1246.60     6.375	0.10325E+05
   1247.80     6.423	0.98804E+04
   1249.00     6.460	0.95499E+04
   1250.20     6.461	0.95405E+04
   1251.40     6.475	0.94228E+04
   1252.40     6.464	0.95156E+04
   1253.60     6.446	0.96760E+04
   1254.80     6.439	0.97342E+04
   1256.00     6.429	0.98252E+04
   1257.20     6.472	0.94410E+04
   1258.40     6.494	0.92526E+04
   1259.60     6.477	0.94001E+04
   1260.80     6.447	0.96691E+04
   1262.00     6.424	0.98697E+04
   1263.20     6.392	0.10170E+05
   1264.20     6.379	0.10286E+05
   1265.40     6.417	0.99329E+04
   1266.60     6.414	0.99611E+04
   1267.80     6.418	0.99281E+04
   1269.00     6.433	0.97932E+04
   1270.20     6.440	0.97304E+04
   1271.40     6.451	0.96304E+04
   1272.60     6.403	0.10066E+05
   1273.80     6.387	0.10219E+05
   1275.00     6.390	0.10189E+05
   1276.00     6.399	0.10106E+05
   1277.20     6.385	0.10232E+05
   1278.40     6.387	0.10213E+05
   1279.60     6.363	0.10445E+05
   1280.80     6.374	0.10340E+05
   1282.00     6.377	0.10304E+05
   1283.20     6.396	0.10126E+05
   1284.40     6.382	0.10262E+05
   1285.60     6.378	0.10300E+05
   1286.80     6.386	0.10225E+05
   1287.80     6.374	0.10336E+05
   1289.00     6.357	0.10497E+05
   1290.20     6.353	0.10543E+05
   1291.40     6.350	0.10573E+05
   1292.60     6.323	0.10834E+05
   1293.80     6.348	0.10591E+05
   1295.00     6.331	0.10751E+05
   1296.20     6.348	0.10592E+05
   1297.40     6.360	0.10467E+05
   1298.60     6.396	0.10132E+05
   1299.60     6.439	0.97391E+04
   1300.80     6.492	0.92754E+04
   1302.00     6.525	0.89923E+04
   1303.20     6.538	0.88887E+04
   1304.40     6.548	0.88064E+04
   1305.60     6.510	0.91168E+04
   1306.80     6.455	0.95941E+04
   1308.00     6.459	0.95601E+04
   1309.20     6.459	0.95552E+04
   1310.40     6.421	0.99011E+04
   1311.40     6.451	0.96257E+04
   1312.60     6.453	0.96084E+04
   1313.80     6.452	0.96243E+04
   1315.00     6.451	0.96310E+04
   1316.20     6.459	0.95568E+04
   1317.40     6.497	0.92333E+04
   1318.60     6.491	0.92770E+04
   1319.80     6.474	0.94300E+04
   1321.00     6.497	0.92311E+04
   1322.00     6.480	0.93730E+04
   1323.20     6.480	0.93730E+04
   1324.40     6.481	0.93661E+04
   1325.60     6.463	0.95223E+04
   1326.80     6.467	0.94845E+04
   1328.00     6.471	0.94550E+04
   1329.20     6.451	0.96269E+04
   1330.40     6.482	0.93620E+04
   1331.60     6.506	0.91524E+04
   1332.80     6.503	0.91800E+04
   1333.80     6.533	0.89320E+04
   1335.00     6.541	0.88672E+04
   1336.20     6.528	0.89741E+04
   1337.40     6.505	0.91651E+04
   1338.60     6.521	0.90241E+04
   1339.80     6.509	0.91283E+04
   1341.00     6.496	0.92400E+04
   1342.20     6.480	0.93762E+04
   1343.40     6.470	0.94649E+04
   1344.60     6.498	0.92218E+04
   1345.60     6.492	0.92694E+04
   1346.80     6.489	0.92940E+04
   1348.00     6.490	0.92895E+04
   1349.20     6.531	0.89465E+04
   1350.40     6.513	0.90944E+04
   1351.60     6.502	0.91911E+04
   1352.80     6.511	0.91124E+04
   1354.00     6.501	0.91955E+04
   1355.20     6.510	0.91207E+04
   1356.40     6.538	0.88874E+04
   1357.40     6.558	0.87269E+04
   1358.60     6.573	0.86052E+04
   1359.80     6.601	0.83901E+04
   1361.00     6.617	0.82630E+04
   1362.20     6.627	0.81866E+04
   1363.40     6.629	0.81747E+04
   1364.60     6.592	0.84587E+04
   1365.80     6.536	0.89013E+04
   1367.00     6.538	0.88847E+04
   1368.20     6.527	0.89753E+04
   1369.20     6.553	0.87647E+04
   1370.40     6.601	0.83841E+04
   1371.60     6.629	0.81731E+04
   1372.80     6.635	0.81301E+04
   1374.00     6.644	0.80636E+04
   1375.20     6.665	0.79076E+04
   1376.40     6.642	0.80729E+04
   1377.60     6.606	0.83478E+04
   1378.80     6.596	0.84238E+04
   1380.00     6.568	0.86432E+04
   1381.00     6.528	0.89665E+04
   1382.20     6.559	0.87199E+04
   1383.40     6.603	0.83691E+04
   1384.60     6.618	0.82553E+04
   1385.80     6.657	0.79659E+04
   1387.00     6.673	0.78490E+04
   1388.20     6.659	0.79506E+04
   1389.40     6.647	0.80353E+04
   1390.60     6.653	0.79948E+04
   1391.80     6.632	0.81504E+04
   1392.80     6.651	0.80084E+04
   1394.00     6.682	0.77822E+04
   1395.20     6.671	0.78610E+04
   1396.40     6.665	0.79067E+04
   1397.60     6.627	0.81872E+04
   1398.80     6.617	0.82649E+04
   1400.00     6.635	0.81316E+04
   1401.20     6.650	0.80147E+04
   1402.40     6.687	0.77472E+04
   1403.60     6.707	0.76070E+04
   1404.60     6.691	0.77178E+04
   1405.80     6.703	0.76360E+04
   1407.00     6.733	0.74258E+04
   1408.20     6.751	0.73016E+04
   1409.40     6.717	0.75349E+04
   1410.60     6.687	0.77478E+04
   1411.80     6.639	0.80977E+04
   1413.00     6.603	0.83676E+04
   1414.20     6.623	0.82176E+04
   1415.40     6.612	0.83056E+04
   1416.40     6.632	0.81526E+04
   1417.60     6.673	0.78454E+04
   1418.80     6.679	0.78022E+04
   1420.00     6.697	0.76805E+04
   1421.20     6.649	0.80258E+04
   1422.40     6.623	0.82202E+04
   1423.60     6.598	0.84065E+04
   1424.80     6.603	0.83716E+04
   1426.00     6.595	0.84321E+04
   1427.20     6.613	0.82978E+04
   1428.20     6.655	0.79808E+04
   1429.40     6.649	0.80216E+04
   1430.60     6.658	0.79577E+04
   1431.80     6.656	0.79706E+04
   1433.00     6.577	0.85738E+04
   1434.20     6.589	0.84781E+04
   1435.40     6.605	0.83556E+04
   1436.60     6.600	0.83981E+04
   1437.80     6.625	0.82013E+04
   1439.00     6.619	0.82471E+04
   1440.00     6.644	0.80593E+04
   1441.20     6.682	0.77852E+04
   1442.40     6.660	0.79406E+04
   1443.60     6.672	0.78570E+04
   1444.80     6.689	0.77311E+04
   1446.00     6.705	0.76238E+04
   1447.20     6.705	0.76221E+04
   1448.40     6.723	0.74934E+04
   1449.60     6.709	0.75923E+04
   1450.80     6.706	0.76154E+04
   1451.80     6.705	0.76175E+04
   1453.00     6.713	0.75654E+04
   1454.20     6.728	0.74581E+04
   1455.40     6.708	0.75976E+04
   1456.60     6.690	0.77253E+04
   1457.80     6.685	0.77592E+04
   1459.00     6.703	0.76347E+04
   1460.20     6.671	0.78625E+04
   1461.40     6.658	0.79595E+04
   1462.60     6.645	0.80551E+04
   1463.60     6.657	0.79628E+04
   1464.80     6.643	0.80687E+04
   1466.00     6.639	0.80960E+04
   1467.20     6.646	0.80477E+04
   1468.40     6.645	0.80529E+04
   1469.60     6.645	0.80553E+04
   1470.80     6.648	0.80305E+04
   1472.00     6.642	0.80765E+04
   1473.20     6.630	0.81626E+04
   1474.40     6.619	0.82483E+04
   1475.40     6.595	0.84354E+04
   1476.60     6.574	0.86001E+04
   1477.80     6.569	0.86399E+04
   1479.00     6.583	0.85265E+04
   1480.20     6.561	0.87042E+04
   1481.40     6.536	0.89078E+04
   1482.60     6.561	0.87054E+04
   1483.80     6.561	0.86992E+04
   1485.00     6.566	0.86613E+04
   1486.00     6.566	0.86649E+04
   1487.20     6.564	0.86747E+04
   1488.40     6.568	0.86475E+04
   1489.60     6.542	0.88588E+04
   1490.80     6.554	0.87600E+04
   1492.00     6.540	0.88721E+04
   1493.20     6.554	0.87548E+04
   1494.40     6.546	0.88240E+04
   1495.60     6.542	0.88558E+04
   1496.80     6.555	0.87507E+04
   1497.80     6.582	0.85376E+04
   1499.00     6.601	0.83874E+04
   1500.20     6.616	0.82709E+04
   1501.40     6.631	0.81547E+04
   1502.60     6.632	0.81499E+04
   1503.80     6.619	0.82484E+04
   1505.00     6.595	0.84303E+04
   1506.20     6.577	0.85764E+04
   1507.40     6.560	0.87075E+04
   1508.60     6.559	0.87214E+04
   1509.60     6.556	0.87384E+04
   1510.80     6.566	0.86654E+04
   1512.00     6.554	0.87596E+04
   1513.20     6.552	0.87770E+04
   1514.40     6.546	0.88265E+04
   1515.60     6.544	0.88375E+04
   1516.80     6.542	0.88575E+04
   1518.00     6.553	0.87670E+04
   1519.20     6.539	0.88789E+04
   1520.40     6.565	0.86692E+04
   1521.40     6.574	0.85956E+04
   1522.60     6.561	0.87052E+04
   1523.80     6.591	0.84650E+04
   1525.00     6.620	0.82379E+04
   1526.20     6.653	0.79936E+04
   1527.40     6.668	0.78869E+04
   1528.60     6.677	0.78221E+04
   1529.80     6.676	0.78258E+04
   1531.00     6.681	0.77901E+04
   1532.20     6.675	0.78343E+04
   1533.20     6.674	0.78445E+04
   1534.40     6.636	0.81187E+04
   1535.60     6.622	0.82267E+04
   1536.80     6.612	0.83052E+04
   1538.00     6.598	0.84062E+04
   1539.20     6.588	0.84890E+04
   1540.40     6.604	0.83603E+04
   1541.60     6.643	0.80653E+04
   1542.80     6.662	0.79256E+04
   1544.00     6.679	0.78047E+04
   1545.00     6.710	0.75863E+04
   1546.20     6.725	0.74845E+04
   1547.40     6.743	0.73567E+04
   1548.60     6.778	0.71247E+04
   1549.80     6.787	0.70658E+04
   1551.00     6.749	0.73203E+04
   1552.20     6.714	0.75598E+04
   1553.40     6.697	0.76766E+04
   1554.60     6.677	0.78203E+04
   1555.80     6.688	0.77398E+04
   1556.80     6.681	0.77903E+04
   1558.00     6.642	0.80736E+04
   1559.20     6.658	0.79586E+04
   1560.40     6.663	0.79209E+04
   1561.60     6.665	0.79076E+04
   1562.80     6.709	0.75910E+04
   1564.00     6.716	0.75436E+04
   1565.20     6.708	0.75976E+04
   1566.40     6.684	0.77676E+04
   1567.60     6.679	0.78059E+04
   1568.60     6.704	0.76287E+04
   1569.80     6.693	0.77083E+04
   1571.00     6.689	0.77337E+04
   1572.20     6.697	0.76787E+04
   1573.40     6.663	0.79210E+04
   1574.60     6.678	0.78140E+04
   1575.80     6.686	0.77563E+04
   1577.00     6.670	0.78679E+04
   1578.20     6.653	0.79981E+04
   1579.40     6.664	0.79155E+04
   1580.40     6.660	0.79464E+04
   1581.60     6.669	0.78765E+04
   1582.80     6.690	0.77280E+04
   1584.00     6.696	0.76819E+04
   1585.20     6.706	0.76170E+04
   1586.40     6.708	0.76008E+04
   1587.60     6.693	0.77069E+04
   1588.80     6.685	0.77649E+04
   1590.00     6.682	0.77845E+04
   1591.20     6.693	0.77073E+04
   1592.20     6.705	0.76240E+04
   1593.40     6.716	0.75455E+04
   1594.60     6.727	0.74702E+04
   1595.80     6.728	0.74621E+04
   1597.00     6.728	0.74579E+04
   1598.20     6.728	0.74604E+04
   1599.40     6.734	0.74206E+04
   1600.60     6.740	0.73799E+04
   1601.80     6.765	0.72134E+04
   1603.00     6.767	0.71992E+04
   1604.00     6.768	0.71893E+04
   1605.20     6.791	0.70392E+04
   1606.40     6.812	0.69042E+04
   1607.60     6.824	0.68304E+04
   1608.80     6.832	0.67788E+04
   1610.00     6.856	0.66339E+04
   1611.20     6.832	0.67793E+04
   1612.40     6.809	0.69245E+04
   1613.60     6.816	0.68829E+04
   1614.80     6.821	0.68466E+04
   1615.80     6.827	0.68126E+04
   1617.00     6.824	0.68303E+04
   1618.20     6.816	0.68795E+04
   1619.40     6.807	0.69352E+04
   1620.60     6.806	0.69420E+04
   1621.80     6.827	0.68136E+04
   1623.00     6.826	0.68175E+04
   1624.20     6.819	0.68587E+04
   1625.40     6.822	0.68418E+04
   1626.60     6.818	0.68707E+04
   1627.60     6.799	0.69917E+04
   1628.80     6.792	0.70320E+04
   1630.00     6.794	0.70235E+04
   1631.20     6.786	0.70715E+04
   1632.40     6.794	0.70240E+04
   1633.60     6.768	0.71918E+04
   1634.80     6.788	0.70600E+04
   1636.00     6.822	0.68422E+04
   1637.20     6.834	0.67651E+04
   1638.40     6.861	0.66038E+04
   1639.40     6.916	0.62728E+04
   1640.60     6.938	0.61464E+04
   1641.80     6.922	0.62389E+04
   1643.00     6.887	0.64442E+04
   1644.20     6.845	0.66989E+04
   1645.40     6.791	0.70418E+04
   1646.60     6.758	0.72562E+04
   1647.80     6.761	0.72354E+04
   1649.00     6.751	0.73023E+04
   1650.00     6.749	0.73205E+04
   1651.20     6.765	0.72124E+04
   1652.40     6.762	0.72280E+04
   1653.60     6.765	0.72104E+04
   1654.80     6.785	0.70766E+04
   1656.00     6.781	0.71084E+04
   1657.20     6.774	0.71526E+04
   1658.40     6.793	0.70301E+04
   1659.60     6.795	0.70157E+04
   1660.80     6.792	0.70332E+04
   1661.80     6.783	0.70909E+04
   1663.00     6.789	0.70525E+04
   1664.20     6.784	0.70889E+04
   1665.40     6.783	0.70903E+04
   1666.60     6.768	0.71909E+04
   1667.80     6.756	0.72698E+04
   1669.00     6.800	0.69822E+04
   1670.20     6.833	0.67756E+04
   1671.40     6.835	0.67582E+04
   1672.60     6.832	0.67789E+04
   1673.60     6.818	0.68694E+04
   1674.80     6.803	0.69602E+04
   1676.00     6.788	0.70578E+04
   1677.20     6.773	0.71550E+04
   1678.40     6.749	0.73161E+04
   1679.60     6.754	0.72820E+04
   1680.80     6.762	0.72302E+04
   1682.00     6.759	0.72487E+04
   1683.20     6.755	0.72769E+04
   1684.40     6.745	0.73484E+04
   1685.40     6.765	0.72088E+04
   1686.60     6.784	0.70877E+04
   1687.80     6.766	0.72031E+04
   1689.00     6.754	0.72837E+04
   1690.20     6.756	0.72709E+04
   1691.40     6.758	0.72549E+04
   1692.60     6.762	0.72291E+04
   1693.80     6.763	0.72243E+04
   1695.00     6.764	0.72195E+04
   1696.20     6.768	0.71905E+04
   1697.20     6.782	0.71008E+04
   1698.40     6.797	0.70041E+04
   1699.60     6.802	0.69663E+04
   1700.80     6.804	0.69587E+04
   1702.00     6.798	0.69980E+04
   1703.20     6.791	0.70421E+04
   1704.40     6.777	0.71344E+04
   1705.60     6.772	0.71674E+04
   1706.80     6.764	0.72156E+04
   1708.00     6.779	0.71171E+04
   1709.00     6.791	0.70389E+04
   1710.20     6.804	0.69568E+04
   1711.40     6.806	0.69442E+04
   1712.60     6.808	0.69331E+04
   1713.80     6.842	0.67195E+04
   1715.00     6.871	0.65407E+04
   1716.20     6.908	0.63225E+04
   1717.40     6.951	0.60754E+04
   1718.60     6.948	0.60947E+04
   1719.80     6.922	0.62428E+04
   1720.80     6.903	0.63488E+04
   1722.00     6.858	0.66221E+04
   1723.20     6.851	0.66633E+04
   1724.40     6.833	0.67755E+04
   1725.60     6.819	0.68607E+04
   1726.80     6.819	0.68617E+04
   1728.00     6.814	0.68955E+04
   1729.20     6.806	0.69451E+04
   1730.40     6.798	0.69924E+04
   1731.60     6.790	0.70470E+04
   1732.60     6.783	0.70898E+04
   1733.80     6.778	0.71240E+04
   1735.00     6.769	0.71828E+04
   1736.20     6.762	0.72339E+04
   1737.40     6.761	0.72352E+04
   1738.60     6.768	0.71921E+04
   1739.80     6.757	0.72624E+04
   1741.00     6.742	0.73638E+04
   1742.20     6.748	0.73246E+04
   1743.40     6.759	0.72494E+04
   1744.40     6.764	0.72202E+04
   1745.60     6.759	0.72525E+04
   1746.80     6.762	0.72313E+04
   1748.00     6.777	0.71305E+04
   1749.20     6.808	0.69316E+04
   1750.40     6.813	0.68978E+04
   1751.60     6.800	0.69821E+04
   1752.80     6.784	0.70843E+04
   1754.00     6.770	0.71772E+04
   1755.20     6.758	0.72581E+04
   1756.20     6.750	0.73117E+04
   1757.40     6.743	0.73565E+04
   1758.60     6.738	0.73958E+04
   1759.80     6.739	0.73832E+04
   1761.00     6.739	0.73859E+04
   1762.20     6.734	0.74196E+04
   1763.40     6.731	0.74387E+04
   1764.60     6.737	0.73982E+04
   1765.80     6.755	0.72766E+04
   1767.00     6.752	0.72971E+04
   1768.00     6.725	0.74783E+04
   1769.20     6.728	0.74582E+04
   1770.40     6.732	0.74346E+04
   1771.60     6.730	0.74462E+04
   1772.80     6.744	0.73549E+04
   1774.00     6.744	0.73501E+04
   1775.20     6.743	0.73592E+04
   1776.40     6.751	0.73022E+04
   1777.60     6.752	0.72987E+04
   1778.80     6.754	0.72878E+04
   1779.80     6.761	0.72345E+04
   1781.00     6.769	0.71843E+04
   1782.20     6.773	0.71574E+04
   1783.40     6.767	0.71978E+04
   1784.60     6.768	0.71892E+04
   1785.80     6.772	0.71638E+04
   1787.00     6.777	0.71323E+04
   1788.20     6.766	0.72057E+04
   1789.40     6.778	0.71254E+04
   1790.60     6.787	0.70677E+04
   1791.60     6.786	0.70697E+04
   1792.80     6.784	0.70868E+04
   1794.00     6.786	0.70751E+04
   1795.20     6.789	0.70550E+04
   1796.40     6.797	0.69985E+04
   1797.60     6.805	0.69485E+04
   1798.80     6.811	0.69110E+04
   1800.00     6.813	0.68998E+04
   1801.20     6.802	0.69721E+04
   1802.40     6.802	0.69703E+04
   1803.40     6.805	0.69473E+04
   1804.60     6.822	0.68438E+04
   1805.80     6.829	0.67964E+04
   1807.00     6.834	0.67669E+04
   1808.20     6.821	0.68462E+04
   1809.40     6.822	0.68407E+04
   1810.60     6.807	0.69384E+04
   1811.80     6.803	0.69656E+04
   1813.00     6.794	0.70197E+04
   1814.00     6.786	0.70741E+04
   1815.20     6.770	0.71794E+04
   1816.40     6.766	0.72071E+04
   1817.60     6.764	0.72166E+04
   1818.80     6.767	0.71957E+04
   1820.00     6.763	0.72252E+04
   1821.20     6.769	0.71852E+04
   1822.40     6.777	0.71301E+04
   1823.60     6.797	0.70035E+04
   1824.80     6.803	0.69620E+04
   1825.80     6.803	0.69601E+04
   1827.00     6.794	0.70182E+04
   1828.20     6.795	0.70169E+04
   1829.40     6.795	0.70156E+04
   1830.60     6.797	0.70002E+04
   1831.80     6.797	0.70006E+04
   1833.00     6.805	0.69516E+04
   1834.20     6.813	0.68980E+04
   1835.40     6.825	0.68231E+04
   1836.60     6.827	0.68108E+04
   1837.60     6.825	0.68253E+04
   1838.80     6.825	0.68245E+04
   1840.00     6.826	0.68156E+04
   1841.20     6.838	0.67400E+04
   1842.40     6.836	0.67550E+04
   1843.60     6.830	0.67933E+04
   1844.80     6.837	0.67459E+04
   1846.00     6.838	0.67404E+04
   1847.20     6.835	0.67626E+04
   1848.40     6.831	0.67830E+04
   1849.40     6.840	0.67320E+04
   1850.60     6.846	0.66904E+04
   1851.80     6.849	0.66748E+04
   1853.00     6.864	0.65853E+04
   1854.20     6.867	0.65631E+04
   1855.40     6.859	0.66114E+04
   1856.60     6.857	0.66245E+04
   1857.80     6.866	0.65715E+04
   1859.00     6.856	0.66317E+04
   1860.20     6.850	0.66692E+04
   1861.20     6.847	0.66873E+04
   1862.40     6.845	0.66987E+04
   1863.60     6.844	0.67074E+04
   1864.80     6.840	0.67315E+04
   1866.00     6.835	0.67639E+04
   1867.20     6.835	0.67579E+04
   1868.40     6.827	0.68097E+04
   1869.60     6.819	0.68606E+04
   1870.80     6.821	0.68502E+04
   1872.00     6.828	0.68020E+04
   1873.00     6.839	0.67346E+04
   1874.20     6.853	0.66493E+04
   1875.40     6.847	0.66837E+04
   1876.60     6.838	0.67439E+04
   1877.80     6.832	0.67812E+04
   1879.00     6.833	0.67723E+04
   1880.20     6.839	0.67374E+04
   1881.40     6.842	0.67181E+04
   1882.60     6.857	0.66272E+04
   1883.80     6.862	0.65928E+04
   1884.80     6.871	0.65403E+04
   1886.00     6.878	0.65010E+04
   1887.20     6.880	0.64859E+04
   1888.40     6.869	0.65531E+04
   1889.60     6.866	0.65679E+04
   1890.80     6.861	0.66035E+04
   1892.00     6.853	0.66495E+04
   1893.20     6.848	0.66776E+04
   1894.40     6.841	0.67209E+04
   1895.60     6.837	0.67483E+04
   1896.60     6.839	0.67356E+04
   1897.80     6.852	0.66544E+04
   1899.00     6.862	0.65966E+04
   1900.20     6.873	0.65292E+04
   1901.40     6.888	0.64368E+04
   1902.60     6.888	0.64393E+04
   1903.80     6.890	0.64284E+04
   1905.00     6.899	0.63717E+04
   1906.20     6.914	0.62893E+04
   1907.40     6.922	0.62399E+04
   1908.40     6.916	0.62741E+04
   1909.60     6.908	0.63212E+04
   1910.80     6.901	0.63598E+04
   1912.00     6.899	0.63756E+04
   1913.20     6.901	0.63624E+04
   1914.40     6.901	0.63598E+04
   1915.60     6.901	0.63601E+04
   1916.80     6.894	0.64028E+04
   1918.00     6.893	0.64088E+04
   1919.20     6.897	0.63869E+04
   1920.20     6.895	0.63984E+04
   1921.40     6.891	0.64210E+04
   1922.60     6.881	0.64832E+04
   1923.80     6.880	0.64875E+04
   1925.00     6.881	0.64810E+04
   1926.20     6.887	0.64453E+04
   1927.40     6.890	0.64279E+04
   1928.60     6.892	0.64155E+04
   1929.80     6.880	0.64870E+04
   1931.00     6.874	0.65224E+04
   1932.00     6.881	0.64812E+04
   1933.20     6.915	0.62834E+04
   1934.40     6.907	0.63275E+04
   1935.60     6.901	0.63628E+04
   1936.80     6.901	0.63599E+04
   1938.00     6.889	0.64298E+04
   1939.20     6.894	0.64053E+04
   1940.40     6.891	0.64230E+04
   1941.60     6.891	0.64192E+04
   1942.80     6.895	0.63985E+04
   1943.80     6.905	0.63386E+04
   1945.00     6.916	0.62749E+04
   1946.20     6.921	0.62470E+04
   1947.40     6.917	0.62695E+04
   1948.60     6.907	0.63291E+04
   1949.80     6.908	0.63199E+04
   1951.00     6.916	0.62758E+04
   1952.20     6.916	0.62776E+04
   1953.40     6.905	0.63363E+04
   1954.60     6.894	0.64042E+04
   1955.60     6.890	0.64258E+04
   1956.80     6.886	0.64477E+04
   1958.00     6.914	0.62837E+04
   1959.20     6.909	0.63126E+04
   1960.40     6.906	0.63334E+04
   1961.60     6.905	0.63411E+04
   1962.80     6.903	0.63499E+04
   1964.00     6.897	0.63860E+04
   1965.20     6.898	0.63807E+04
   1966.20     6.905	0.63405E+04
   1967.40     6.914	0.62873E+04
   1968.60     6.918	0.62655E+04
   1969.80     6.918	0.62619E+04
   1970.20     6.906	0.63325E+04
   1972.00     6.868	0.65590E+04
   1973.80     6.853	0.66476E+04
   1975.80     6.819	0.68592E+04
   1977.60     6.887	0.64457E+04
   1979.40     6.959	0.60307E+04
   1981.40     6.837	0.67476E+04
   1983.20     6.784	0.70892E+04
   1985.00     6.866	0.65714E+04
   1987.00     6.866	0.65733E+04
   1988.80     6.868	0.65608E+04
   1990.60     6.924	0.62262E+04
   1992.60     6.942	0.61268E+04
   1994.40     6.862	0.65952E+04
   1996.20     6.861	0.66021E+04
   1998.20     6.912	0.62980E+04
   2000.00     6.854	0.66458E+04
   2001.80     6.873	0.65277E+04
   2003.80     6.872	0.65364E+04
   2005.60     6.872	0.65336E+04
   2007.40     6.900	0.63708E+04
   2009.40     6.949	0.60889E+04
   2011.20     6.909	0.63165E+04
   2013.20     6.886	0.64492E+04
   2015.00     6.871	0.65424E+04
   2016.80     6.870	0.65452E+04
   2018.80     6.922	0.62424E+04
   2020.60     6.982	0.59072E+04
   2022.40     6.859	0.66120E+04
   2024.40     6.855	0.66388E+04
   2026.20     6.866	0.65703E+04
   2028.00     6.931	0.61891E+04
   2030.00     6.949	0.60856E+04
   2031.80     6.911	0.63021E+04
   2033.60     6.909	0.63126E+04
   2035.60     6.903	0.63513E+04
   2037.40     6.955	0.60529E+04
   2039.20     7.017	0.57192E+04
   2041.20     6.906	0.63342E+04
   2043.00     6.858	0.66196E+04
   2044.80     6.896	0.63898E+04
   2046.80     6.886	0.64532E+04
   2048.60     6.871	0.65384E+04
   2050.40     6.893	0.64077E+04
   2052.40     6.927	0.62122E+04
   2054.20     6.957	0.60434E+04
   2056.00     6.856	0.66317E+04
   2058.00     6.788	0.70595E+04
   2059.80     6.810	0.69184E+04
   2061.80     6.917	0.62681E+04
   2063.60     6.965	0.59961E+04
   2065.40     6.935	0.61636E+04
   2067.40     6.941	0.61314E+04
   2069.20     6.960	0.60284E+04
   2071.00     6.960	0.60241E+04
   2073.00     6.942	0.61269E+04
   2074.80     6.927	0.62144E+04
   2076.60     6.907	0.63299E+04
   2078.60     6.897	0.63836E+04
   2080.40     6.894	0.64041E+04
   2082.20     6.909	0.63181E+04
   2084.20     6.888	0.64369E+04
   2086.00     6.923	0.62347E+04
   2087.80     6.947	0.60974E+04
   2089.80     6.954	0.60576E+04
   2091.60     6.917	0.62670E+04
   2093.40     6.980	0.59168E+04
   2095.40     6.992	0.58513E+04
   2097.20     6.933	0.61779E+04
   2099.00     6.948	0.60923E+04
   2101.00     6.985	0.58875E+04
   2102.80     6.996	0.58279E+04
   2104.80     7.012	0.57451E+04
   2106.60     7.020	0.57026E+04
   2108.40     6.940	0.61394E+04
   2110.40     6.872	0.65372E+04
   2112.20     6.921	0.62459E+04
   2114.00     6.963	0.60116E+04
   2116.00     6.937	0.61570E+04
   2117.80     6.992	0.58495E+04
   2119.60     6.918	0.62650E+04
   2121.60     6.876	0.65110E+04
   2123.40     6.943	0.61207E+04
   2125.20     6.935	0.61651E+04
   2127.20     6.843	0.67094E+04
   2129.00     6.878	0.64960E+04
   2130.80     6.960	0.60256E+04
   2132.80     7.018	0.57142E+04
   2134.60     6.995	0.58341E+04
   2136.40     6.942	0.61277E+04
   2138.40     6.969	0.59768E+04
   2140.20     6.985	0.58859E+04
   2142.00     6.944	0.61150E+04
   2144.00     6.947	0.60976E+04
   2145.80     7.003	0.57908E+04
   2147.60     7.039	0.56037E+04
   2149.60     7.025	0.56756E+04
   2151.40     6.981	0.59075E+04
   2153.40     6.995	0.58336E+04
   2155.20     7.012	0.57444E+04
   2157.00     6.937	0.61574E+04
   2159.00     6.922	0.62415E+04
   2160.80     6.996	0.58271E+04
   2162.60     7.035	0.56250E+04
   2164.60     6.994	0.58408E+04
   2166.40     7.027	0.56655E+04
   2168.20     7.038	0.56081E+04
   2170.20     6.990	0.58596E+04
   2172.00     7.012	0.57462E+04
   2173.80     6.997	0.58243E+04
   2175.80     6.949	0.60864E+04
   2177.60     6.928	0.62035E+04
   2179.40     6.988	0.58715E+04
   2181.40     7.008	0.57659E+04
   2183.20     6.956	0.60493E+04
   2185.00     6.948	0.60899E+04
   2187.00     6.988	0.58731E+04
   2188.80     7.080	0.53960E+04
   2190.60     7.165	0.49900E+04
   2192.60     7.068	0.54549E+04
   2194.40     7.043	0.55826E+04
   2196.20     6.980	0.59178E+04
   2198.20     6.887	0.64457E+04
   2200.00     6.943	0.61234E+04
   2202.00     6.966	0.59921E+04
   2203.80     6.930	0.61965E+04
   2205.60     6.920	0.62507E+04
   2207.60     6.902	0.63588E+04
   2209.40     6.961	0.60197E+04
   2211.20     7.023	0.56869E+04
   2213.20     7.064	0.54740E+04
   2215.00     7.057	0.55127E+04
   2216.80     7.033	0.56325E+04
   2218.80     7.069	0.54518E+04
   2220.60     7.083	0.53793E+04
   2222.40     7.026	0.56722E+04
   2224.40     6.967	0.59851E+04
   2226.20     6.957	0.60402E+04
   2228.00     7.012	0.57418E+04
   2230.00     6.964	0.60022E+04
   2231.80     6.919	0.62584E+04
   2233.60     6.923	0.62336E+04
   2235.60     6.970	0.59731E+04
   2237.40     6.991	0.58543E+04
   2239.20     6.962	0.60137E+04
   2241.20     7.000	0.58077E+04
   2243.00     7.007	0.57710E+04
   2245.00     6.995	0.58361E+04
   2246.80     6.964	0.60010E+04
   2248.60     6.954	0.60602E+04
   2250.60     7.057	0.55091E+04
   2252.40     7.086	0.53662E+04
   2254.20     7.012	0.57455E+04
   2256.20     7.006	0.57746E+04
   2258.00     7.007	0.57704E+04
   2259.80     6.980	0.59161E+04
   2261.80     6.978	0.59270E+04
   2263.60     6.987	0.58803E+04
   2265.40     6.963	0.60087E+04
   2267.40     6.904	0.63422E+04
   2269.20     6.933	0.61791E+04
   2271.00     6.974	0.59473E+04
   2273.00     6.926	0.62172E+04
   2274.80     6.907	0.63242E+04
   2276.60     6.917	0.62669E+04
   2278.60     7.013	0.57411E+04
   2280.40     6.992	0.58506E+04
   2282.20     6.959	0.60288E+04
   2284.20     6.945	0.61117E+04
   2286.00     6.936	0.61616E+04
   2287.80     6.977	0.59298E+04
   2289.80     7.019	0.57093E+04
   2291.60     7.028	0.56622E+04
   2293.60     6.987	0.58799E+04
   2295.40     6.970	0.59698E+04
   2297.20     6.970	0.59682E+04
   2299.20     7.016	0.57228E+04
   2301.00     7.045	0.55734E+04
   2302.80     7.045	0.55730E+04
   2304.80     7.068	0.54556E+04
   2306.60     7.129	0.51580E+04
   2308.40     7.112	0.52365E+04
   2310.40     7.100	0.52963E+04
   2312.20     7.060	0.54941E+04
   2314.00     7.021	0.56967E+04
   2316.00     6.975	0.59443E+04
   2317.80     6.941	0.61322E+04
   2319.60     6.966	0.59950E+04
   2321.60     6.974	0.59505E+04
   2323.40     6.944	0.61129E+04
   2325.20     6.912	0.63002E+04
   2327.20     6.942	0.61285E+04
   2329.00     6.974	0.59492E+04
   2330.80     6.948	0.60953E+04
   2332.80     6.955	0.60530E+04
   2334.60     6.958	0.60386E+04
   2336.40     6.963	0.60084E+04
   2338.40     6.946	0.61014E+04
   2340.20     6.966	0.59912E+04
   2342.20     7.000	0.58061E+04
   2344.00     7.026	0.56726E+04
   2345.80     7.047	0.55607E+04
   2347.80     7.025	0.56750E+04
   2349.60     6.968	0.59839E+04
   2351.40     6.946	0.61038E+04
   2353.40     6.969	0.59767E+04
   2355.20     7.001	0.58029E+04
   2357.00     6.972	0.59572E+04
   2359.00     6.938	0.61494E+04
   2360.80     6.923	0.62371E+04
   2362.60     6.966	0.59906E+04
   2364.60     6.992	0.58488E+04
   2366.40     6.972	0.59586E+04
   2368.20     6.995	0.58346E+04
   2370.20     7.032	0.56403E+04
   2372.00     7.037	0.56131E+04
   2373.80     7.031	0.56431E+04
   2375.80     7.005	0.57831E+04
   2377.60     7.037	0.56105E+04
   2379.40     7.081	0.53912E+04
   2381.40     7.042	0.55853E+04
   2383.20     7.054	0.55263E+04
   2385.20     7.179	0.49267E+04
   2387.00     7.186	0.48918E+04
   2388.80     7.130	0.51546E+04
   2390.80     7.114	0.52280E+04
   2392.60     7.075	0.54185E+04
   2394.40     7.017	0.57165E+04
   2396.40     6.988	0.58697E+04
   2398.20     7.022	0.56888E+04
   2400.00     7.051	0.55393E+04
   2402.00     7.018	0.57105E+04
   2403.80     7.022	0.56904E+04
   2405.60     7.036	0.56171E+04
   2407.60     7.005	0.57819E+04
   2409.40     6.999	0.58110E+04
   2411.20     6.986	0.58829E+04
   2413.20     6.988	0.58716E+04
   2415.00     7.016	0.57202E+04
   2416.80     7.037	0.56149E+04
   2418.80     7.008	0.57642E+04
   2420.60     7.019	0.57090E+04
   2422.40     7.033	0.56357E+04
   2424.40     7.035	0.56236E+04
   2426.20     7.009	0.57601E+04
   2428.00     6.996	0.58305E+04
   2430.00     6.999	0.58156E+04
   2431.80     7.017	0.57181E+04
   2433.80     7.014	0.57350E+04
   2435.60     7.030	0.56494E+04
   2437.40     7.026	0.56696E+04
   2439.40     7.012	0.57436E+04
   2441.20     6.994	0.58423E+04
   2443.00     7.006	0.57752E+04
   2445.00     7.004	0.57863E+04
   2446.80     6.998	0.58186E+04
   2448.60     7.038	0.56099E+04
   2450.60     7.031	0.56462E+04
   2452.40     6.976	0.59369E+04
   2454.20     6.990	0.58621E+04
   2456.20     7.040	0.55961E+04
   2458.00     7.056	0.55156E+04
   2459.80     7.029	0.56569E+04
   2461.80     7.023	0.56875E+04
   2463.60     7.034	0.56272E+04
   2465.40     7.050	0.55484E+04
   2467.40     7.042	0.55882E+04
   2469.20     7.031	0.56428E+04
   2471.00     7.063	0.54778E+04
   2473.00     7.047	0.55621E+04
   2474.80     7.023	0.56862E+04
   2476.60     7.025	0.56750E+04
   2478.60     7.047	0.55634E+04
   2480.40     7.057	0.55090E+04
   2482.40     7.078	0.54067E+04
   2484.20     7.082	0.53828E+04
   2486.00     7.055	0.55210E+04
   2488.00     7.024	0.56797E+04
   2489.80     7.033	0.56334E+04
   2491.60     7.044	0.55763E+04
   2493.60     7.044	0.55768E+04
   2495.40     7.044	0.55770E+04
   2497.20     7.060	0.54958E+04
   2499.20     7.078	0.54026E+04
   2501.00     7.048	0.55567E+04
   2502.80     7.037	0.56124E+04
   2504.80     7.065	0.54684E+04
   2506.60     7.103	0.52804E+04
   2508.40     7.148	0.50684E+04
   2510.40     7.183	0.49046E+04
   2512.20     7.234	0.46829E+04
   2514.00     7.230	0.46983E+04
   2516.00     7.206	0.48055E+04
   2517.80     7.119	0.52036E+04
   2519.60     7.088	0.53577E+04
   2521.60     7.103	0.52838E+04
   2523.40     7.121	0.51974E+04
   2525.40     7.094	0.53281E+04
   2527.20     7.064	0.54758E+04
   2529.00     7.085	0.53705E+04
   2531.00     7.102	0.52850E+04
   2532.80     7.083	0.53820E+04
   2534.60     7.076	0.54147E+04
   2536.60     7.072	0.54349E+04
   2538.40     7.044	0.55746E+04
   2540.20     7.071	0.54375E+04
   2542.20     7.081	0.53922E+04
   2544.00     7.067	0.54626E+04
   2545.80     7.067	0.54610E+04
   2547.80     7.053	0.55330E+04
   2549.60     7.030	0.56505E+04
   2551.40     7.034	0.56289E+04
   2553.40     7.063	0.54818E+04
   2555.20     7.082	0.53842E+04
   2557.00     7.083	0.53805E+04
   2559.00     7.099	0.53017E+04
   2560.80     7.108	0.52587E+04
   2562.60     7.069	0.54518E+04
   2564.60     7.072	0.54328E+04
   2566.40     7.054	0.55276E+04
   2568.20     7.040	0.55993E+04
   2570.20     7.062	0.54847E+04
   2572.00     7.103	0.52802E+04
   2574.00     7.125	0.51768E+04
   2575.80     7.128	0.51629E+04
   2577.60     7.141	0.51016E+04
   2579.60     7.138	0.51143E+04
   2581.40     7.122	0.51896E+04
   2583.20     7.129	0.51558E+04
   2585.20     7.171	0.49609E+04
   2587.00     7.208	0.47962E+04
   2588.80     7.205	0.48083E+04
   2590.80     7.168	0.49744E+04
   2592.60     7.159	0.50149E+04
   2594.40     7.176	0.49364E+04
   2596.40     7.186	0.48915E+04
   2598.20     7.192	0.48665E+04
   2600.00     7.231	0.46961E+04
   2602.00     7.246	0.46316E+04
   2603.80     7.213	0.47731E+04
   2605.60     7.171	0.49607E+04
   2607.60     7.150	0.50571E+04
   2609.40     7.156	0.50325E+04
   2611.20     7.161	0.50061E+04
   2613.20     7.163	0.49983E+04
   2615.00     7.151	0.50548E+04
   2616.80     7.149	0.50624E+04
   2618.80     7.157	0.50236E+04
   2620.60     7.160	0.50136E+04
   2622.60     7.146	0.50761E+04
   2624.40     7.138	0.51168E+04
   2626.20     7.135	0.51276E+04
   2628.20     7.120	0.52011E+04
   2630.00     7.101	0.52897E+04
   2631.80     7.108	0.52556E+04
   2633.80     7.145	0.50800E+04
   2635.60     7.166	0.49862E+04
   2637.40     7.165	0.49867E+04
   2639.40     7.174	0.49495E+04
   2641.20     7.219	0.47469E+04
   2643.00     7.218	0.47527E+04
   2645.00     7.193	0.48608E+04
   2646.80     7.208	0.47931E+04
   2648.60     7.216	0.47596E+04
   2650.60     7.186	0.48922E+04
   2652.40     7.147	0.50704E+04
   2654.20     7.137	0.51181E+04
   2656.20     7.176	0.49398E+04
   2658.00     7.188	0.48825E+04
   2659.80     7.169	0.49699E+04
   2661.80     7.178	0.49317E+04
   2663.60     7.183	0.49075E+04
   2665.60     7.181	0.49156E+04
   2667.40     7.178	0.49287E+04
   2669.20     7.178	0.49301E+04
   2671.20     7.176	0.49401E+04
   2673.00     7.184	0.49033E+04
   2674.80     7.193	0.48608E+04
   2676.80     7.193	0.48635E+04
   2678.60     7.202	0.48225E+04
   2680.40     7.214	0.47678E+04
   2682.40     7.202	0.48199E+04
   2684.20     7.175	0.49419E+04
   2686.00     7.173	0.49525E+04
   2688.00     7.182	0.49095E+04
   2689.80     7.196	0.48472E+04
   2691.60     7.185	0.48996E+04
   2693.60     7.157	0.50253E+04
   2695.40     7.156	0.50294E+04
   2697.20     7.175	0.49418E+04
   2699.20     7.170	0.49637E+04
   2701.00     7.155	0.50351E+04
   2702.80     7.139	0.51080E+04
   2704.80     7.148	0.50658E+04
   2706.60     7.175	0.49451E+04
   2708.40     7.181	0.49144E+04
   2710.40     7.180	0.49210E+04
   2712.20     7.173	0.49523E+04
   2714.20     7.175	0.49449E+04
   2716.00     7.187	0.48906E+04
   2717.80     7.187	0.48884E+04
   2719.80     7.202	0.48219E+04
   2721.60     7.220	0.47417E+04
   2723.40     7.234	0.46800E+04
   2725.40     7.233	0.46848E+04
   2727.20     7.235	0.46790E+04
   2729.00     7.251	0.46096E+04
   2731.00     7.292	0.44392E+04
   2732.80     7.331	0.42827E+04
   2734.60     7.337	0.42599E+04
   2736.60     7.327	0.42986E+04
   2738.40     7.295	0.44266E+04
   2740.20     7.262	0.45624E+04
   2742.20     7.233	0.46849E+04
   2744.00     7.226	0.47169E+04
   2745.80     7.212	0.47772E+04
   2747.80     7.209	0.47896E+04
   2749.60     7.200	0.48288E+04
   2751.40     7.191	0.48722E+04
   2753.40     7.199	0.48352E+04
   2755.20     7.211	0.47837E+04
   2757.00     7.201	0.48273E+04
   2759.00     7.199	0.48342E+04
   2760.80     7.209	0.47887E+04
   2762.80     7.238	0.46635E+04
   2764.60     7.239	0.46592E+04
   2766.40     7.232	0.46882E+04
   2768.40     7.229	0.47019E+04
   2770.20     7.247	0.46253E+04
   2772.00     7.254	0.45958E+04
   2774.00     7.257	0.45850E+04
   2775.80     7.261	0.45679E+04
   2777.60     7.272	0.45221E+04
   2779.60     7.284	0.44719E+04
   2781.40     7.283	0.44763E+04
   2783.20     7.275	0.45073E+04
   2785.20     7.279	0.44899E+04
   2787.00     7.273	0.45176E+04
   2788.80     7.279	0.44924E+04
   2790.80     7.300	0.44050E+04
   2792.60     7.326	0.42997E+04
   2794.40     7.350	0.42062E+04
   2796.40     7.387	0.40669E+04
   2798.20     7.403	0.40061E+04
   2800.00     7.392	0.40468E+04
   2802.00     7.376	0.41075E+04
   2803.80     7.376	0.41062E+04
   2805.80     7.359	0.41713E+04
   2807.60     7.323	0.43131E+04
   2809.40     7.286	0.44617E+04
   2811.40     7.268	0.45354E+04
   2813.20     7.258	0.45814E+04
   2815.00     7.247	0.46239E+04
   2817.00     7.232	0.46908E+04
   2818.80     7.241	0.46523E+04
   2820.60     7.235	0.46784E+04
   2822.60     7.234	0.46813E+04
   2824.40     7.259	0.45731E+04
   2826.20     7.279	0.44907E+04
   2828.20     7.261	0.45659E+04
   2830.00     7.272	0.45194E+04
   2831.80     7.257	0.45833E+04
   2833.80     7.246	0.46305E+04
   2835.60     7.237	0.46692E+04
   2837.40     7.244	0.46372E+04
   2839.40     7.243	0.46422E+04
   2841.20     7.240	0.46577E+04
   2843.00     7.252	0.46035E+04
   2845.00     7.262	0.45623E+04
   2846.80     7.268	0.45373E+04
   2848.60     7.260	0.45709E+04
   2850.60     7.286	0.44617E+04
   2852.40     7.315	0.43435E+04
   2854.40     7.309	0.43688E+04
   2856.20     7.303	0.43950E+04
   2858.00     7.282	0.44791E+04
   2860.00     7.282	0.44809E+04
   2861.80     7.287	0.44590E+04
   2863.60     7.288	0.44535E+04
   2865.60     7.292	0.44374E+04
   2867.40     7.289	0.44512E+04
   2869.20     7.285	0.44649E+04
   2871.20     7.281	0.44831E+04
   2873.00     7.289	0.44491E+04
   2874.80     7.296	0.44232E+04
   2876.80     7.291	0.44428E+04
   2878.60     7.299	0.44109E+04
   2880.40     7.307	0.43773E+04
   2882.40     7.308	0.43736E+04
   2884.20     7.320	0.43233E+04
   2886.00     7.315	0.43453E+04
   2888.00     7.297	0.44171E+04
   2889.80     7.293	0.44347E+04
   2891.60     7.300	0.44069E+04
   2893.60     7.308	0.43713E+04
   2895.40     7.318	0.43341E+04
   2897.20     7.315	0.43456E+04
   2899.20     7.316	0.43394E+04
   2901.00     7.325	0.43067E+04
   2903.00     7.315	0.43454E+04
   2904.80     7.314	0.43501E+04
   2906.60     7.320	0.43256E+04
   2908.60     7.336	0.42611E+04
   2910.40     7.328	0.42925E+04
   2912.20     7.325	0.43055E+04
   2914.20     7.327	0.42967E+04
   2916.00     7.341	0.42435E+04
   2917.80     7.349	0.42101E+04
   2919.80     7.340	0.42452E+04
   2921.60     7.330	0.42853E+04
   2923.40     7.333	0.42719E+04
   2925.40     7.347	0.42197E+04
   2927.20     7.352	0.41992E+04
   2929.00     7.351	0.42036E+04
   2931.00     7.335	0.42662E+04
   2932.80     7.327	0.42956E+04
   2934.60     7.343	0.42338E+04
   2936.60     7.352	0.42012E+04
   2938.40     7.333	0.42737E+04
   2940.20     7.325	0.43072E+04
   2942.20     7.325	0.43067E+04
   2944.00     7.344	0.42319E+04
   2946.00     7.354	0.41912E+04
   2947.80     7.359	0.41743E+04
   2949.60     7.360	0.41691E+04
   2951.60     7.365	0.41487E+04
   2953.40     7.349	0.42123E+04
   2955.20     7.338	0.42539E+04
   2957.20     7.333	0.42747E+04
   2959.00     7.345	0.42283E+04
   2960.80     7.356	0.41833E+04
   2962.80     7.383	0.40824E+04
   2964.60     7.388	0.40627E+04
   2966.40     7.378	0.41004E+04
   2968.40     7.344	0.42321E+04
   2970.20     7.346	0.42228E+04
   2972.00     7.344	0.42303E+04
   2974.00     7.363	0.41559E+04
   2975.80     7.357	0.41817E+04
   2977.60     7.348	0.42157E+04
   2979.60     7.332	0.42793E+04
   2981.40     7.327	0.42958E+04
   2983.20     7.334	0.42687E+04
   2985.20     7.322	0.43173E+04
   2987.00     7.318	0.43313E+04
   2988.80     7.319	0.43309E+04
   2990.80     7.335	0.42662E+04
   2992.60     7.359	0.41714E+04
   2994.60     7.390	0.40552E+04
   2996.40     7.359	0.41723E+04
   2998.20     7.331	0.42799E+04
   3000.20     7.338	0.42539E+04
   3002.00     7.346	0.42222E+04
   3003.80     7.349	0.42126E+04
   3005.80     7.353	0.41944E+04
   3007.60     7.365	0.41511E+04
   3009.40     7.353	0.41963E+04
   3011.40     7.341	0.42405E+04
   3013.20     7.350	0.42077E+04
   3015.00     7.340	0.42465E+04
   3017.00     7.321	0.43198E+04
   3018.80     7.317	0.43373E+04
   3020.60     7.323	0.43145E+04
   3022.60     7.346	0.42216E+04
   3024.40     7.361	0.41661E+04
   3026.20     7.355	0.41885E+04
   3028.20     7.342	0.42381E+04
   3030.00     7.339	0.42507E+04
   3031.80     7.329	0.42881E+04
   3033.80     7.336	0.42621E+04
   3035.60     7.340	0.42446E+04
   3037.40     7.330	0.42848E+04
   3039.40     7.315	0.43465E+04
   3041.20     7.310	0.43650E+04
   3043.20     7.301	0.44002E+04
   3045.00     7.321	0.43205E+04
   3046.80     7.333	0.42727E+04
   3048.80     7.341	0.42412E+04
   3050.60     7.362	0.41601E+04
   3052.40     7.369	0.41355E+04
   3054.40     7.357	0.41798E+04
   3056.20     7.347	0.42170E+04
   3058.00     7.351	0.42016E+04
   3060.00     7.360	0.41680E+04
   3061.80     7.396	0.40345E+04
   3063.60     7.405	0.39984E+04
   3065.60     7.385	0.40735E+04
   3067.40     7.350	0.42079E+04
   3069.20     7.344	0.42290E+04
   3071.20     7.354	0.41917E+04
   3073.00     7.363	0.41565E+04
   3074.80     7.370	0.41314E+04
   3076.80     7.372	0.41222E+04
   3078.60     7.389	0.40582E+04
   3080.40     7.404	0.40037E+04
   3082.40     7.392	0.40468E+04
   3084.20     7.368	0.41368E+04
   3086.20     7.391	0.40507E+04
   3088.00     7.405	0.40001E+04
   3089.80     7.371	0.41276E+04
   3091.80     7.348	0.42135E+04
   3093.60     7.377	0.41048E+04
   3095.40     7.411	0.39767E+04
   3097.40     7.433	0.38993E+04
   3099.20     7.415	0.39613E+04
   3101.00     7.385	0.40740E+04
   3103.00     7.373	0.41202E+04
   3104.80     7.358	0.41747E+04
   3106.60     7.351	0.42032E+04
   3108.60     7.356	0.41841E+04
   3110.40     7.370	0.41302E+04
   3112.20     7.396	0.40332E+04
   3114.20     7.415	0.39637E+04
   3116.00     7.416	0.39595E+04
   3117.80     7.383	0.40795E+04
   3119.80     7.381	0.40874E+04
   3121.60     7.376	0.41089E+04
   3123.40     7.371	0.41250E+04
   3125.40     7.394	0.40391E+04
   3127.20     7.407	0.39907E+04
   3129.00     7.380	0.40911E+04
   3131.00     7.365	0.41513E+04
   3132.80     7.370	0.41295E+04
   3134.80     7.375	0.41098E+04
   3136.60     7.384	0.40780E+04
   3138.40     7.391	0.40523E+04
   3140.40     7.400	0.40163E+04
   3142.20     7.409	0.39834E+04
   3144.00     7.414	0.39655E+04
   3146.00     7.424	0.39302E+04
   3147.80     7.412	0.39751E+04
   3149.60     7.409	0.39860E+04
   3151.60     7.389	0.40603E+04
   3153.40     7.374	0.41137E+04
   3155.20     7.374	0.41138E+04
   3157.20     7.374	0.41163E+04
   3159.00     7.381	0.40894E+04
   3160.80     7.389	0.40579E+04
   3162.80     7.409	0.39850E+04
   3164.60     7.399	0.40204E+04
   3166.40     7.394	0.40404E+04
   3168.40     7.400	0.40164E+04
   3170.20     7.415	0.39636E+04
   3172.00     7.423	0.39326E+04
   3174.00     7.434	0.38946E+04
   3175.80     7.454	0.38222E+04
   3177.60     7.459	0.38056E+04
   3179.60     7.462	0.37957E+04
   3181.40     7.446	0.38513E+04
   3183.40     7.417	0.39572E+04
   3185.20     7.409	0.39856E+04
   3187.00     7.406	0.39965E+04
   3189.00     7.393	0.40420E+04
   3190.80     7.396	0.40310E+04
   3192.60     7.393	0.40457E+04
   3194.60     7.384	0.40767E+04
   3196.40     7.390	0.40554E+04
   3198.20     7.452	0.38300E+04
   3205.30     7.482	0.37272E+04
   3210.65     7.485	0.37145E+04
   3216.01     7.487	0.37085E+04
   3221.38     7.488	0.37047E+04
   3226.75     7.489	0.37008E+04
   3232.14     7.490	0.36970E+04
   3237.53     7.492	0.36923E+04
   3242.94     7.496	0.36784E+04
   3248.35     7.500	0.36646E+04
   3253.77     7.504	0.36507E+04
   3259.20     7.508	0.36369E+04
   3264.64     7.511	0.36266E+04
   3270.09     7.513	0.36200E+04
   3275.55     7.515	0.36134E+04
   3281.02     7.517	0.36067E+04
   3286.50     7.519	0.36002E+04
   3291.98     7.522	0.35912E+04
   3297.48     7.525	0.35820E+04
   3302.98     7.527	0.35728E+04
   3308.50     7.530	0.35636E+04
   3314.02     7.533	0.35541E+04
   3319.55     7.536	0.35443E+04
   3325.09     7.539	0.35344E+04
   3330.64     7.542	0.35245E+04
   3336.20     7.545	0.35146E+04
   3341.77     7.548	0.35073E+04
   3347.35     7.550	0.35005E+04
   3352.93     7.552	0.34937E+04
   3358.53     7.554	0.34869E+04
   3364.14     7.556	0.34798E+04
   3369.75     7.558	0.34725E+04
   3375.38     7.561	0.34652E+04
   3381.01     7.563	0.34578E+04
   3386.66     7.565	0.34505E+04
   3392.31     7.568	0.34419E+04
   3397.97     7.571	0.34334E+04
   3403.64     7.573	0.34247E+04
   3409.32     7.576	0.34161E+04
   3415.01     7.579	0.34082E+04
   3420.72     7.581	0.34013E+04
   3426.43     7.583	0.33943E+04
   3432.15     7.585	0.33873E+04
   3437.87     7.588	0.33802E+04
   3443.61     7.590	0.33729E+04
   3449.36     7.592	0.33655E+04
   3455.12     7.595	0.33582E+04
   3460.89     7.597	0.33508E+04
   3466.66     7.600	0.33434E+04
   3472.45     7.602	0.33361E+04
   3478.25     7.604	0.33287E+04
   3484.05     7.607	0.33213E+04
   3489.87     7.609	0.33137E+04
   3495.69     7.612	0.33057E+04
   3501.53     7.614	0.32978E+04
   3507.37     7.617	0.32898E+04
   3513.23     7.620	0.32820E+04
   3519.09     7.622	0.32743E+04
   3524.97     7.625	0.32666E+04
   3530.85     7.627	0.32590E+04
   3536.74     7.630	0.32512E+04
   3542.65     7.633	0.32409E+04
   3548.56     7.637	0.32304E+04
   3554.48     7.640	0.32200E+04
   3560.42     7.644	0.32095E+04
   3566.36     7.647	0.32004E+04
   3572.31     7.650	0.31919E+04
   3578.27     7.653	0.31833E+04
   3584.25     7.656	0.31747E+04
   3590.23     7.659	0.31662E+04
   3596.22     7.662	0.31579E+04
   3602.23     7.664	0.31495E+04
   3608.24     7.667	0.31411E+04
   3614.26     7.670	0.31326E+04
   3620.29     7.673	0.31240E+04
   3626.34     7.676	0.31155E+04
   3632.39     7.679	0.31068E+04
   3638.46     7.681	0.31003E+04
   3644.53     7.683	0.30971E+04
   3650.61     7.684	0.30939E+04
   3656.71     7.685	0.30906E+04
   3662.81     7.687	0.30858E+04
   3668.92     7.690	0.30773E+04
   3675.05     7.693	0.30689E+04
   3681.18     7.696	0.30604E+04
   3687.33     7.699	0.30510E+04
   3693.48     7.708	0.30253E+04
   3699.65     7.717	0.29996E+04
   3705.82     7.727	0.29738E+04
   3712.01     7.736	0.29480E+04
   3718.20     7.733	0.29565E+04
   3724.41     7.730	0.29650E+04
   3730.63     7.727	0.29736E+04
   3736.85     7.724	0.29820E+04
   3743.09     7.733	0.29557E+04
   3749.34     7.743	0.29285E+04
   3755.60     7.754	0.29013E+04
   3761.87     7.764	0.28740E+04
   3768.15     7.754	0.28997E+04
   3774.44     7.744	0.29265E+04
   3780.74     7.734	0.29534E+04
   3787.05     7.724	0.29801E+04
   3793.37     7.720	0.29911E+04
   3799.70     7.716	0.30020E+04
   3806.04     7.712	0.30130E+04
   3812.40     7.710	0.30213E+04
   3818.76     7.721	0.29891E+04
   3825.14     7.733	0.29568E+04
   3831.52     7.745	0.29244E+04
   3837.92     7.753	0.29022E+04
   3844.32     7.739	0.29417E+04
   3850.74     7.724	0.29811E+04
   3857.17     7.710	0.30207E+04
   3863.60     7.705	0.30349E+04
   3870.05     7.727	0.29730E+04
   3876.51     7.750	0.29108E+04
   3882.98     7.773	0.28485E+04
   3889.47     7.781	0.28279E+04
   3895.96     7.763	0.28758E+04
   3902.46     7.745	0.29235E+04
   3908.98     7.728	0.29713E+04
   3915.50     7.720	0.29912E+04
   3922.04     7.722	0.29868E+04
   3928.58     7.724	0.29824E+04
   3935.14     7.725	0.29781E+04
   3941.71     7.742	0.29322E+04
   3948.29     7.765	0.28697E+04
   3954.88     7.789	0.28070E+04
   3961.48     7.814	0.27443E+04
   3968.09     7.801	0.27772E+04
   3974.72     7.785	0.28183E+04
   3981.35     7.769	0.28596E+04
   3988.00     7.756	0.28943E+04
   3994.65     7.757	0.28920E+04
   4001.32     7.758	0.28898E+04
   4008.00     7.759	0.28875E+04
   4014.69     7.761	0.28813E+04
   4021.39     7.766	0.28694E+04
   4028.10     7.770	0.28575E+04
   4034.83     7.775	0.28455E+04
   4041.56     7.777	0.28390E+04
   4048.31     7.779	0.28352E+04
   4055.07     7.780	0.28314E+04
   4061.84     7.781	0.28275E+04
   4068.62     7.790	0.28055E+04
   4075.41     7.799	0.27830E+04
   4082.21     7.808	0.27604E+04
   4089.02     7.819	0.27327E+04
   4095.85     7.834	0.26932E+04
   4102.69     7.850	0.26536E+04
   4109.54     7.867	0.26139E+04
   4116.40     7.862	0.26259E+04
   4123.27     7.845	0.26667E+04
   4130.15     7.828	0.27078E+04
   4137.04     7.812	0.27485E+04
   4143.95     7.814	0.27436E+04
   4150.87     7.816	0.27387E+04
   4157.79     7.818	0.27339E+04
   4164.73     7.821	0.27274E+04
   4171.69     7.824	0.27185E+04
   4178.65     7.828	0.27096E+04
   4185.62     7.831	0.27008E+04
   4192.61     7.834	0.26933E+04
   4199.61     7.837	0.26862E+04
   4206.62     7.840	0.26790E+04
   4213.64     7.843	0.26722E+04
   4220.67     7.845	0.26658E+04
   4227.72     7.848	0.26595E+04
   4234.78     7.851	0.26531E+04
   4241.85     7.854	0.26445E+04
   4248.93     7.858	0.26348E+04
   4256.02     7.862	0.26251E+04
   4263.12     7.866	0.26157E+04
   4270.24     7.869	0.26082E+04
   4277.37     7.872	0.26006E+04
   4284.51     7.875	0.25931E+04
   4291.66     7.879	0.25840E+04
   4298.82     7.883	0.25741E+04
   4306.00     7.888	0.25642E+04
   4313.19     7.895	0.25461E+04
   4320.38     7.921	0.24867E+04
   4327.60     7.947	0.24270E+04
   4334.82     7.974	0.23674E+04
   4342.06     7.968	0.23813E+04
   4349.30     7.947	0.24273E+04
   4356.56     7.927	0.24732E+04
   4363.84     7.913	0.25060E+04
   4371.12     7.915	0.24998E+04
   4378.42     7.918	0.24937E+04
   4385.73     7.921	0.24875E+04
   4393.04     7.923	0.24829E+04
   4400.38     7.925	0.24785E+04
   4407.72     7.926	0.24742E+04
   4415.08     7.929	0.24692E+04
   4422.45     7.931	0.24636E+04
   4429.83     7.934	0.24578E+04
   4437.23     7.936	0.24520E+04
   4444.63     7.941	0.24418E+04
   4452.05     7.945	0.24317E+04
   4459.48     7.950	0.24215E+04
   4466.93     7.952	0.24163E+04
   4474.38     7.953	0.24138E+04
   4481.85     7.954	0.24113E+04
   4489.33     7.956	0.24076E+04
   4496.83     7.959	0.24009E+04
   4504.33     7.962	0.23942E+04
   4511.85     7.965	0.23877E+04
   4519.38     7.969	0.23787E+04
   4526.93     7.973	0.23697E+04
   4534.48     7.977	0.23607E+04
   4542.05     7.980	0.23552E+04
   4549.63     7.982	0.23513E+04
   4557.23     7.984	0.23474E+04
   4564.84     7.986	0.23427E+04
   4572.46     7.989	0.23363E+04
   4580.09     7.992	0.23300E+04
   4587.73     7.995	0.23236E+04
   4595.39     7.998	0.23163E+04
   4603.06     8.001	0.23092E+04
   4610.75     8.005	0.23019E+04
   4618.44     8.012	0.22861E+04
   4626.15     8.021	0.22688E+04
   4633.87     8.029	0.22514E+04
   4641.61     8.034	0.22410E+04
   4649.35     8.037	0.22356E+04
   4657.12     8.039	0.22300E+04
   4664.89     8.041	0.22255E+04
   4672.68     8.043	0.22224E+04
   4680.48     8.044	0.22193E+04
   4688.29     8.046	0.22168E+04
   4696.12     8.045	0.22172E+04
   4703.95     8.045	0.22176E+04
   4711.81     8.045	0.22180E+04
   4719.67     8.047	0.22151E+04
   4727.55     8.048	0.22121E+04
   4735.44     8.050	0.22090E+04
   4743.34     8.052	0.22035E+04
   4751.26     8.055	0.21975E+04
   4759.19     8.058	0.21915E+04
   4767.14     8.061	0.21851E+04
   4775.09     8.064	0.21788E+04
   4783.06     8.068	0.21723E+04
   4791.05     8.071	0.21653E+04
   4799.05     8.075	0.21581E+04
   4807.06     8.079	0.21507E+04
   4815.08     8.082	0.21436E+04
   4823.12     8.085	0.21373E+04
   4831.17     8.089	0.21308E+04
   4839.23     8.099	0.21115E+04
   4847.31     8.126	0.20583E+04
   4855.40     8.155	0.20050E+04
   4863.51     8.174	0.19692E+04
   4871.62     8.151	0.20111E+04
   4879.76     8.129	0.20529E+04
   4887.90     8.110	0.20892E+04
   4896.06     8.114	0.20812E+04
   4904.23     8.118	0.20731E+04
   4912.42     8.122	0.20654E+04
   4920.62     8.123	0.20635E+04
   4928.83     8.125	0.20615E+04
   4937.06     8.126	0.20596E+04
   4945.30     8.129	0.20535E+04
   4953.56     8.132	0.20475E+04
   4961.83     8.135	0.20414E+04
   4970.11     8.138	0.20359E+04
   4978.40     8.141	0.20303E+04
   4986.71     8.144	0.20248E+04
   4995.04     8.148	0.20170E+04
   5003.38     8.152	0.20091E+04
   5011.73     8.157	0.20012E+04
   5020.09     8.161	0.19934E+04
   5028.47     8.164	0.19871E+04
   5036.87     8.167	0.19830E+04
   5045.27     8.169	0.19789E+04
   5053.69     8.171	0.19748E+04
   5062.13     8.173	0.19708E+04
   5070.58     8.176	0.19666E+04
   5079.04     8.178	0.19618E+04
   5087.52     8.181	0.19562E+04
   5096.01     8.185	0.19506E+04
   5104.52     8.188	0.19449E+04
   5113.04     8.191	0.19394E+04
   5121.58     8.194	0.19337E+04
   5130.12     8.197	0.19283E+04
   5138.69     8.200	0.19229E+04
   5147.27     8.203	0.19176E+04
   5155.86     8.206	0.19122E+04
   5164.46     8.209	0.19069E+04
   5173.08     8.212	0.19015E+04
   5181.72     8.215	0.18961E+04
   5190.37     8.218	0.18906E+04
   5199.03     8.222	0.18852E+04
   5207.71     8.225	0.18797E+04
   5216.40     8.228	0.18742E+04
   5225.11     8.231	0.18687E+04
   5233.83     8.234	0.18633E+04
   5242.57     8.238	0.18577E+04
   5251.32     8.241	0.18523E+04
   5260.08     8.244	0.18468E+04
   5268.87     8.247	0.18413E+04
   5277.66     8.250	0.18359E+04
   5286.47     8.253	0.18311E+04
   5295.29     8.256	0.18261E+04
   5304.13     8.259	0.18212E+04
   5312.99     8.262	0.18162E+04
   5321.85     8.265	0.18113E+04
   5330.74     8.268	0.18063E+04
   5339.64     8.271	0.18011E+04
   5348.55     8.274	0.17961E+04
   5357.48     8.277	0.17909E+04
   5366.42     8.280	0.17858E+04
   5375.38     8.284	0.17806E+04
   5384.35     8.287	0.17745E+04
   5393.34     8.291	0.17683E+04
   5402.34     8.295	0.17622E+04
   5411.36     8.299	0.17561E+04
   5420.39     8.302	0.17499E+04
   5429.44     8.306	0.17449E+04
   5438.50     8.308	0.17410E+04
   5447.58     8.310	0.17370E+04
   5456.67     8.313	0.17330E+04
   5465.78     8.315	0.17291E+04
   5474.90     8.318	0.17251E+04
   5484.04     8.321	0.17202E+04
   5493.20     8.324	0.17152E+04
   5502.37     8.327	0.17103E+04
   5511.55     8.330	0.17053E+04
   5520.75     8.334	0.17004E+04
   5529.97     8.337	0.16953E+04
   5539.20     8.340	0.16904E+04
   5548.44     8.343	0.16853E+04
   5557.71     8.347	0.16803E+04
   5566.98     8.350	0.16752E+04
   5576.27     8.353	0.16703E+04
   5585.58     8.356	0.16658E+04
   5594.91     8.359	0.16612E+04
   5604.25     8.362	0.16566E+04
   5613.60     8.365	0.16520E+04
   5622.97     8.368	0.16475E+04
   5632.36     8.371	0.16421E+04
   5641.76     8.375	0.16365E+04
   5651.17     8.379	0.16308E+04
   5660.61     8.383	0.16253E+04
   5670.06     8.386	0.16196E+04
   5679.52     8.390	0.16150E+04
   5689.00     8.392	0.16115E+04
   5698.50     8.394	0.16079E+04
   5708.01     8.397	0.16044E+04
   5717.54     8.399	0.16008E+04
   5727.08     8.402	0.15970E+04
   5736.64     8.405	0.15927E+04
   5746.22     8.408	0.15883E+04
   5755.81     8.411	0.15838E+04
   5765.42     8.414	0.15795E+04
   5775.04     8.417	0.15750E+04
   5784.68     8.420	0.15699E+04
   5794.34     8.424	0.15648E+04
   5804.01     8.427	0.15597E+04
   5813.70     8.431	0.15545E+04
   5823.40     8.435	0.15494E+04
   5833.12     8.439	0.15435E+04
   5842.86     8.443	0.15375E+04
   5852.61     8.447	0.15314E+04
   5862.38     8.452	0.15254E+04
   5872.17     8.456	0.15193E+04
   5881.97     8.459	0.15156E+04
   5891.79     8.460	0.15129E+04
   5901.62     8.462	0.15101E+04
   5911.47     8.464	0.15074E+04
   5921.34     8.466	0.15047E+04
   5931.22     8.469	0.15010E+04
   5941.12     8.472	0.14966E+04
   5951.04     8.475	0.14923E+04
   5960.97     8.479	0.14879E+04
   5970.92     8.482	0.14836E+04
   5980.89     8.485	0.14788E+04
   5990.87     8.489	0.14737E+04
   6000.87     8.493	0.14687E+04
   6010.89     8.496	0.14636E+04
   6020.92     8.500	0.14585E+04
   6030.97     8.503	0.14543E+04
   6041.04     8.506	0.14509E+04
   6051.12     8.508	0.14475E+04
   6061.23     8.511	0.14439E+04
   6071.34     8.514	0.14404E+04
   6081.48     8.517	0.14364E+04
   6091.63     8.520	0.14319E+04
   6101.80     8.524	0.14275E+04
   6111.98     8.527	0.14229E+04
   6122.19     8.530	0.14185E+04
   6132.40     8.534	0.14145E+04
   6142.64     8.536	0.14107E+04
   6152.89     8.539	0.14069E+04
   6163.16     8.542	0.14031E+04
   6173.45     8.545	0.13992E+04
   6183.76     8.549	0.13950E+04
   6194.08     8.552	0.13908E+04
   6204.42     8.555	0.13865E+04
   6214.77     8.559	0.13823E+04
   6225.15     8.562	0.13780E+04
   6235.54     8.565	0.13736E+04
   6245.95     8.569	0.13690E+04
   6256.37     8.572	0.13646E+04
   6266.82     8.576	0.13601E+04
   6277.28     8.579	0.13558E+04
   6287.75     8.582	0.13526E+04
   6298.25     8.585	0.13493E+04
   6308.76     8.587	0.13460E+04
   6319.29     8.590	0.13427E+04
   6329.84     8.593	0.13393E+04
   6340.41     8.596	0.13355E+04
   6350.99     8.599	0.13318E+04
   6361.59     8.602	0.13281E+04
   6372.21     8.605	0.13244E+04
   6382.85     8.608	0.13204E+04
   6393.50     8.612	0.13163E+04
   6404.17     8.615	0.13121E+04
   6414.87     8.618	0.13080E+04
   6425.57     8.622	0.13039E+04
   6436.30     8.625	0.13002E+04
   6447.04     8.628	0.12965E+04
   6457.80     8.631	0.12927E+04
   6468.58     8.634	0.12891E+04
   6479.38     8.638	0.12852E+04
   6490.20     8.641	0.12808E+04
   6501.03     8.645	0.12764E+04
   6511.88     8.649	0.12721E+04
   6522.75     8.652	0.12677E+04
   6533.64     8.661	0.12572E+04
   6544.54     8.672	0.12450E+04
   6555.47     8.683	0.12328E+04
   6566.41     8.694	0.12206E+04
   6577.37     8.701	0.12122E+04
   6588.35     8.696	0.12176E+04
   6599.35     8.692	0.12229E+04
   6610.36     8.687	0.12283E+04
   6621.40     8.682	0.12337E+04
   6632.45     8.684	0.12319E+04
   6643.52     8.688	0.12267E+04
   6654.61     8.693	0.12215E+04
   6665.72     8.697	0.12162E+04
   6676.85     8.702	0.12115E+04
   6687.99     8.704	0.12090E+04
   6699.15     8.706	0.12065E+04
   6710.34     8.708	0.12039E+04
   6721.54     8.711	0.12014E+04
   6732.76     8.713	0.11985E+04
   6744.00     8.716	0.11955E+04
   6755.25     8.719	0.11924E+04
   6766.53     8.722	0.11894E+04
   6777.82     8.725	0.11863E+04
   6789.14     8.728	0.11828E+04
   6800.47     8.731	0.11794E+04
   6811.82     8.734	0.11759E+04
   6823.19     8.737	0.11724E+04
   6834.58     8.741	0.11686E+04
   6845.99     8.744	0.11647E+04
   6857.42     8.748	0.11606E+04
   6868.86     8.752	0.11567E+04
   6880.33     8.755	0.11532E+04
   6891.81     8.758	0.11501E+04
   6903.32     8.761	0.11471E+04
   6914.84     8.764	0.11441E+04
   6926.38     8.767	0.11410E+04
   6937.94     8.770	0.11376E+04
   6949.52     8.773	0.11343E+04
   6961.12     8.776	0.11310E+04
   6972.75     8.780	0.11275E+04
   6984.38     8.783	0.11243E+04
   6996.04     8.786	0.11210E+04
   7007.72     8.789	0.11176E+04
   7019.42     8.792	0.11143E+04
   7031.13     8.796	0.11105E+04
   7042.87     8.800	0.11061E+04
   7054.63     8.805	0.11019E+04
   7066.40     8.809	0.10976E+04
   7078.20     8.813	0.10936E+04
   7090.01     8.816	0.10909E+04
   7101.85     8.818	0.10882E+04
   7113.70     8.821	0.10854E+04
   7125.58     8.824	0.10826E+04
   7137.47     8.827	0.10799E+04
   7149.38     8.829	0.10771E+04
   7161.32     8.833	0.10738E+04
   7173.27     8.836	0.10706E+04
   7185.25     8.839	0.10674E+04
   7197.24     8.842	0.10642E+04
   7209.25     8.846	0.10609E+04
   7221.29     8.849	0.10576E+04
   7233.34     8.853	0.10544E+04
   7245.42     8.856	0.10510E+04
   7257.51     8.859	0.10480E+04
   7269.62     8.862	0.10451E+04
   7281.76     8.865	0.10422E+04
   7293.91     8.868	0.10392E+04
   7306.09     8.871	0.10363E+04
   7318.28     8.874	0.10333E+04
   7330.50     8.878	0.10303E+04
   7342.73     8.881	0.10274E+04
   7354.99     8.884	0.10244E+04
   7367.27     8.887	0.10213E+04
   7379.57     8.890	0.10181E+04
   7391.88     8.894	0.10150E+04
   7404.22     8.897	0.10120E+04
   7416.58     8.900	0.10088E+04
   7428.96     8.904	0.10057E+04
   7441.36     8.907	0.10026E+04
   7453.78     8.911	0.99944E+03
   7466.23     8.914	0.99636E+03
   7478.69     8.917	0.99328E+03
   7491.17     8.921	0.99021E+03
   7503.68     8.924	0.98712E+03
   7516.20     8.927	0.98403E+03
   7528.75     8.931	0.98092E+03
   7541.31     8.934	0.97782E+03
   7553.90     8.938	0.97480E+03
   7566.51     8.941	0.97196E+03
   7579.14     8.944	0.96910E+03
   7591.79     8.947	0.96626E+03
   7604.46     8.950	0.96340E+03
   7617.16     8.954	0.96054E+03
   7629.87     8.957	0.95767E+03
   7642.61     8.960	0.95480E+03
   7655.37     8.963	0.95197E+03
   7668.15     8.967	0.94921E+03
   7680.94     8.970	0.94643E+03
   7693.77     8.973	0.94365E+03
   7706.61     8.976	0.94087E+03
   7719.47     8.979	0.93808E+03
   7732.36     8.983	0.93528E+03
   7745.26     8.986	0.93249E+03
   7758.19     8.989	0.92973E+03
   7771.14     8.992	0.92698E+03
   7784.12     8.996	0.92423E+03
   7797.11     8.999	0.92147E+03
   7810.12     9.002	0.91870E+03
   7823.16     9.005	0.91594E+03
   7836.22     9.009	0.91316E+03
   7849.30     9.012	0.91038E+03
   7862.40     9.015	0.90768E+03
   7875.52     9.018	0.90497E+03
   7888.67     9.022	0.90226E+03
   7901.84     9.025	0.89955E+03
   7915.03     9.028	0.89682E+03
   7928.24     9.032	0.89410E+03
   7941.47     9.035	0.89137E+03
   7954.73     9.038	0.88868E+03
   7968.01     9.041	0.88602E+03
   7981.31     9.045	0.88338E+03
   7994.63     9.048	0.88072E+03
   8007.98     9.051	0.87805E+03
   8021.34     9.054	0.87539E+03
   8034.73     9.058	0.87272E+03
   8048.14     9.061	0.87005E+03
   8061.58     9.064	0.86737E+03
   8075.03     9.068	0.86469E+03
   8088.51     9.071	0.86199E+03
   8102.02     9.075	0.85930E+03
   8115.54     9.078	0.85659E+03
   8129.08     9.082	0.85388E+03
   8142.65     9.085	0.85117E+03
   8156.25     9.088	0.84851E+03
   8169.86     9.092	0.84597E+03
   8183.50     9.095	0.84342E+03
   8197.16     9.098	0.84087E+03
   8210.84     9.101	0.83831E+03
   8224.55     9.105	0.83575E+03
   8238.27     9.108	0.83319E+03
   8252.03     9.112	0.83061E+03
   8265.80     9.115	0.82832E+03
   8279.60     9.118	0.82600E+03
   8293.42     9.121	0.82368E+03
   8307.26     9.124	0.82136E+03
   8321.13     9.127	0.81904E+03
   8335.02     9.130	0.81672E+03
   8348.93     9.133	0.81438E+03
   8362.87     9.136	0.81201E+03
   8376.83     9.139	0.80963E+03
   8390.81     9.142	0.80726E+03
   8404.82     9.146	0.80488E+03
   8418.84     9.149	0.80248E+03
   8432.90     9.152	0.80009E+03
   8446.97     9.155	0.79770E+03
   8461.07     9.159	0.79496E+03
   8475.20     9.163	0.79212E+03
   8489.34     9.167	0.78929E+03
   8503.51     9.171	0.78644E+03
   8517.71     9.175	0.78359E+03
   8531.93     9.179	0.78075E+03
   8546.17     9.183	0.77789E+03
   8560.43     9.186	0.77521E+03
   8574.72     9.190	0.77260E+03
   8589.04     9.194	0.76999E+03
   8603.37     9.197	0.76737E+03
   8617.73     9.201	0.76474E+03
   8632.12     9.205	0.76210E+03
   8646.53     9.209	0.75947E+03
   8660.96     9.212	0.75741E+03
   8675.42     9.214	0.75553E+03
   8689.90     9.217	0.75363E+03
   8704.40     9.220	0.75175E+03
   8718.93     9.223	0.74985E+03
   8733.49     9.225	0.74795E+03
   8748.06     9.228	0.74606E+03
   8762.67     9.232	0.74357E+03
   8777.29     9.235	0.74100E+03
   8791.95     9.239	0.73843E+03
   8806.62     9.243	0.73584E+03
   8821.32     9.247	0.73326E+03
   8836.04     9.251	0.73066E+03
   8850.79     9.254	0.72820E+03
   8865.57     9.255	0.72800E+03
   8880.37     9.255	0.72780E+03
   8895.19     9.255	0.72759E+03
   8910.04     9.256	0.72739E+03
   8924.91     9.256	0.72719E+03
   8939.81     9.256	0.72698E+03
   8954.73     9.258	0.72553E+03
   8969.68     9.265	0.72141E+03
   8984.65     9.271	0.71727E+03
   8999.65     9.277	0.71315E+03
   9014.67     9.283	0.70899E+03
   9029.72     9.290	0.70485E+03
   9044.79     9.296	0.70068E+03
   9059.89     9.298	0.69921E+03
   9075.01     9.299	0.69917E+03
   9090.16     9.299	0.69912E+03
   9105.33     9.299	0.69906E+03
   9120.53     9.299	0.69901E+03
   9135.75     9.299	0.69897E+03
   9151.00     9.299	0.69862E+03
   9166.28     9.307	0.69401E+03
   9181.58     9.314	0.68940E+03
   9196.91     9.321	0.68478E+03
   9212.26     9.328	0.68015E+03
   9227.63     9.336	0.67551E+03
   9243.04     9.343	0.67087E+03
   9258.47     9.347	0.66890E+03
   9273.92     9.346	0.66912E+03
   9289.40     9.346	0.66935E+03
   9304.91     9.345	0.66959E+03
   9320.44     9.345	0.66982E+03
   9336.00     9.345	0.67005E+03
   9351.58     9.345	0.67006E+03
   9367.19     9.348	0.66813E+03
   9382.83     9.351	0.66621E+03
   9398.49     9.354	0.66428E+03
   9414.18     9.357	0.66234E+03
   9429.89     9.360	0.66041E+03
   9445.63     9.364	0.65846E+03
   9461.40     9.370	0.65469E+03
   9477.19     9.377	0.65024E+03
   9493.01     9.385	0.64576E+03
   9508.86     9.392	0.64129E+03
   9524.73     9.400	0.63679E+03
   9540.63     9.408	0.63230E+03
   9556.55     9.412	0.62984E+03
   9572.50     9.411	0.63032E+03
   9588.48     9.410	0.63080E+03
   9604.49     9.409	0.63130E+03
   9620.52     9.409	0.63178E+03
   9636.58     9.408	0.63226E+03
   9652.66     9.408	0.63234E+03
   9668.78     9.411	0.63044E+03
   9684.92     9.414	0.62853E+03
   9701.08     9.417	0.62662E+03
   9717.27     9.421	0.62470E+03
   9733.49     9.424	0.62279E+03
   9749.74     9.427	0.62087E+03
   9766.02     9.431	0.61895E+03
   9782.32     9.434	0.61705E+03
   9798.65     9.438	0.61515E+03
   9815.00     9.441	0.61323E+03
   9831.39     9.444	0.61131E+03
   9847.80     9.448	0.60939E+03
   9864.23     9.451	0.60744E+03
   9880.70     9.455	0.60548E+03
   9897.19     9.458	0.60352E+03
   9913.71     9.462	0.60156E+03
   9930.26     9.465	0.59959E+03
   9946.84     9.469	0.59762E+03
   9963.44     9.476	0.59375E+03
   9980.07     9.484	0.58944E+03
   9996.73     9.492	0.58512E+03
  10013.42     9.500	0.58081E+03
  10030.13     9.508	0.57646E+03
  10046.87     9.516	0.57213E+03
  10063.64     9.517	0.57164E+03
  10080.44     9.516	0.57203E+03
  10097.27     9.516	0.57243E+03
  10114.12     9.515	0.57282E+03
  10131.01     9.514	0.57322E+03
  10147.92     9.513	0.57361E+03
  10164.86     9.516	0.57242E+03
  10181.82     9.518	0.57100E+03
  10198.82     9.521	0.56957E+03
  10215.84     9.524	0.56815E+03
  10232.90     9.527	0.56672E+03
  10249.98     9.529	0.56529E+03
  10267.09     9.533	0.56338E+03
  10284.22     9.537	0.56148E+03
  10301.39     9.540	0.55957E+03
  10318.59     9.544	0.55765E+03
  10335.81     9.548	0.55573E+03
  10353.06     9.551	0.55388E+03
  10370.34     9.554	0.55234E+03
  10387.65     9.557	0.55082E+03
  10404.99     9.561	0.54928E+03
  10422.36     9.564	0.54774E+03
  10439.76     9.567	0.54620E+03
  10457.18     9.570	0.54457E+03
  10474.64     9.573	0.54283E+03
  10492.12     9.577	0.54109E+03
  10509.64     9.580	0.53935E+03
  10527.18     9.584	0.53760E+03
  10544.75     9.587	0.53585E+03
  10562.35     9.591	0.53413E+03
  10579.99     9.594	0.53243E+03
  10597.65     9.598	0.53073E+03
  10615.33     9.601	0.52902E+03
  10633.05     9.605	0.52730E+03
  10650.80     9.608	0.52559E+03
  10668.58     9.612	0.52402E+03
  10686.39     9.615	0.52245E+03
  10704.23     9.618	0.52086E+03
  10722.09     9.621	0.51928E+03
  10739.99     9.625	0.51770E+03
  10757.92     9.628	0.51595E+03
  10775.88     9.633	0.51400E+03
  10793.86     9.637	0.51205E+03
  10811.88     9.641	0.51010E+03
  10829.93     9.645	0.50815E+03
  10848.01     9.649	0.50619E+03
  10866.11     9.657	0.50257E+03
  10884.25     9.665	0.49872E+03
  10902.42     9.674	0.49489E+03
  10920.62     9.682	0.49103E+03
  10938.85     9.691	0.48718E+03
  10957.11     9.695	0.48518E+03
  10975.40     9.693	0.48613E+03
  10993.72     9.691	0.48709E+03
  11012.07     9.689	0.48803E+03
  11030.45     9.687	0.48898E+03
  11048.86     9.685	0.48994E+03
  11067.30     9.688	0.48865E+03
  11085.78     9.691	0.48721E+03
  11104.28     9.694	0.48576E+03
  11122.82     9.697	0.48432E+03
  11141.38     9.700	0.48288E+03
  11159.98     9.704	0.48141E+03
  11178.61     9.707	0.47995E+03
  11197.27     9.710	0.47847E+03
  11215.96     9.714	0.47701E+03
  11234.68     9.717	0.47554E+03
  11253.43     9.720	0.47406E+03
  11272.22     9.724	0.47258E+03
  11291.03     9.727	0.47109E+03
  11309.88     9.731	0.46960E+03
  11328.76     9.734	0.46812E+03
  11347.67     9.738	0.46663E+03
  11366.61     9.741	0.46515E+03
  11385.58     9.744	0.46367E+03
  11404.59     9.748	0.46219E+03
  11423.63     9.751	0.46070E+03
  11442.70     9.755	0.45922E+03
  11461.80     9.758	0.45776E+03
  11480.93     9.762	0.45631E+03
  11500.09     9.765	0.45486E+03
  11519.29     9.769	0.45342E+03
  11538.52     9.772	0.45196E+03
  11557.78     9.776	0.45045E+03
  11577.07     9.780	0.44883E+03
  11596.39     9.784	0.44722E+03
  11615.75     9.788	0.44560E+03
  11635.14     9.792	0.44398E+03
  11654.56     9.795	0.44246E+03
  11674.01     9.798	0.44133E+03
  11693.50     9.801	0.44018E+03
  11713.02     9.804	0.43905E+03
  11732.57     9.807	0.43790E+03
  11752.16     9.809	0.43672E+03
  11771.77     9.813	0.43533E+03
  11791.42     9.816	0.43394E+03
  11811.10     9.820	0.43252E+03
  11830.82     9.824	0.43112E+03
  11850.57     9.827	0.42972E+03
  11870.35     9.831	0.42822E+03
  11890.16     9.835	0.42672E+03
  11910.01     9.838	0.42523E+03
  11929.89     9.842	0.42372E+03
  11949.80     9.846	0.42221E+03
  11969.75     9.849	0.42102E+03
  11989.73     9.852	0.41983E+03
  12009.74     9.855	0.41863E+03
