    500.00     0.000	0.00000E+00
    500.83     0.000	0.00000E+00
    501.67     0.000	0.00000E+00
    502.51     0.000	0.00000E+00
    503.35     0.000	0.00000E+00
    504.19     0.000	0.00000E+00
    505.03     0.000	0.00000E+00
    505.87     0.000	0.00000E+00
    506.72     0.000	0.00000E+00
    507.56     0.000	0.00000E+00
    508.41     0.000	0.00000E+00
    509.26     0.000	0.00000E+00
    510.11     0.000	0.00000E+00
    510.96     0.000	0.00000E+00
    511.81     0.000	0.00000E+00
    512.67     0.000	0.00000E+00
    513.52     0.000	0.00000E+00
    514.38     0.000	0.00000E+00
    515.24     0.000	0.00000E+00
    516.10     0.000	0.00000E+00
    516.96     0.000	0.00000E+00
    517.82     0.000	0.00000E+00
    518.69     0.000	0.00000E+00
    519.55     0.000	0.00000E+00
    520.42     0.000	0.00000E+00
    521.29     0.000	0.00000E+00
    522.16     0.000	0.00000E+00
    523.03     0.000	0.00000E+00
    523.90     0.000	0.00000E+00
    524.78     0.000	0.00000E+00
    525.65     0.000	0.00000E+00
    526.53     0.000	0.00000E+00
    527.41     0.000	0.00000E+00
    528.29     0.000	0.00000E+00
    529.17     0.000	0.00000E+00
    530.06     0.000	0.00000E+00
    530.94     0.000	0.00000E+00
    531.83     0.000	0.00000E+00
    532.71     0.000	0.00000E+00
    533.60     0.000	0.00000E+00
    534.49     0.000	0.00000E+00
    535.39     0.000	0.00000E+00
    536.28     0.000	0.00000E+00
    537.18     0.000	0.00000E+00
    538.07     0.000	0.00000E+00
    538.97     0.000	0.00000E+00
    539.87     0.000	0.00000E+00
    540.77     0.000	0.00000E+00
    541.67    29.820	0.43237E-05
    542.58    29.749	0.46164E-05
    543.48    29.681	0.49137E-05
    544.39    29.617	0.52158E-05
    545.30    29.555	0.55226E-05
    546.21    29.495	0.58342E-05
    547.12    29.438	0.61506E-05
    548.03    29.382	0.64719E-05
    548.95    29.329	0.67980E-05
    549.87    29.277	0.71292E-05
    550.78    29.227	0.74652E-05
    551.70    29.179	0.78064E-05
    552.62    29.132	0.81524E-05
    553.55    29.086	0.85036E-05
    554.47    29.041	0.88599E-05
    555.40    28.998	0.92213E-05
    556.32    28.956	0.95879E-05
    557.25    28.914	0.99597E-05
    558.18    28.874	0.10337E-04
    559.11    28.835	0.10719E-04
    560.05    28.796	0.11107E-04
    560.98    28.758	0.11500E-04
    561.92    28.721	0.11898E-04
    562.86    28.685	0.12302E-04
    563.80    28.650	0.12712E-04
    564.74    28.594	0.13381E-04
    565.68    28.535	0.14131E-04
    566.62    28.478	0.14891E-04
    567.57    28.423	0.15664E-04
    568.52    28.370	0.16446E-04
    569.47    28.319	0.17239E-04
    570.42    28.269	0.18043E-04
    571.37    28.221	0.18859E-04
    572.32    28.175	0.19685E-04
    573.28    28.129	0.20523E-04
    574.23    28.085	0.21372E-04
    575.19    28.043	0.22233E-04
    576.15    28.001	0.23105E-04
    577.11    27.960	0.23988E-04
    578.08    27.920	0.24883E-04
    579.04    27.881	0.25790E-04
    580.01    27.843	0.26709E-04
    580.98    27.806	0.27638E-04
    581.95    27.770	0.28580E-04
    582.92    27.734	0.29535E-04
    583.89    27.699	0.30501E-04
    584.87    27.665	0.31479E-04
    585.84    27.631	0.32468E-04
    586.82    27.598	0.33471E-04
    587.80    27.533	0.35534E-04
    588.78    27.465	0.37861E-04
    589.76    27.399	0.40220E-04
    590.75    27.336	0.42610E-04
    591.73    27.276	0.45032E-04
    592.72    27.219	0.47486E-04
    593.71    27.163	0.49973E-04
    594.70    27.110	0.52491E-04
    595.70    27.058	0.55042E-04
    596.69    27.008	0.57625E-04
    597.69    26.960	0.60241E-04
    598.68    26.914	0.62891E-04
    599.68    26.868	0.65574E-04
    600.68    26.824	0.68290E-04
    601.69    26.781	0.71039E-04
    602.69    26.740	0.73821E-04
    603.70    26.699	0.76639E-04
    604.70    26.659	0.79489E-04
    605.71    26.621	0.82374E-04
    606.72    26.583	0.85293E-04
    607.74    26.546	0.88246E-04
    608.75    26.510	0.91235E-04
    609.77    26.474	0.94256E-04
    610.79    26.440	0.97314E-04
    611.81    26.406	0.10041E-03
    612.83    26.350	0.10568E-03
    613.85    26.292	0.11151E-03
    614.87    26.236	0.11742E-03
    615.90    26.182	0.12340E-03
    616.93    26.130	0.12946E-03
    617.96    26.080	0.13557E-03
    618.99    26.031	0.14177E-03
    620.02    25.984	0.14804E-03
    621.06    25.939	0.15437E-03
    622.09    25.894	0.16078E-03
    623.13    25.851	0.16727E-03
    624.17    25.810	0.17383E-03
    625.22    25.769	0.18046E-03
    626.26    25.729	0.18717E-03
    627.30    25.691	0.19396E-03
    628.35    25.653	0.20082E-03
    629.40    25.616	0.20775E-03
    630.45    25.580	0.21476E-03
    631.50    25.545	0.22184E-03
    632.56    25.510	0.22901E-03
    633.61    25.477	0.23624E-03
    634.67    25.444	0.24355E-03
    635.73    25.411	0.25095E-03
    636.79    25.379	0.25842E-03
    637.85    25.348	0.26596E-03
    638.92    25.317	0.27358E-03
    639.99    25.287	0.28129E-03
    641.05    25.229	0.29664E-03
    642.12    25.174	0.31226E-03
    643.20    25.120	0.32806E-03
    644.27    25.069	0.34401E-03
    645.34    25.019	0.36015E-03
    646.42    24.971	0.37646E-03
    647.50    24.924	0.39294E-03
    648.58    24.879	0.40961E-03
    649.66    24.835	0.42644E-03
    650.75    24.793	0.44346E-03
    651.84    24.752	0.46064E-03
    652.92    24.711	0.47800E-03
    654.01    24.672	0.49555E-03
    655.10    24.634	0.51328E-03
    656.20    24.597	0.53117E-03
    657.29    24.561	0.54926E-03
    658.39    24.525	0.56752E-03
    659.49    24.490	0.58597E-03
    660.59    24.456	0.60459E-03
    661.69    24.423	0.62340E-03
    662.80    24.390	0.64240E-03
    663.90    24.359	0.66156E-03
    665.01    24.327	0.68093E-03
    666.12    24.297	0.70046E-03
    667.23    24.266	0.72019E-03
    668.35    24.237	0.74010E-03
    669.46    24.208	0.76022E-03
    670.58    24.179	0.78050E-03
    671.70    24.133	0.81438E-03
    672.82    24.078	0.85669E-03
    673.94    24.025	0.89939E-03
    675.07    23.974	0.94254E-03
    676.20    23.925	0.98608E-03
    677.33    23.878	0.10300E-02
    678.46    23.832	0.10745E-02
    679.59    23.788	0.11194E-02
    680.72    23.745	0.11646E-02
    681.86    23.703	0.12103E-02
    683.00    23.662	0.12564E-02
    684.14    23.623	0.13029E-02
    685.28    23.584	0.13500E-02
    686.42    23.547	0.13974E-02
    687.57    23.510	0.14452E-02
    688.72    23.474	0.14936E-02
    689.87    23.440	0.15423E-02
    691.02    23.405	0.15915E-02
    692.17    23.372	0.16412E-02
    693.33    23.340	0.16912E-02
    694.48    23.308	0.17417E-02
    695.64    23.276	0.17926E-02
    696.80    23.246	0.18440E-02
    697.97    23.215	0.18959E-02
    699.13    23.186	0.19482E-02
    700.30    23.157	0.20009E-02
    701.47    23.128	0.20541E-02
    702.64    23.100	0.21077E-02
    703.81    23.073	0.21618E-02
    704.99    23.046	0.22164E-02
    706.16    22.997	0.23175E-02
    707.34    22.950	0.24203E-02
    708.52    22.905	0.25238E-02
    709.71    22.861	0.26284E-02
    710.89    22.818	0.27338E-02
    712.08    22.777	0.28400E-02
    713.27    22.736	0.29472E-02
    714.46    22.697	0.30554E-02
    715.65    22.659	0.31645E-02
    716.84    22.622	0.32744E-02
    718.04    22.586	0.33853E-02
    719.24    22.551	0.34971E-02
    720.44    22.516	0.36100E-02
    721.64    22.483	0.37236E-02
    722.85    22.450	0.38383E-02
    724.05    22.417	0.39539E-02
    725.26    22.386	0.40703E-02
    726.47    22.355	0.41877E-02
    727.68    22.325	0.43062E-02
    728.90    22.295	0.44255E-02
    730.12    22.266	0.45457E-02
    731.33    22.237	0.46668E-02
    732.56    22.209	0.47890E-02
    733.78    22.182	0.49121E-02
    735.00    22.155	0.50362E-02
    736.23    22.124	0.51810E-02
    737.46    22.076	0.54140E-02
    738.69    22.030	0.56488E-02
    739.92    21.986	0.58855E-02
    741.16    21.942	0.61240E-02
    742.40    21.901	0.63644E-02
    743.63    21.860	0.66068E-02
    744.88    21.821	0.68511E-02
    746.12    21.782	0.70974E-02
    747.36    21.745	0.73455E-02
    748.61    21.709	0.75956E-02
    749.86    21.673	0.78475E-02
    751.11    21.639	0.81015E-02
    752.37    21.605	0.83573E-02
    753.62    21.572	0.86151E-02
    754.88    21.540	0.88748E-02
    756.14    21.508	0.91365E-02
    757.40    21.477	0.94001E-02
    758.67    21.447	0.96656E-02
    759.93    21.417	0.99329E-02
    761.20    21.388	0.10202E-01
    762.47    21.360	0.10474E-01
    763.75    21.332	0.10748E-01
    765.02    21.304	0.11022E-01
    766.30    21.277	0.11300E-01
    767.58    21.251	0.11579E-01
    768.86    21.225	0.11860E-01
    770.14    21.197	0.12169E-01
    771.43    21.152	0.12684E-01
    772.71    21.108	0.13203E-01
    774.00    21.066	0.13727E-01
    775.30    21.025	0.14254E-01
    776.59    20.985	0.14784E-01
    777.89    20.947	0.15319E-01
    779.18    20.909	0.15857E-01
    780.49    20.873	0.16399E-01
    781.79    20.837	0.16946E-01
    783.09    20.803	0.17496E-01
    784.40    20.769	0.18049E-01
    785.71    20.736	0.18607E-01
    787.02    20.704	0.19169E-01
    788.34    20.672	0.19734E-01
    789.65    20.641	0.20303E-01
    790.97    20.611	0.20876E-01
    792.29    20.581	0.21453E-01
    793.61    20.552	0.22033E-01
    794.94    20.524	0.22618E-01
    796.26    20.496	0.23206E-01
    797.59    20.469	0.23798E-01
    798.92    20.442	0.24395E-01
    800.26    20.415	0.24994E-01
    801.59    20.389	0.25599E-01
    802.93    20.364	0.26206E-01
    804.27    20.339	0.26818E-01
    805.61    20.314	0.27433E-01
    806.96    20.290	0.28052E-01
    808.31    20.266	0.28675E-01
    809.66    20.243	0.29303E-01
    811.01    20.206	0.30310E-01
    812.36    20.166	0.31454E-01
    813.72    20.127	0.32605E-01
    815.07    20.089	0.33764E-01
    816.44    20.052	0.34930E-01
    817.80    20.016	0.36103E-01
    819.16    19.981	0.37284E-01
    820.53    19.947	0.38472E-01
    821.90    19.914	0.39669E-01
    823.27    19.881	0.40871E-01
    824.65    19.850	0.42084E-01
    826.02    19.819	0.43302E-01
    827.40    19.788	0.44528E-01
    828.78    19.759	0.45762E-01
    830.17    19.730	0.47003E-01
    831.55    19.701	0.48252E-01
    832.94    19.673	0.49508E-01
    834.33    19.646	0.50772E-01
    835.72    19.619	0.52043E-01
    837.12    19.593	0.53322E-01
    838.52    19.567	0.54609E-01
    839.91    19.541	0.55902E-01
    841.32    19.516	0.57203E-01
    842.72    19.492	0.58513E-01
    844.13    19.468	0.59830E-01
    845.54    19.444	0.61152E-01
    846.95    19.421	0.62486E-01
    848.36    19.398	0.63824E-01
    849.78    19.375	0.65170E-01
    851.20    19.338	0.67417E-01
    852.62    19.300	0.69845E-01
    854.04    19.262	0.72288E-01
    855.47    19.226	0.74743E-01
    856.89    19.191	0.77214E-01
    858.32    19.156	0.79699E-01
    859.76    19.123	0.82198E-01
    861.19    19.090	0.84710E-01
    862.63    19.058	0.87238E-01
    864.07    19.027	0.89783E-01
    865.51    18.997	0.92337E-01
    866.96    18.967	0.94908E-01
    868.40    18.938	0.97494E-01
    869.85    18.909	0.10009E+00
    871.31    18.881	0.10271E+00
    872.76    18.854	0.10534E+00
    874.22    18.827	0.10798E+00
    875.68    18.800	0.11063E+00
    877.14    18.774	0.11331E+00
    878.60    18.749	0.11599E+00
    880.07    18.724	0.11870E+00
    881.54    18.699	0.12141E+00
    883.01    18.675	0.12414E+00
    884.48    18.651	0.12688E+00
    885.96    18.628	0.12964E+00
    887.44    18.605	0.13241E+00
    888.92    18.583	0.13520E+00
    890.40    18.184	0.19517E+00
    891.89    17.388	0.40625E+00
    893.38    16.933	0.61759E+00
    894.87    16.612	0.82997E+00
    896.36    16.364	0.10435E+01
    897.86    16.161	0.12582E+01
    899.36    15.989	0.14742E+01
    900.86    15.839	0.16915E+01
    902.36    15.707	0.19099E+01
    903.87    15.589	0.21297E+01
    905.38    15.482	0.23506E+01
    906.89    15.384	0.25728E+01
    908.40    15.294	0.27962E+01
    909.92    15.210	0.30210E+01
    911.44    15.131	0.32469E+01
    912.96    15.058	0.34740E+01
    914.48    14.989	0.37025E+01
    916.01    14.923	0.39321E+01
    917.54    14.861	0.41631E+01
    919.07    14.803	0.43953E+01
    920.60    13.932	0.98006E+01
    922.14    12.996	0.23215E+02
    923.68    12.498	0.36702E+02
    925.22    12.157	0.50264E+02
    926.77    11.896	0.63901E+02
    928.31    11.685	0.77611E+02
    929.86    11.508	0.91397E+02
    931.42    11.354	0.10525E+03
    932.97    11.219	0.11919E+03
    934.53    11.099	0.13320E+03
    936.09    10.990	0.14729E+03
    937.65    10.890	0.16145E+03
    939.21    10.798	0.17568E+03
    940.78    10.682	0.19549E+03
    942.35    10.550	0.22077E+03
    943.93    10.432	0.24605E+03
    945.50    10.326	0.27134E+03
    947.08    10.229	0.29668E+03
    948.66    10.140	0.32210E+03
    950.24    10.057	0.34761E+03
    951.83     9.980	0.37320E+03
    953.42     9.908	0.39891E+03
    955.01     9.840	0.42471E+03
    956.60     9.775	0.45062E+03
    958.20     9.715	0.47665E+03
    959.80     9.657	0.50279E+03
    961.40     9.601	0.52905E+03
    963.01     9.543	0.55829E+03
    964.62     9.484	0.58931E+03
    966.23     9.428	0.62042E+03
    967.84     9.375	0.65162E+03
    969.45     9.324	0.68293E+03
    971.07     9.275	0.71435E+03
    972.69     9.228	0.74589E+03
    974.32     9.183	0.77753E+03
    975.94     9.140	0.80931E+03
    977.57     9.098	0.84119E+03
    979.20     9.057	0.87321E+03
    980.84     9.018	0.90536E+03
    982.48     8.980	0.93763E+03
    984.12     8.943	0.97004E+03
    985.76     8.907	0.10026E+04
    987.40     8.876	0.10317E+04
    989.05     8.858	0.10495E+04
    990.70     8.839	0.10675E+04
    992.36     8.821	0.10855E+04
    994.01     8.803	0.11037E+04
    995.67     8.785	0.11219E+04
    997.33     8.768	0.11402E+04
    999.00     8.750	0.11585E+04
   1000.67     8.733	0.11769E+04
   1002.34     8.716	0.11955E+04
   1004.01     8.700	0.12139E+04
   1005.69     8.683	0.12326E+04
   1007.36     8.667	0.12513E+04
   1009.05     8.650	0.12700E+04
   1010.73     8.635	0.12888E+04
   1012.42     8.617	0.13095E+04
   1014.11     8.596	0.13354E+04
   1015.80     8.575	0.13615E+04
   1017.50     8.554	0.13877E+04
   1019.19     8.534	0.14140E+04
   1020.90     8.514	0.14403E+04
   1022.60     8.494	0.14668E+04
   1024.31     8.475	0.14934E+04
   1026.02     8.455	0.15200E+04
   1027.73     8.436	0.15469E+04
   1029.44     8.418	0.15737E+04
   1031.16     8.399	0.16007E+04
   1032.88     8.381	0.16278E+04
   1034.61     8.363	0.16550E+04
   1036.33     8.345	0.16822E+04
   1038.06     8.321	0.17211E+04
   1039.80     8.292	0.17672E+04
   1041.53     8.264	0.18134E+04
   1043.27     8.236	0.18599E+04
   1045.01     8.209	0.19065E+04
   1046.76     8.183	0.19532E+04
   1048.51     8.157	0.20001E+04
   1050.26     8.132	0.20472E+04
   1052.01     8.107	0.20944E+04
   1053.76     8.083	0.21418E+04
   1055.52     8.059	0.21894E+04
   1057.29     8.036	0.22371E+04
   1059.05     8.013	0.22849E+04
   1060.82     7.990	0.23331E+04
   1062.59     7.978	0.23592E+04
   1064.36     7.987	0.23410E+04
   1066.14     7.995	0.23227E+04
   1067.92     8.004	0.23043E+04
   1069.70     8.012	0.22857E+04
   1071.49     8.021	0.22672E+04
   1073.28     8.030	0.22484E+04
   1075.07     8.039	0.22296E+04
   1076.86     8.049	0.22108E+04
   1078.66     8.058	0.21917E+04
   1080.46     8.068	0.21726E+04
   1082.26     8.077	0.21534E+04
   1084.07     8.087	0.21341E+04
   1085.88     8.097	0.21147E+04
   1087.69     8.088	0.21318E+04
   1089.51     8.050	0.22085E+04
   1091.32     8.013	0.22853E+04
   1093.15     7.977	0.23624E+04
   1094.97     7.942	0.24397E+04
   1096.80     7.908	0.25171E+04
   1098.63     7.875	0.25947E+04
   1100.46     7.843	0.26725E+04
   1102.30     7.811	0.27505E+04
   1104.14     7.781	0.28288E+04
   1105.98     7.751	0.29072E+04
   1107.83     7.722	0.29860E+04
   1109.68     7.694	0.30649E+04
   1111.53     7.666	0.31440E+04
   1113.39     7.647	0.32012E+04
   1115.24     7.630	0.32512E+04
   1117.11     7.613	0.33014E+04
   1118.97     7.597	0.33516E+04
   1120.84     7.581	0.34021E+04
   1122.71     7.565	0.34526E+04
   1124.58     7.549	0.35034E+04
   1126.46     7.533	0.35544E+04
   1128.34     7.518	0.36054E+04
   1130.22     7.502	0.36567E+04
   1132.11     7.487	0.37081E+04
   1134.00     7.472	0.37597E+04
   1135.90     7.457	0.38113E+04
   1137.79     7.444	0.38588E+04
   1139.69     7.432	0.39002E+04
   1141.59     7.421	0.39416E+04
   1143.50     7.409	0.39831E+04
   1145.41     7.398	0.40249E+04
   1147.32     7.387	0.40667E+04
   1149.23     7.376	0.41085E+04
   1151.15     7.365	0.41507E+04
   1153.07     7.354	0.41927E+04
   1155.00     7.343	0.42350E+04
   1155.80     7.349	0.42109E+04
   1157.00     7.298	0.44141E+04
   1158.00     7.363	0.41587E+04
   1159.20     7.343	0.42329E+04
   1160.40     7.322	0.43189E+04
   1161.60     7.281	0.44816E+04
   1162.80     7.296	0.44210E+04
   1164.00     7.305	0.43834E+04
   1165.20     7.328	0.42938E+04
   1166.40     7.339	0.42487E+04
   1167.60     7.298	0.44131E+04
   1168.80     7.304	0.43900E+04
   1169.80     7.343	0.42346E+04
   1171.00     7.417	0.39564E+04
   1172.20     7.462	0.37964E+04
   1173.40     7.529	0.35668E+04
   1174.60     7.557	0.34777E+04
   1175.80     7.485	0.37137E+04
   1177.00     7.419	0.39473E+04
   1178.20     7.374	0.41169E+04
   1179.40     7.305	0.43864E+04
   1180.40     7.253	0.46003E+04
   1181.60     7.206	0.48061E+04
   1182.80     7.178	0.49312E+04
   1184.00     7.175	0.49449E+04
   1185.20     7.209	0.47908E+04
   1186.40     7.261	0.45674E+04
   1187.60     7.303	0.43938E+04
   1188.80     7.379	0.40956E+04
   1190.00     7.436	0.38870E+04
   1191.20     7.435	0.38904E+04
   1192.20     7.460	0.38029E+04
   1193.40     7.551	0.34951E+04
   1194.60     7.569	0.34373E+04
   1195.80     7.567	0.34461E+04
   1197.00     7.593	0.33646E+04
   1198.20     7.665	0.31477E+04
   1199.40     7.790	0.28065E+04
   1200.60     7.939	0.24464E+04
   1201.80     8.105	0.20982E+04
   1203.00     8.352	0.16713E+04
   1204.00     8.641	0.12815E+04
   1205.20     8.967	0.94914E+03
   1206.40     9.213	0.75679E+03
   1207.60     9.308	0.69325E+03
   1208.80     9.496	0.58299E+03
   1210.00     9.667	0.49804E+03
   1211.20     9.807	0.43777E+03
   1212.40     9.992	0.36923E+03
   1213.60    10.075	0.34210E+03
   1214.80    10.067	0.34440E+03
   1215.80     9.910	0.39829E+03
   1217.00     9.592	0.53377E+03
   1218.20     9.327	0.68082E+03
   1219.40     8.917	0.99391E+03
   1220.60     8.593	0.13387E+04
   1221.80     8.320	0.17217E+04
   1223.00     8.069	0.21703E+04
   1224.20     7.918	0.24942E+04
   1225.40     7.805	0.27666E+04
   1226.60     7.717	0.29993E+04
   1227.60     7.643	0.32125E+04
   1228.80     7.561	0.34648E+04
   1230.00     7.493	0.36878E+04
   1231.20     7.437	0.38824E+04
   1232.40     7.378	0.40991E+04
   1233.60     7.339	0.42509E+04
   1234.80     7.283	0.44761E+04
   1236.00     7.214	0.47689E+04
   1237.20     7.175	0.49410E+04
   1238.40     7.140	0.51045E+04
   1239.40     7.109	0.52533E+04
   1240.60     7.089	0.53520E+04
   1241.80     7.094	0.53254E+04
   1243.00     7.084	0.53733E+04
   1244.20     7.119	0.52047E+04
   1245.40     7.135	0.51274E+04
   1246.60     7.148	0.50697E+04
   1247.80     7.172	0.49559E+04
   1249.00     7.163	0.49965E+04
   1250.20     7.149	0.50635E+04
   1251.20     7.135	0.51265E+04
   1252.40     7.097	0.53107E+04
   1253.60     7.079	0.53994E+04
   1254.80     7.094	0.53245E+04
   1256.00     7.122	0.51903E+04
   1257.20     7.183	0.49082E+04
   1258.40     7.249	0.46189E+04
   1259.60     7.274	0.45135E+04
   1260.80     7.251	0.46072E+04
   1262.00     7.268	0.45394E+04
   1263.00     7.263	0.45583E+04
   1264.20     7.230	0.46984E+04
   1265.40     7.198	0.48398E+04
   1266.60     7.123	0.51835E+04
   1267.80     7.079	0.53991E+04
   1269.00     7.059	0.55024E+04
   1270.20     7.040	0.55996E+04
   1271.40     7.056	0.55140E+04
   1272.60     7.057	0.55119E+04
   1273.60     7.057	0.55115E+04
   1274.80     7.076	0.54167E+04
   1276.00     7.104	0.52770E+04
   1277.20     7.083	0.53822E+04
   1278.40     7.047	0.55632E+04
   1279.60     7.009	0.57580E+04
   1280.80     7.003	0.57894E+04
   1282.00     6.986	0.58832E+04
   1283.20     6.998	0.58165E+04
   1284.40     6.994	0.58400E+04
   1285.40     7.001	0.58040E+04
   1286.60     7.015	0.57296E+04
   1287.80     7.034	0.56300E+04
   1289.00     7.045	0.55725E+04
   1290.20     7.089	0.53486E+04
   1291.40     7.136	0.51244E+04
   1292.60     7.163	0.49967E+04
   1293.80     7.237	0.46704E+04
   1295.00     7.277	0.44989E+04
   1296.20     7.325	0.43043E+04
   1297.20     7.350	0.42078E+04
   1298.40     7.389	0.40576E+04
   1299.60     7.424	0.39300E+04
   1300.80     7.428	0.39165E+04
   1302.00     7.439	0.38750E+04
   1303.20     7.459	0.38070E+04
   1304.40     7.436	0.38863E+04
   1305.60     7.394	0.40397E+04
   1306.80     7.325	0.43071E+04
   1308.00     7.276	0.45022E+04
   1309.00     7.238	0.46664E+04
   1310.20     7.158	0.50191E+04
   1311.40     7.096	0.53186E+04
   1312.60     7.017	0.57190E+04
   1313.80     6.991	0.58548E+04
   1315.00     6.974	0.59458E+04
   1316.20     6.948	0.60931E+04
   1317.40     6.949	0.60855E+04
   1318.60     6.953	0.60673E+04
   1319.80     6.967	0.59859E+04
   1320.80     6.995	0.58367E+04
   1322.00     6.996	0.58317E+04
   1323.20     7.006	0.57739E+04
   1324.40     7.037	0.56152E+04
   1325.60     7.031	0.56418E+04
   1326.80     7.061	0.54897E+04
   1328.00     7.060	0.54953E+04
   1329.20     7.091	0.53395E+04
   1330.40     7.136	0.51249E+04
   1331.60     7.210	0.47853E+04
   1332.60     7.265	0.45479E+04
   1333.80     7.340	0.42478E+04
   1335.00     7.341	0.42421E+04
   1336.20     7.237	0.46681E+04
   1337.40     7.117	0.52122E+04
   1338.60     7.047	0.55641E+04
   1339.80     7.030	0.56505E+04
   1341.00     7.029	0.56533E+04
   1342.20     7.025	0.56760E+04
   1343.40     7.010	0.57559E+04
   1344.40     7.001	0.58043E+04
   1345.60     7.008	0.57630E+04
   1346.80     7.003	0.57935E+04
   1348.00     6.995	0.58343E+04
   1349.20     7.008	0.57642E+04
   1350.40     7.016	0.57206E+04
   1351.60     7.002	0.57947E+04
   1352.80     7.008	0.57628E+04
   1354.00     7.006	0.57770E+04
   1355.20     6.990	0.58602E+04
   1356.20     6.992	0.58509E+04
   1357.40     6.991	0.58563E+04
   1358.60     6.997	0.58251E+04
   1359.80     7.026	0.56707E+04
   1361.00     7.038	0.56090E+04
   1362.20     7.059	0.55008E+04
   1363.40     7.075	0.54205E+04
   1364.60     7.074	0.54249E+04
   1365.80     7.068	0.54561E+04
   1366.80     7.080	0.53943E+04
   1368.00     7.093	0.53299E+04
   1369.20     7.080	0.53927E+04
   1370.40     7.074	0.54270E+04
   1371.60     7.070	0.54460E+04
   1372.80     7.056	0.55164E+04
   1374.00     7.073	0.54321E+04
   1375.20     7.079	0.54014E+04
   1376.40     7.076	0.54169E+04
   1377.60     7.083	0.53825E+04
   1378.60     7.112	0.52362E+04
   1379.80     7.095	0.53226E+04
   1381.00     7.084	0.53740E+04
   1382.20     7.103	0.52832E+04
   1383.40     7.120	0.52023E+04
   1384.60     7.098	0.53062E+04
   1385.80     7.105	0.52703E+04
   1387.00     7.102	0.52889E+04
   1388.20     7.118	0.52102E+04
   1389.40     7.150	0.50599E+04
   1390.40     7.192	0.48668E+04
   1391.60     7.235	0.46757E+04
   1392.80     7.284	0.44702E+04
   1394.00     7.264	0.45530E+04
   1395.20     7.232	0.46916E+04
   1396.40     7.214	0.47702E+04
   1397.60     7.152	0.50479E+04
   1398.80     7.133	0.51389E+04
   1400.00     7.155	0.50372E+04
   1401.20     7.175	0.49444E+04
   1402.20     7.199	0.48346E+04
   1403.40     7.183	0.49088E+04
   1404.60     7.146	0.50752E+04
   1405.80     7.124	0.51820E+04
   1407.00     7.139	0.51099E+04
   1408.20     7.146	0.50790E+04
   1409.40     7.146	0.50772E+04
   1410.60     7.148	0.50691E+04
   1411.80     7.140	0.51058E+04
   1413.00     7.138	0.51148E+04
   1414.00     7.148	0.50681E+04
   1415.20     7.150	0.50571E+04
   1416.40     7.150	0.50570E+04
   1417.60     7.153	0.50461E+04
   1418.80     7.141	0.51025E+04
   1420.00     7.134	0.51330E+04
   1421.20     7.110	0.52485E+04
   1422.40     7.101	0.52936E+04
   1423.60     7.094	0.53253E+04
   1424.80     7.088	0.53543E+04
   1425.80     7.066	0.54632E+04
   1427.00     7.076	0.54151E+04
   1428.20     7.072	0.54334E+04
   1429.40     7.062	0.54841E+04
   1430.60     7.075	0.54197E+04
   1431.80     7.072	0.54355E+04
   1433.00     7.080	0.53964E+04
   1434.20     7.101	0.52932E+04
   1435.40     7.081	0.53890E+04
   1436.60     7.066	0.54673E+04
   1437.60     7.052	0.55381E+04
   1438.80     7.031	0.56466E+04
   1440.00     7.022	0.56927E+04
   1441.20     7.020	0.57016E+04
   1442.40     7.010	0.57525E+04
   1443.60     7.017	0.57170E+04
   1444.80     7.027	0.56633E+04
   1446.00     7.021	0.56963E+04
   1447.20     7.003	0.57891E+04
   1448.40     7.006	0.57741E+04
   1449.40     7.000	0.58058E+04
   1450.60     6.994	0.58389E+04
   1451.80     7.003	0.57899E+04
   1453.00     6.996	0.58299E+04
   1454.20     6.997	0.58256E+04
   1455.40     6.990	0.58640E+04
   1456.60     6.980	0.59178E+04
   1457.80     6.988	0.58728E+04
   1459.00     6.979	0.59223E+04
   1460.00     6.975	0.59420E+04
   1461.20     6.986	0.58846E+04
   1462.40     6.992	0.58487E+04
   1463.60     7.012	0.57424E+04
   1464.80     7.017	0.57162E+04
   1466.00     7.014	0.57331E+04
   1467.20     7.019	0.57055E+04
   1468.40     7.027	0.56663E+04
   1469.60     7.028	0.56621E+04
   1470.80     7.013	0.57401E+04
   1471.80     7.021	0.56951E+04
   1473.00     7.016	0.57220E+04
   1474.20     7.012	0.57422E+04
   1475.40     7.020	0.57033E+04
   1476.60     7.003	0.57927E+04
   1477.80     6.982	0.59052E+04
   1479.00     6.982	0.59035E+04
   1480.20     6.970	0.59706E+04
   1481.40     6.982	0.59059E+04
   1482.60     7.014	0.57322E+04
   1483.60     7.017	0.57149E+04
   1484.80     7.020	0.57008E+04
   1486.00     6.995	0.58369E+04
   1487.20     6.965	0.59990E+04
   1488.40     6.955	0.60537E+04
   1489.60     6.957	0.60445E+04
   1490.80     6.963	0.60101E+04
   1492.00     6.982	0.59032E+04
   1493.20     7.001	0.58047E+04
   1494.40     7.000	0.58096E+04
   1495.40     6.987	0.58800E+04
   1496.60     6.981	0.59117E+04
   1497.80     6.997	0.58212E+04
   1499.00     7.025	0.56730E+04
   1500.20     7.035	0.56248E+04
   1501.40     7.043	0.55821E+04
   1502.60     7.047	0.55634E+04
   1503.80     7.036	0.56158E+04
   1505.00     7.029	0.56541E+04
   1506.20     7.036	0.56171E+04
   1507.20     7.032	0.56402E+04
   1508.40     7.028	0.56611E+04
   1509.60     7.052	0.55363E+04
   1510.80     7.069	0.54489E+04
   1512.00     7.071	0.54398E+04
   1513.20     7.083	0.53786E+04
   1514.40     7.086	0.53658E+04
   1515.60     7.074	0.54272E+04
   1516.80     7.065	0.54680E+04
   1518.00     7.057	0.55102E+04
   1519.00     7.036	0.56176E+04
   1520.20     7.028	0.56598E+04
   1521.40     7.021	0.56946E+04
   1522.60     6.997	0.58237E+04
   1523.80     7.033	0.56313E+04
   1525.00     7.069	0.54475E+04
   1526.20     7.111	0.52438E+04
   1527.40     7.119	0.52051E+04
   1528.60     7.135	0.51279E+04
   1529.80     7.128	0.51616E+04
   1530.80     7.149	0.50618E+04
   1532.00     7.149	0.50638E+04
   1533.20     7.148	0.50668E+04
   1534.40     7.134	0.51332E+04
   1535.60     7.135	0.51294E+04
   1536.80     7.134	0.51319E+04
   1538.00     7.127	0.51680E+04
   1539.20     7.115	0.52234E+04
   1540.40     7.110	0.52468E+04
   1541.40     7.108	0.52586E+04
   1542.60     7.090	0.53456E+04
   1543.80     7.098	0.53080E+04
   1545.00     7.121	0.51947E+04
   1546.20     7.119	0.52046E+04
   1547.40     7.126	0.51721E+04
   1548.60     7.152	0.50491E+04
   1549.80     7.151	0.50519E+04
   1551.00     7.126	0.51702E+04
   1552.20     7.115	0.52259E+04
   1553.20     7.098	0.53075E+04
   1554.40     7.092	0.53342E+04
   1555.60     7.087	0.53583E+04
   1556.80     7.083	0.53795E+04
   1558.00     7.092	0.53374E+04
   1559.20     7.119	0.52061E+04
   1560.40     7.121	0.51950E+04
   1561.60     7.117	0.52129E+04
   1562.80     7.147	0.50716E+04
   1564.00     7.130	0.51529E+04
   1565.00     7.100	0.52966E+04
   1566.20     7.078	0.54059E+04
   1567.40     7.086	0.53663E+04
   1568.60     7.096	0.53159E+04
   1569.80     7.086	0.53661E+04
   1571.00     7.083	0.53778E+04
   1572.20     7.085	0.53722E+04
   1573.40     7.071	0.54411E+04
   1574.60     7.075	0.54198E+04
   1575.80     7.069	0.54490E+04
   1576.80     7.059	0.55029E+04
   1578.00     7.077	0.54098E+04
   1579.20     7.086	0.53635E+04
   1580.40     7.076	0.54159E+04
   1581.60     7.068	0.54552E+04
   1582.80     7.051	0.55408E+04
   1584.00     7.043	0.55806E+04
   1585.20     7.035	0.56218E+04
   1586.40     7.037	0.56152E+04
   1587.60     7.016	0.57232E+04
   1588.60     7.011	0.57500E+04
   1589.80     7.016	0.57244E+04
   1591.00     7.038	0.56091E+04
   1592.20     7.051	0.55427E+04
   1593.40     7.060	0.54970E+04
   1594.60     7.070	0.54438E+04
   1595.80     7.066	0.54629E+04
   1597.00     7.062	0.54859E+04
   1598.20     7.052	0.55372E+04
   1599.40     7.046	0.55672E+04
   1600.40     7.066	0.54631E+04
   1601.60     7.098	0.53080E+04
   1602.80     7.096	0.53166E+04
   1604.00     7.101	0.52908E+04
   1605.20     7.102	0.52889E+04
   1606.40     7.099	0.53008E+04
   1607.60     7.113	0.52352E+04
   1608.80     7.121	0.51963E+04
   1610.00     7.115	0.52256E+04
   1611.20     7.107	0.52638E+04
   1612.20     7.093	0.53291E+04
   1613.40     7.082	0.53841E+04
   1614.60     7.059	0.55017E+04
   1615.80     7.048	0.55571E+04
   1617.00     7.049	0.55492E+04
   1618.20     7.044	0.55781E+04
   1619.40     7.042	0.55878E+04
   1620.60     7.053	0.55327E+04
   1621.80     7.068	0.54566E+04
   1623.00     7.067	0.54581E+04
   1624.00     7.048	0.55579E+04
   1625.20     7.053	0.55318E+04
   1626.40     7.051	0.55397E+04
   1627.60     7.030	0.56518E+04
   1628.80     7.045	0.55702E+04
   1630.00     7.051	0.55398E+04
   1631.20     7.047	0.55600E+04
   1632.40     7.040	0.55972E+04
   1633.60     7.044	0.55760E+04
   1634.60     7.049	0.55527E+04
   1635.80     7.056	0.55144E+04
   1637.00     7.055	0.55195E+04
   1638.20     7.035	0.56260E+04
   1639.40     7.048	0.55566E+04
   1640.60     7.046	0.55679E+04
   1641.80     7.048	0.55561E+04
   1643.00     7.048	0.55568E+04
   1644.20     7.028	0.56583E+04
   1645.40     7.012	0.57412E+04
   1646.40     7.010	0.57534E+04
   1647.60     7.014	0.57358E+04
   1648.80     7.017	0.57177E+04
   1650.00     7.024	0.56826E+04
   1651.20     7.033	0.56327E+04
   1652.40     7.031	0.56438E+04
   1653.60     7.033	0.56347E+04
   1654.80     7.045	0.55744E+04
   1656.00     7.047	0.55606E+04
   1657.20     7.049	0.55502E+04
   1658.20     7.061	0.54909E+04
   1659.40     7.040	0.55988E+04
   1660.60     7.033	0.56353E+04
   1661.80     7.011	0.57508E+04
   1663.00     7.028	0.56603E+04
   1664.20     7.023	0.56851E+04
   1665.40     7.023	0.56884E+04
   1666.60     7.032	0.56366E+04
   1667.80     7.020	0.57003E+04
   1669.00     7.038	0.56080E+04
   1670.00     7.048	0.55574E+04
   1671.20     7.043	0.55820E+04
   1672.40     7.051	0.55429E+04
   1673.60     7.050	0.55474E+04
   1674.80     7.040	0.55953E+04
   1676.00     7.034	0.56288E+04
   1677.20     7.016	0.57236E+04
   1678.40     7.001	0.58026E+04
   1679.60     7.002	0.57963E+04
   1680.80     6.995	0.58339E+04
   1681.80     6.992	0.58493E+04
   1683.00     6.989	0.58662E+04
   1684.20     6.990	0.58625E+04
   1685.40     6.993	0.58473E+04
   1686.60     7.001	0.58047E+04
   1687.80     6.983	0.58995E+04
   1689.00     6.985	0.58911E+04
   1690.20     6.998	0.58182E+04
   1691.40     7.002	0.57986E+04
   1692.60     7.003	0.57902E+04
   1693.60     7.001	0.58019E+04
   1694.80     6.991	0.58572E+04
   1696.00     6.997	0.58255E+04
   1697.20     6.998	0.58202E+04
   1698.40     6.999	0.58152E+04
   1699.60     6.994	0.58411E+04
   1700.80     6.998	0.58190E+04
   1702.00     7.010	0.57528E+04
   1703.20     7.025	0.56731E+04
   1704.40     7.032	0.56389E+04
   1705.40     7.036	0.56185E+04
   1706.60     7.043	0.55825E+04
   1707.80     7.065	0.54707E+04
   1709.00     7.071	0.54383E+04
   1710.20     7.071	0.54375E+04
   1711.40     7.067	0.54599E+04
   1712.60     7.058	0.55073E+04
   1713.80     7.054	0.55263E+04
   1715.00     7.057	0.55121E+04
   1716.20     7.071	0.54387E+04
   1717.20     7.088	0.53548E+04
   1718.40     7.090	0.53436E+04
   1719.60     7.114	0.52269E+04
   1720.80     7.127	0.51681E+04
   1722.00     7.129	0.51570E+04
   1723.20     7.138	0.51158E+04
   1724.40     7.109	0.52546E+04
   1725.60     7.082	0.53869E+04
   1726.80     7.062	0.54866E+04
   1727.80     7.029	0.56544E+04
   1729.00     7.020	0.56999E+04
   1730.20     7.013	0.57395E+04
   1731.40     7.008	0.57653E+04
   1732.60     7.013	0.57391E+04
   1733.80     7.008	0.57652E+04
   1735.00     7.002	0.57984E+04
   1736.20     6.997	0.58233E+04
   1737.40     7.007	0.57722E+04
   1738.60     7.017	0.57194E+04
   1739.60     7.013	0.57376E+04
   1740.80     7.013	0.57369E+04
   1742.00     7.019	0.57066E+04
   1743.20     7.016	0.57211E+04
   1744.40     7.013	0.57370E+04
   1745.60     7.017	0.57173E+04
   1746.80     7.017	0.57171E+04
   1748.00     7.034	0.56275E+04
   1749.20     7.046	0.55679E+04
   1750.40     7.038	0.56091E+04
   1751.40     7.023	0.56853E+04
   1752.60     6.997	0.58217E+04
   1753.80     6.982	0.59049E+04
   1755.00     6.980	0.59178E+04
   1756.20     6.987	0.58783E+04
   1757.40     6.991	0.58546E+04
   1758.60     6.989	0.58670E+04
   1759.80     7.014	0.57349E+04
   1761.00     7.033	0.56321E+04
   1762.20     7.027	0.56639E+04
   1763.20     7.025	0.56761E+04
   1764.40     7.015	0.57257E+04
   1765.60     7.002	0.57972E+04
   1766.80     6.989	0.58676E+04
   1768.00     6.980	0.59179E+04
   1769.20     6.994	0.58383E+04
   1770.40     7.006	0.57730E+04
   1771.60     7.010	0.57548E+04
   1772.80     7.020	0.56996E+04
   1774.00     7.026	0.56685E+04
   1775.00     7.028	0.56587E+04
   1776.20     7.023	0.56853E+04
   1777.40     7.009	0.57583E+04
   1778.60     6.993	0.58456E+04
   1779.80     6.984	0.58943E+04
   1781.00     6.982	0.59061E+04
   1782.20     6.977	0.59294E+04
   1783.40     6.970	0.59703E+04
   1784.60     6.980	0.59154E+04
   1785.80     6.997	0.58261E+04
   1786.80     7.007	0.57691E+04
   1788.00     7.011	0.57478E+04
   1789.20     7.021	0.56943E+04
   1790.40     6.997	0.58222E+04
   1791.60     6.981	0.59082E+04
   1792.80     6.963	0.60096E+04
   1794.00     6.947	0.60971E+04
   1795.20     6.964	0.60048E+04
   1796.40     6.961	0.60224E+04
   1797.60     6.958	0.60365E+04
   1798.60     6.952	0.60704E+04
   1799.80     6.947	0.60994E+04
   1801.00     6.943	0.61214E+04
   1802.20     6.948	0.60927E+04
   1803.40     6.941	0.61310E+04
   1804.60     6.954	0.60579E+04
   1805.80     6.962	0.60140E+04
   1807.00     6.970	0.59698E+04
   1808.20     6.971	0.59660E+04
   1809.40     6.972	0.59617E+04
   1810.40     6.973	0.59548E+04
   1811.60     6.980	0.59170E+04
   1812.80     6.991	0.58577E+04
   1814.00     6.988	0.58698E+04
   1815.20     6.990	0.58599E+04
   1816.40     6.994	0.58388E+04
   1817.60     6.993	0.58473E+04
   1818.80     6.989	0.58677E+04
   1820.00     6.985	0.58874E+04
   1821.00     6.983	0.58977E+04
   1822.20     6.976	0.59357E+04
   1823.40     6.986	0.58828E+04
   1824.60     6.982	0.59062E+04
   1825.80     6.979	0.59198E+04
   1827.00     6.984	0.58963E+04
   1828.20     6.995	0.58346E+04
   1829.40     7.000	0.58074E+04
   1830.60     7.004	0.57872E+04
   1831.80     7.008	0.57659E+04
   1832.80     7.011	0.57472E+04
   1834.00     7.010	0.57532E+04
   1835.20     7.013	0.57402E+04
   1836.40     7.018	0.57111E+04
   1837.60     7.011	0.57493E+04
   1838.80     7.020	0.57021E+04
   1840.00     7.040	0.55981E+04
   1841.20     7.052	0.55362E+04
   1842.40     7.055	0.55204E+04
   1843.60     7.061	0.54904E+04
   1844.60     7.066	0.54640E+04
   1845.80     7.065	0.54685E+04
   1847.00     7.070	0.54428E+04
   1848.20     7.082	0.53864E+04
   1849.40     7.093	0.53299E+04
   1850.60     7.105	0.52727E+04
   1851.80     7.124	0.51829E+04
   1853.00     7.141	0.51026E+04
   1854.20     7.151	0.50524E+04
   1855.40     7.149	0.50638E+04
   1856.40     7.135	0.51284E+04
   1857.60     7.126	0.51720E+04
   1858.80     7.113	0.52350E+04
   1860.00     7.109	0.52543E+04
   1861.20     7.110	0.52463E+04
   1862.40     7.110	0.52492E+04
   1863.60     7.110	0.52495E+04
   1864.80     7.092	0.53365E+04
   1866.00     7.069	0.54489E+04
   1867.20     7.052	0.55354E+04
   1868.20     7.026	0.56726E+04
   1869.40     7.014	0.57346E+04
   1870.60     7.006	0.57783E+04
   1871.80     6.998	0.58163E+04
   1873.00     6.993	0.58434E+04
   1874.20     6.993	0.58466E+04
   1875.40     6.991	0.58564E+04
   1876.60     6.999	0.58111E+04
   1877.80     7.006	0.57781E+04
   1879.00     7.025	0.56747E+04
   1880.00     7.043	0.55846E+04
   1881.20     7.047	0.55631E+04
   1882.40     7.057	0.55090E+04
   1883.60     7.073	0.54296E+04
   1884.80     7.089	0.53502E+04
   1886.00     7.103	0.52835E+04
   1887.20     7.114	0.52288E+04
   1888.40     7.118	0.52097E+04
   1889.60     7.131	0.51492E+04
   1890.80     7.139	0.51120E+04
   1891.80     7.141	0.50990E+04
   1893.00     7.145	0.50820E+04
   1894.20     7.137	0.51213E+04
   1895.40     7.117	0.52138E+04
   1896.60     7.098	0.53081E+04
   1897.80     7.092	0.53365E+04
   1899.00     7.084	0.53740E+04
   1900.20     7.084	0.53741E+04
   1901.40     7.092	0.53350E+04
   1902.40     7.092	0.53363E+04
   1903.60     7.100	0.52943E+04
   1904.80     7.105	0.52736E+04
   1906.00     7.103	0.52822E+04
   1907.20     7.098	0.53040E+04
   1908.40     7.092	0.53334E+04
   1909.60     7.094	0.53281E+04
   1910.80     7.096	0.53164E+04
   1912.00     7.106	0.52680E+04
   1913.20     7.112	0.52382E+04
   1914.20     7.115	0.52221E+04
   1915.40     7.117	0.52150E+04
   1916.60     7.117	0.52139E+04
   1917.80     7.110	0.52501E+04
   1919.00     7.108	0.52567E+04
   1920.20     7.109	0.52540E+04
   1921.40     7.102	0.52860E+04
   1922.60     7.106	0.52672E+04
   1923.80     7.106	0.52673E+04
   1925.00     7.126	0.51730E+04
   1926.00     7.147	0.50717E+04
   1927.20     7.156	0.50301E+04
   1928.40     7.135	0.51263E+04
   1929.60     7.117	0.52156E+04
   1930.80     7.103	0.52808E+04
   1932.00     7.087	0.53592E+04
   1933.20     7.107	0.52638E+04
   1934.40     7.098	0.53071E+04
   1935.60     7.100	0.52982E+04
   1936.80     7.106	0.52694E+04
   1937.80     7.101	0.52941E+04
   1939.00     7.101	0.52925E+04
   1940.20     7.090	0.53447E+04
   1941.40     7.080	0.53971E+04
   1942.60     7.068	0.54553E+04
   1943.80     7.066	0.54641E+04
   1945.00     7.068	0.54535E+04
   1946.20     7.070	0.54453E+04
   1947.40     7.072	0.54371E+04
   1948.60     7.074	0.54268E+04
   1949.60     7.088	0.53572E+04
   1950.80     7.100	0.52989E+04
   1952.00     7.104	0.52749E+04
   1953.20     7.102	0.52864E+04
   1954.40     7.093	0.53321E+04
   1955.60     7.086	0.53631E+04
   1956.80     7.081	0.53901E+04
   1958.00     7.097	0.53121E+04
   1959.20     7.086	0.53643E+04
   1960.40     7.081	0.53885E+04
   1961.40     7.085	0.53709E+04
   1962.60     7.074	0.54242E+04
   1963.80     7.070	0.54452E+04
   1965.00     7.064	0.54733E+04
   1966.20     7.058	0.55050E+04
   1967.40     7.047	0.55608E+04
   1968.60     7.032	0.56409E+04
   1969.80     7.021	0.56986E+04
   1970.20     7.029	0.56532E+04
   1972.00     6.991	0.58576E+04
   1973.80     6.976	0.59371E+04
   1975.80     6.955	0.60516E+04
   1977.60     6.971	0.59660E+04
   1979.40     6.982	0.59034E+04
   1981.40     6.981	0.59089E+04
   1983.20     6.978	0.59249E+04
   1985.00     6.972	0.59604E+04
   1987.00     6.995	0.58353E+04
   1988.80     6.985	0.58880E+04
   1990.60     7.012	0.57457E+04
   1992.60     7.031	0.56442E+04
   1994.40     7.025	0.56746E+04
   1996.20     7.024	0.56824E+04
   1998.20     7.082	0.53844E+04
   2000.00     7.049	0.55489E+04
   2001.80     7.041	0.55933E+04
   2003.80     7.008	0.57656E+04
   2005.60     7.002	0.57956E+04
   2007.40     7.038	0.56096E+04
   2009.40     7.037	0.56140E+04
   2011.20     7.006	0.57745E+04
   2013.20     7.001	0.58010E+04
   2015.00     7.007	0.57696E+04
   2016.80     7.017	0.57169E+04
   2018.80     7.002	0.57963E+04
   2020.60     6.994	0.58423E+04
   2022.40     6.963	0.60099E+04
   2024.40     6.976	0.59382E+04
   2026.20     6.993	0.58446E+04
   2028.00     7.002	0.57980E+04
   2030.00     7.009	0.57595E+04
   2031.80     7.001	0.58030E+04
   2033.60     7.016	0.57248E+04
   2035.60     7.029	0.56570E+04
   2037.40     7.027	0.56648E+04
   2039.20     7.030	0.56510E+04
   2041.20     7.021	0.56987E+04
   2043.00     7.005	0.57792E+04
   2044.80     7.028	0.56577E+04
   2046.80     7.005	0.57831E+04
   2048.60     7.008	0.57668E+04
   2050.40     7.020	0.57026E+04
   2052.40     7.047	0.55603E+04
   2054.20     7.033	0.56349E+04
   2056.00     7.035	0.56240E+04
   2058.00     7.034	0.56293E+04
   2059.80     7.032	0.56395E+04
   2061.80     7.040	0.55971E+04
   2063.60     7.052	0.55362E+04
   2065.40     7.034	0.56305E+04
   2067.40     7.020	0.57020E+04
   2069.20     7.031	0.56423E+04
   2071.00     7.034	0.56304E+04
   2073.00     7.030	0.56479E+04
   2074.80     7.027	0.56636E+04
   2076.60     7.020	0.56995E+04
   2078.60     6.986	0.58806E+04
   2080.40     6.978	0.59274E+04
   2082.20     7.011	0.57511E+04
   2084.20     7.025	0.56766E+04
   2086.00     7.034	0.56266E+04
   2087.80     7.020	0.56993E+04
   2089.80     7.012	0.57459E+04
   2091.60     7.002	0.57977E+04
   2093.40     7.018	0.57123E+04
   2095.40     7.073	0.54291E+04
   2097.20     7.067	0.54590E+04
   2099.00     7.053	0.55327E+04
   2101.00     7.052	0.55375E+04
   2102.80     7.057	0.55100E+04
   2104.80     7.060	0.54959E+04
   2106.60     7.057	0.55092E+04
   2108.40     7.034	0.56272E+04
   2110.40     7.012	0.57426E+04
   2112.20     6.984	0.58956E+04
   2114.00     7.029	0.56543E+04
   2116.00     7.016	0.57247E+04
   2117.80     7.053	0.55305E+04
   2119.60     7.071	0.54375E+04
   2121.60     7.043	0.55819E+04
   2123.40     7.043	0.55813E+04
   2125.20     7.036	0.56178E+04
   2127.20     6.961	0.60213E+04
   2129.00     6.964	0.60062E+04
   2130.80     7.022	0.56908E+04
   2132.80     7.027	0.56646E+04
   2134.60     7.044	0.55758E+04
   2136.40     7.022	0.56937E+04
   2138.40     7.012	0.57427E+04
   2140.20     7.053	0.55306E+04
   2142.00     7.062	0.54863E+04
   2144.00     7.056	0.55139E+04
   2145.80     7.064	0.54731E+04
   2147.60     7.037	0.56124E+04
   2149.60     7.064	0.54739E+04
   2151.40     7.069	0.54484E+04
   2153.40     7.049	0.55521E+04
   2155.20     7.022	0.56902E+04
   2157.00     7.037	0.56140E+04
   2159.00     7.044	0.55768E+04
   2160.80     7.051	0.55429E+04
   2162.60     7.053	0.55328E+04
   2164.60     7.059	0.54988E+04
   2166.40     7.085	0.53719E+04
   2168.20     7.101	0.52935E+04
   2170.20     7.050	0.55453E+04
   2172.00     7.069	0.54505E+04
   2173.80     7.079	0.53980E+04
   2175.80     7.056	0.55149E+04
   2177.60     7.046	0.55649E+04
   2179.40     7.084	0.53730E+04
   2181.40     7.076	0.54170E+04
   2183.20     7.073	0.54321E+04
   2185.00     7.048	0.55543E+04
   2187.00     7.030	0.56482E+04
   2188.80     7.011	0.57477E+04
   2190.60     7.057	0.55131E+04
   2192.60     7.132	0.51444E+04
   2194.40     7.065	0.54724E+04
   2196.20     7.063	0.54804E+04
   2198.20     7.027	0.56668E+04
   2200.00     7.026	0.56706E+04
   2202.00     7.051	0.55407E+04
   2203.80     7.043	0.55840E+04
   2205.60     7.041	0.55937E+04
   2207.60     7.036	0.56161E+04
   2209.40     7.060	0.54941E+04
   2211.20     7.088	0.53540E+04
   2213.20     7.090	0.53480E+04
   2215.00     7.056	0.55165E+04
   2216.80     7.028	0.56589E+04
   2218.80     7.067	0.54602E+04
   2220.60     7.097	0.53127E+04
   2222.40     7.108	0.52562E+04
   2224.40     7.098	0.53086E+04
   2226.20     7.063	0.54798E+04
   2228.00     7.063	0.54787E+04
   2230.00     7.088	0.53577E+04
   2231.80     7.081	0.53901E+04
   2233.60     7.065	0.54693E+04
   2235.60     7.067	0.54577E+04
   2237.40     7.076	0.54133E+04
   2239.20     7.040	0.55979E+04
   2241.20     7.052	0.55342E+04
   2243.00     7.099	0.53025E+04
   2245.00     7.090	0.53475E+04
   2246.80     7.084	0.53764E+04
   2248.60     7.078	0.54043E+04
   2250.60     7.039	0.56030E+04
   2252.40     7.073	0.54289E+04
   2254.20     7.039	0.56052E+04
   2256.20     7.019	0.57079E+04
   2258.00     7.028	0.56603E+04
   2259.80     7.033	0.56359E+04
   2261.80     7.046	0.55643E+04
   2263.60     7.044	0.55768E+04
   2265.40     7.035	0.56234E+04
   2267.40     7.037	0.56149E+04
   2269.20     7.031	0.56437E+04
   2271.00     7.037	0.56106E+04
   2273.00     7.015	0.57291E+04
   2274.80     6.966	0.59935E+04
   2276.60     6.970	0.59712E+04
   2278.60     7.031	0.56426E+04
   2280.40     7.023	0.56857E+04
   2282.20     7.034	0.56297E+04
   2284.20     7.038	0.56063E+04
   2286.00     7.024	0.56809E+04
   2287.80     7.024	0.56819E+04
   2289.80     7.020	0.57016E+04
   2291.60     7.047	0.55600E+04
   2293.60     7.026	0.56697E+04
   2295.40     6.985	0.58868E+04
   2297.20     6.986	0.58820E+04
   2299.20     7.029	0.56558E+04
   2301.00     7.049	0.55506E+04
   2302.80     7.070	0.54457E+04
   2304.80     7.028	0.56607E+04
   2306.60     7.003	0.57900E+04
   2308.40     6.988	0.58734E+04
   2310.40     6.973	0.59555E+04
   2312.20     6.998	0.58173E+04
   2314.00     6.991	0.58537E+04
   2316.00     6.980	0.59165E+04
   2317.80     6.979	0.59223E+04
   2319.60     7.001	0.58035E+04
   2321.60     7.011	0.57470E+04
   2323.40     6.999	0.58145E+04
   2325.20     7.001	0.58046E+04
   2327.20     7.015	0.57281E+04
   2329.00     7.009	0.57578E+04
   2330.80     7.013	0.57400E+04
   2332.80     7.029	0.56558E+04
   2334.60     6.990	0.58596E+04
   2336.40     6.982	0.59044E+04
   2338.40     6.989	0.58673E+04
   2340.20     7.017	0.57179E+04
   2342.20     7.044	0.55767E+04
   2344.00     7.031	0.56452E+04
   2345.80     7.055	0.55213E+04
   2347.80     7.049	0.55539E+04
   2349.60     6.990	0.58636E+04
   2351.40     6.975	0.59415E+04
   2353.40     6.987	0.58796E+04
   2355.20     7.021	0.56941E+04
   2357.00     7.006	0.57764E+04
   2359.00     6.973	0.59564E+04
   2360.80     6.969	0.59735E+04
   2362.60     7.011	0.57477E+04
   2364.60     7.016	0.57201E+04
   2366.40     7.011	0.57510E+04
   2368.20     6.992	0.58482E+04
   2370.20     6.979	0.59228E+04
   2372.00     6.998	0.58169E+04
   2373.80     7.002	0.57979E+04
   2375.80     7.003	0.57933E+04
   2377.60     7.013	0.57393E+04
   2379.40     7.042	0.55877E+04
   2381.40     7.026	0.56680E+04
   2383.20     7.016	0.57232E+04
   2385.20     7.055	0.55202E+04
   2387.00     7.039	0.56037E+04
   2388.80     7.003	0.57896E+04
   2390.80     6.997	0.58239E+04
   2392.60     6.996	0.58304E+04
   2394.40     6.982	0.59024E+04
   2396.40     7.000	0.58082E+04
   2398.20     7.003	0.57898E+04
   2400.00     7.001	0.58000E+04
   2402.00     6.979	0.59188E+04
   2403.80     6.975	0.59454E+04
   2405.60     6.993	0.58469E+04
   2407.60     6.986	0.58845E+04
   2409.40     6.967	0.59860E+04
   2411.20     6.970	0.59725E+04
   2413.20     6.976	0.59394E+04
   2415.00     7.001	0.58019E+04
   2416.80     6.998	0.58194E+04
   2418.80     6.965	0.59972E+04
   2420.60     6.954	0.60594E+04
   2422.40     6.973	0.59513E+04
   2424.40     6.980	0.59152E+04
   2426.20     6.966	0.59923E+04
   2428.00     6.958	0.60346E+04
   2430.00     6.947	0.60983E+04
   2431.80     6.952	0.60691E+04
   2433.80     6.954	0.60598E+04
   2435.60     6.967	0.59874E+04
   2437.40     6.984	0.58927E+04
   2439.40     6.955	0.60519E+04
   2441.20     6.930	0.61947E+04
   2443.00     6.935	0.61682E+04
   2445.00     6.946	0.61020E+04
   2446.80     6.943	0.61213E+04
   2448.60     6.944	0.61171E+04
   2450.60     6.936	0.61625E+04
   2452.40     6.902	0.63570E+04
   2454.20     6.899	0.63752E+04
   2456.20     6.905	0.63381E+04
   2458.00     6.935	0.61637E+04
   2459.80     6.931	0.61898E+04
   2461.80     6.926	0.62164E+04
   2463.60     6.940	0.61370E+04
   2465.40     6.935	0.61663E+04
   2467.40     6.942	0.61257E+04
   2469.20     6.928	0.62036E+04
   2471.00     6.941	0.61322E+04
   2473.00     6.968	0.59829E+04
   2474.80     6.965	0.60003E+04
   2476.60     6.943	0.61206E+04
   2478.60     6.918	0.62627E+04
   2480.40     6.907	0.63285E+04
   2482.40     6.931	0.61904E+04
   2484.20     6.963	0.60093E+04
   2486.00     6.955	0.60531E+04
   2488.00     6.921	0.62472E+04
   2489.80     6.913	0.62920E+04
   2491.60     6.931	0.61894E+04
   2493.60     6.957	0.60446E+04
   2495.40     6.939	0.61428E+04
   2497.20     6.921	0.62458E+04
   2499.20     6.924	0.62308E+04
   2501.00     6.905	0.63366E+04
   2502.80     6.897	0.63875E+04
   2504.80     6.907	0.63251E+04
   2506.60     6.912	0.62991E+04
   2508.40     6.919	0.62590E+04
   2510.40     6.917	0.62688E+04
   2512.20     6.933	0.61791E+04
   2514.00     6.945	0.61092E+04
   2516.00     6.934	0.61725E+04
   2517.80     6.923	0.62334E+04
   2519.60     6.917	0.62691E+04
   2521.60     6.940	0.61378E+04
   2523.40     6.963	0.60067E+04
   2525.40     6.977	0.59301E+04
   2527.20     6.967	0.59868E+04
   2529.00     6.960	0.60252E+04
   2531.00     6.952	0.60697E+04
   2532.80     6.940	0.61371E+04
   2534.60     6.917	0.62666E+04
   2536.60     6.959	0.60304E+04
   2538.40     6.982	0.59071E+04
   2540.20     6.983	0.59015E+04
   2542.20     6.966	0.59922E+04
   2544.00     6.957	0.60429E+04
   2545.80     6.959	0.60332E+04
   2547.80     6.960	0.60273E+04
   2549.60     6.944	0.61159E+04
   2551.40     6.934	0.61727E+04
   2553.40     6.939	0.61448E+04
   2555.20     6.945	0.61067E+04
   2557.00     6.941	0.61292E+04
   2559.00     6.920	0.62539E+04
   2560.80     6.929	0.61999E+04
   2562.60     6.919	0.62584E+04
   2564.60     6.923	0.62348E+04
   2566.40     6.934	0.61743E+04
   2568.20     6.925	0.62206E+04
   2570.20     6.909	0.63143E+04
   2572.00     6.906	0.63334E+04
   2574.00     6.909	0.63142E+04
   2575.80     6.912	0.62952E+04
   2577.60     6.913	0.62925E+04
   2579.60     6.891	0.64216E+04
   2581.40     6.885	0.64580E+04
   2583.20     6.897	0.63838E+04
   2585.20     6.911	0.63014E+04
   2587.00     6.929	0.62002E+04
   2588.80     6.950	0.60830E+04
   2590.80     6.933	0.61784E+04
   2592.60     6.911	0.63018E+04
   2594.40     6.907	0.63248E+04
   2596.40     6.903	0.63503E+04
   2598.20     6.897	0.63875E+04
   2600.00     6.934	0.61709E+04
   2602.00     6.961	0.60175E+04
   2603.80     6.957	0.60444E+04
   2605.60     6.947	0.60986E+04
   2607.60     6.944	0.61146E+04
   2609.40     6.948	0.60924E+04
   2611.20     6.945	0.61112E+04
   2613.20     6.933	0.61791E+04
   2615.00     6.906	0.63302E+04
   2616.80     6.905	0.63369E+04
   2618.80     6.929	0.61986E+04
   2620.60     6.935	0.61639E+04
   2622.60     6.899	0.63738E+04
   2624.40     6.879	0.64927E+04
   2626.20     6.894	0.64013E+04
   2628.20     6.913	0.62936E+04
   2630.00     6.932	0.61853E+04
   2631.80     6.932	0.61851E+04
   2633.80     6.920	0.62508E+04
   2635.60     6.902	0.63560E+04
   2637.40     6.879	0.64934E+04
   2639.40     6.877	0.65037E+04
   2641.20     6.901	0.63642E+04
   2643.00     6.915	0.62788E+04
   2645.00     6.893	0.64090E+04
   2646.80     6.909	0.63128E+04
   2648.60     6.903	0.63492E+04
   2650.60     6.890	0.64294E+04
   2652.40     6.860	0.66072E+04
   2654.20     6.853	0.66513E+04
   2656.20     6.864	0.65806E+04
   2658.00     6.872	0.65367E+04
   2659.80     6.881	0.64778E+04
   2661.80     6.882	0.64714E+04
   2663.60     6.884	0.64608E+04
   2665.60     6.894	0.64045E+04
   2667.40     6.901	0.63614E+04
   2669.20     6.901	0.63637E+04
   2671.20     6.893	0.64092E+04
   2673.00     6.886	0.64498E+04
   2674.80     6.885	0.64555E+04
   2676.80     6.883	0.64689E+04
   2678.60     6.859	0.66125E+04
   2680.40     6.860	0.66077E+04
   2682.40     6.877	0.65042E+04
   2684.20     6.880	0.64877E+04
   2686.00     6.866	0.65678E+04
   2688.00     6.869	0.65536E+04
   2689.80     6.875	0.65160E+04
   2691.60     6.885	0.64578E+04
   2693.60     6.898	0.63777E+04
   2695.40     6.899	0.63726E+04
   2697.20     6.903	0.63526E+04
   2699.20     6.907	0.63248E+04
   2701.00     6.904	0.63441E+04
   2702.80     6.895	0.63944E+04
   2704.80     6.878	0.64994E+04
   2706.60     6.876	0.65125E+04
   2708.40     6.894	0.64040E+04
   2710.40     6.892	0.64136E+04
   2712.20     6.892	0.64129E+04
   2714.20     6.900	0.63661E+04
   2716.00     6.900	0.63660E+04
   2717.80     6.899	0.63716E+04
   2719.80     6.889	0.64310E+04
   2721.60     6.889	0.64311E+04
   2723.40     6.891	0.64186E+04
   2725.40     6.902	0.63539E+04
   2727.20     6.902	0.63546E+04
   2729.00     6.892	0.64143E+04
   2731.00     6.883	0.64707E+04
   2732.80     6.879	0.64904E+04
   2734.60     6.872	0.65371E+04
   2736.60     6.852	0.66552E+04
   2738.40     6.865	0.65776E+04
   2740.20     6.892	0.64179E+04
   2742.20     6.920	0.62504E+04
   2744.00     6.931	0.61901E+04
   2745.80     6.923	0.62360E+04
   2747.80     6.912	0.62953E+04
   2749.60     6.913	0.62903E+04
   2751.40     6.908	0.63234E+04
   2753.40     6.904	0.63423E+04
   2755.20     6.904	0.63464E+04
   2757.00     6.906	0.63346E+04
   2759.00     6.902	0.63543E+04
   2760.80     6.898	0.63810E+04
   2762.80     6.894	0.64059E+04
   2764.60     6.895	0.64002E+04
   2766.40     6.894	0.64012E+04
   2768.40     6.893	0.64070E+04
   2770.20     6.903	0.63508E+04
   2772.00     6.901	0.63626E+04
   2774.00     6.893	0.64108E+04
   2775.80     6.895	0.63978E+04
   2777.60     6.901	0.63648E+04
   2779.60     6.904	0.63424E+04
   2781.40     6.904	0.63432E+04
   2783.20     6.903	0.63522E+04
   2785.20     6.913	0.62915E+04
   2787.00     6.920	0.62530E+04
   2788.80     6.915	0.62802E+04
   2790.80     6.932	0.61851E+04
   2792.60     6.944	0.61170E+04
   2794.40     6.953	0.60624E+04
   2796.40     6.990	0.58638E+04
   2798.20     7.021	0.56968E+04
   2800.00     7.006	0.57735E+04
   2802.00     6.989	0.58654E+04
   2803.80     6.991	0.58549E+04
   2805.80     6.981	0.59079E+04
   2807.60     6.945	0.61084E+04
   2809.40     6.898	0.63815E+04
   2811.40     6.874	0.65198E+04
   2813.20     6.866	0.65709E+04
   2815.00     6.858	0.66164E+04
   2817.00     6.862	0.65948E+04
   2818.80     6.873	0.65295E+04
   2820.60     6.868	0.65595E+04
   2822.60     6.863	0.65893E+04
   2824.40     6.869	0.65532E+04
   2826.20     6.872	0.65341E+04
   2828.20     6.874	0.65243E+04
   2830.00     6.886	0.64532E+04
   2831.80     6.904	0.63421E+04
   2833.80     6.901	0.63610E+04
   2835.60     6.884	0.64619E+04
   2837.40     6.900	0.63690E+04
   2839.40     6.908	0.63195E+04
   2841.20     6.902	0.63568E+04
   2843.00     6.894	0.64032E+04
   2845.00     6.891	0.64196E+04
   2846.80     6.904	0.63454E+04
   2848.60     6.893	0.64068E+04
   2850.60     6.889	0.64302E+04
   2852.40     6.888	0.64415E+04
   2854.40     6.904	0.63432E+04
   2856.20     6.901	0.63606E+04
   2858.00     6.887	0.64431E+04
   2860.00     6.875	0.65135E+04
   2861.80     6.873	0.65277E+04
   2863.60     6.891	0.64202E+04
   2865.60     6.903	0.63498E+04
   2867.40     6.897	0.63855E+04
   2869.20     6.890	0.64245E+04
   2871.20     6.890	0.64242E+04
   2873.00     6.887	0.64459E+04
   2874.80     6.883	0.64700E+04
   2876.80     6.882	0.64738E+04
   2878.60     6.882	0.64715E+04
   2880.40     6.892	0.64175E+04
   2882.40     6.895	0.63985E+04
   2884.20     6.903	0.63480E+04
   2886.00     6.903	0.63497E+04
   2888.00     6.887	0.64436E+04
   2889.80     6.880	0.64870E+04
   2891.60     6.876	0.65123E+04
   2893.60     6.888	0.64364E+04
   2895.40     6.888	0.64370E+04
   2897.20     6.878	0.64989E+04
   2899.20     6.885	0.64559E+04
   2901.00     6.902	0.63560E+04
   2903.00     6.894	0.64040E+04
   2904.80     6.890	0.64291E+04
   2906.60     6.887	0.64446E+04
   2908.60     6.893	0.64070E+04
   2910.40     6.887	0.64418E+04
   2912.20     6.895	0.64003E+04
   2914.20     6.894	0.64061E+04
   2916.00     6.891	0.64199E+04
   2917.80     6.896	0.63913E+04
   2919.80     6.890	0.64263E+04
   2921.60     6.875	0.65143E+04
   2923.40     6.886	0.64530E+04
   2925.40     6.895	0.64001E+04
   2927.20     6.900	0.63702E+04
   2929.00     6.892	0.64179E+04
   2931.00     6.884	0.64647E+04
   2932.80     6.883	0.64672E+04
   2934.60     6.898	0.63824E+04
   2936.60     6.908	0.63207E+04
   2938.40     6.891	0.64230E+04
   2940.20     6.890	0.64291E+04
   2942.20     6.899	0.63752E+04
   2944.00     6.902	0.63537E+04
   2946.00     6.913	0.62948E+04
   2947.80     6.922	0.62394E+04
   2949.60     6.907	0.63280E+04
   2951.60     6.901	0.63620E+04
   2953.40     6.886	0.64496E+04
   2955.20     6.883	0.64684E+04
   2957.20     6.863	0.65859E+04
   2959.00     6.858	0.66183E+04
   2960.80     6.860	0.66092E+04
   2962.80     6.876	0.65079E+04
   2964.60     6.884	0.64654E+04
   2966.40     6.881	0.64775E+04
   2968.40     6.864	0.65806E+04
   2970.20     6.868	0.65593E+04
   2972.00     6.871	0.65388E+04
   2974.00     6.879	0.64924E+04
   2975.80     6.878	0.64975E+04
   2977.60     6.884	0.64607E+04
   2979.60     6.879	0.64924E+04
   2981.40     6.875	0.65169E+04
   2983.20     6.872	0.65332E+04
   2985.20     6.884	0.64620E+04
   2987.00     6.879	0.64908E+04
   2988.80     6.880	0.64834E+04
   2990.80     6.880	0.64864E+04
   2992.60     6.885	0.64564E+04
   2994.60     6.895	0.64002E+04
   2996.40     6.893	0.64105E+04
   2998.20     6.879	0.64950E+04
   3000.20     6.873	0.65311E+04
   3002.00     6.879	0.64939E+04
   3003.80     6.878	0.64958E+04
   3005.80     6.868	0.65576E+04
   3007.60     6.861	0.65988E+04
   3009.40     6.853	0.66514E+04
   3011.40     6.858	0.66198E+04
   3013.20     6.865	0.65753E+04
   3015.00     6.871	0.65431E+04
   3017.00     6.868	0.65571E+04
   3018.80     6.861	0.66021E+04
   3020.60     6.849	0.66719E+04
   3022.60     6.856	0.66302E+04
   3024.40     6.867	0.65629E+04
   3026.20     6.864	0.65839E+04
   3028.20     6.858	0.66203E+04
   3030.00     6.847	0.66889E+04
   3031.80     6.832	0.67818E+04
   3033.80     6.851	0.66637E+04
   3035.60     6.859	0.66105E+04
   3037.40     6.855	0.66347E+04
   3039.40     6.859	0.66140E+04
   3041.20     6.859	0.66139E+04
   3043.20     6.858	0.66201E+04
   3045.00     6.853	0.66486E+04
   3046.80     6.857	0.66265E+04
   3048.80     6.842	0.67176E+04
   3050.60     6.845	0.67001E+04
   3052.40     6.850	0.66666E+04
   3054.40     6.868	0.65568E+04
   3056.20     6.872	0.65314E+04
   3058.00     6.871	0.65417E+04
   3060.00     6.873	0.65298E+04
   3061.80     6.886	0.64522E+04
   3063.60     6.894	0.64057E+04
   3065.60     6.876	0.65132E+04
   3067.40     6.858	0.66173E+04
   3069.20     6.856	0.66326E+04
   3071.20     6.858	0.66203E+04
   3073.00     6.863	0.65872E+04
   3074.80     6.870	0.65488E+04
   3076.80     6.877	0.65029E+04
   3078.60     6.867	0.65643E+04
   3080.40     6.855	0.66395E+04
   3082.40     6.854	0.66410E+04
   3084.20     6.853	0.66510E+04
   3086.20     6.854	0.66463E+04
   3088.00     6.864	0.65816E+04
   3089.80     6.869	0.65548E+04
   3091.80     6.869	0.65530E+04
   3093.60     6.868	0.65602E+04
   3095.40     6.871	0.65394E+04
   3097.40     6.887	0.64427E+04
   3099.20     6.868	0.65604E+04
   3101.00     6.851	0.66640E+04
   3103.00     6.866	0.65701E+04
   3104.80     6.862	0.65936E+04
   3106.60     6.840	0.67306E+04
   3108.60     6.838	0.67414E+04
   3110.40     6.853	0.66471E+04
   3112.20     6.870	0.65461E+04
   3114.20     6.873	0.65311E+04
   3116.00     6.875	0.65174E+04
   3117.80     6.870	0.65433E+04
   3119.80     6.876	0.65117E+04
   3121.60     6.869	0.65548E+04
   3123.40     6.874	0.65232E+04
   3125.40     6.873	0.65258E+04
   3127.20     6.868	0.65562E+04
   3129.00     6.860	0.66066E+04
   3131.00     6.858	0.66218E+04
   3132.80     6.860	0.66099E+04
   3134.80     6.850	0.66686E+04
   3136.60     6.857	0.66280E+04
   3138.40     6.862	0.65943E+04
   3140.40     6.850	0.66696E+04
   3142.20     6.865	0.65775E+04
   3144.00     6.880	0.64836E+04
   3146.00     6.882	0.64758E+04
   3147.80     6.865	0.65742E+04
   3149.60     6.867	0.65664E+04
   3151.60     6.847	0.66888E+04
   3153.40     6.848	0.66817E+04
   3155.20     6.860	0.66093E+04
   3157.20     6.842	0.67186E+04
   3159.00     6.844	0.67049E+04
   3160.80     6.861	0.66023E+04
   3162.80     6.863	0.65917E+04
   3164.60     6.847	0.66845E+04
   3166.40     6.842	0.67154E+04
   3168.40     6.867	0.65628E+04
   3170.20     6.882	0.64774E+04
   3172.00     6.872	0.65348E+04
   3174.00     6.878	0.64986E+04
   3175.80     6.900	0.63655E+04
   3177.60     6.902	0.63557E+04
   3179.60     6.901	0.63592E+04
   3181.40     6.879	0.64910E+04
   3183.40     6.867	0.65622E+04
   3185.20     6.880	0.64842E+04
   3187.00     6.898	0.63785E+04
   3189.00     6.906	0.63319E+04
   3190.80     6.902	0.63556E+04
   3192.60     6.884	0.64603E+04
   3194.60     6.868	0.65593E+04
   3196.40     6.860	0.66075E+04
   3198.20     6.864	0.65800E+04
   3205.30     6.807	0.69406E+04
   3210.65     6.803	0.69610E+04
   3216.01     6.803	0.69604E+04
   3221.38     6.805	0.69528E+04
   3226.75     6.806	0.69453E+04
   3232.14     6.807	0.69376E+04
   3237.53     6.808	0.69311E+04
   3242.94     6.807	0.69352E+04
   3248.35     6.807	0.69393E+04
   3253.77     6.806	0.69435E+04
   3259.20     6.805	0.69476E+04
   3264.64     6.805	0.69497E+04
   3270.09     6.805	0.69496E+04
   3275.55     6.805	0.69496E+04
   3281.02     6.805	0.69495E+04
   3286.50     6.805	0.69494E+04
   3291.98     6.805	0.69534E+04
   3297.48     6.804	0.69578E+04
   3302.98     6.803	0.69622E+04
   3308.50     6.802	0.69666E+04
   3314.02     6.802	0.69671E+04
   3319.55     6.803	0.69608E+04
   3325.09     6.804	0.69546E+04
   3330.64     6.805	0.69484E+04
   3336.20     6.806	0.69420E+04
   3341.77     6.807	0.69372E+04
   3347.35     6.808	0.69324E+04
   3352.93     6.809	0.69277E+04
   3358.53     6.809	0.69229E+04
   3364.14     6.810	0.69213E+04
   3369.75     6.809	0.69250E+04
   3375.38     6.808	0.69285E+04
   3381.01     6.808	0.69320E+04
   3386.66     6.807	0.69357E+04
   3392.31     6.808	0.69328E+04
   3397.97     6.808	0.69294E+04
   3403.64     6.809	0.69261E+04
   3409.32     6.809	0.69227E+04
   3415.01     6.809	0.69236E+04
   3420.72     6.808	0.69282E+04
   3426.43     6.808	0.69329E+04
   3432.15     6.807	0.69375E+04
   3437.87     6.806	0.69407E+04
   3443.61     6.807	0.69357E+04
   3449.36     6.808	0.69305E+04
   3455.12     6.809	0.69254E+04
   3460.89     6.810	0.69202E+04
   3466.66     6.810	0.69196E+04
   3472.45     6.810	0.69199E+04
   3478.25     6.810	0.69202E+04
   3484.05     6.810	0.69207E+04
   3489.87     6.810	0.69203E+04
   3495.69     6.810	0.69194E+04
   3501.53     6.810	0.69185E+04
   3507.37     6.810	0.69175E+04
   3513.23     6.810	0.69164E+04
   3519.09     6.811	0.69146E+04
   3524.97     6.811	0.69128E+04
   3530.85     6.811	0.69110E+04
   3536.74     6.811	0.69091E+04
   3542.65     6.812	0.69039E+04
   3548.56     6.813	0.68985E+04
   3554.48     6.814	0.68930E+04
   3560.42     6.815	0.68876E+04
   3566.36     6.816	0.68803E+04
   3572.31     6.817	0.68724E+04
   3578.27     6.818	0.68645E+04
   3584.25     6.820	0.68565E+04
   3590.23     6.820	0.68525E+04
   3596.22     6.820	0.68519E+04
   3602.23     6.821	0.68511E+04
   3608.24     6.821	0.68504E+04
   3614.26     6.821	0.68488E+04
   3620.29     6.821	0.68455E+04
   3626.34     6.822	0.68422E+04
   3632.39     6.823	0.68389E+04
   3638.46     6.823	0.68374E+04
   3644.53     6.823	0.68383E+04
   3650.61     6.822	0.68393E+04
   3656.71     6.822	0.68403E+04
   3662.81     6.824	0.68266E+04
   3668.92     6.832	0.67780E+04
   3675.05     6.840	0.67293E+04
   3681.18     6.848	0.66805E+04
   3687.33     6.854	0.66440E+04
   3693.48     6.824	0.68296E+04
   3699.65     6.795	0.70156E+04
   3705.82     6.766	0.72040E+04
   3712.01     6.738	0.73907E+04
   3718.20     6.689	0.77363E+04
   3724.41     6.641	0.80826E+04
   3730.63     6.596	0.84294E+04
   3736.85     6.552	0.87768E+04
   3743.09     6.550	0.87890E+04
   3749.34     6.550	0.87929E+04
   3755.60     6.549	0.87969E+04
   3761.87     6.549	0.88009E+04
   3768.15     6.506	0.91537E+04
   3774.44     6.464	0.95148E+04
   3780.74     6.423	0.98765E+04
   3787.05     6.384	0.10238E+05
   3793.37     6.363	0.10444E+05
   3799.70     6.342	0.10651E+05
   3806.04     6.321	0.10858E+05
   3812.40     6.303	0.11033E+05
   3818.76     6.334	0.10723E+05
   3825.14     6.366	0.10412E+05
   3831.52     6.399	0.10102E+05
   3837.92     6.420	0.99069E+04
   3844.32     6.366	0.10413E+05
   3850.74     6.314	0.10920E+05
   3857.17     6.265	0.11428E+05
   3863.60     6.242	0.11675E+05
   3870.05     6.294	0.11132E+05
   3876.51     6.348	0.10587E+05
   3882.98     6.405	0.10042E+05
   3889.47     6.420	0.99041E+04
   3895.96     6.364	0.10434E+05
   3902.46     6.310	0.10964E+05
   3908.98     6.259	0.11494E+05
   3915.50     6.237	0.11728E+05
   3922.04     6.239	0.11703E+05
   3928.58     6.242	0.11678E+05
   3935.14     6.244	0.11653E+05
   3941.71     6.278	0.11292E+05
   3948.29     6.327	0.10799E+05
   3954.88     6.377	0.10304E+05
   3961.48     6.431	0.98094E+04
   3968.09     6.396	0.10126E+05
   3974.72     6.356	0.10511E+05
   3981.35     6.317	0.10899E+05
   3988.00     6.283	0.11239E+05
   3994.65     6.276	0.11313E+05
   4001.32     6.269	0.11386E+05
   4008.00     6.262	0.11461E+05
   4014.69     6.259	0.11492E+05
   4021.39     6.262	0.11459E+05
   4028.10     6.265	0.11426E+05
   4034.83     6.268	0.11392E+05
   4041.56     6.269	0.11390E+05
   4048.31     6.267	0.11405E+05
   4055.07     6.266	0.11418E+05
   4061.84     6.265	0.11431E+05
   4068.62     6.279	0.11280E+05
   4075.41     6.294	0.11126E+05
   4082.21     6.309	0.10971E+05
   4089.02     6.330	0.10761E+05
   4095.85     6.365	0.10420E+05
   4102.69     6.401	0.10079E+05
   4109.54     6.439	0.97369E+04
   4116.40     6.425	0.98609E+04
   4123.27     6.383	0.10248E+05
   4130.15     6.343	0.10634E+05
   4137.04     6.305	0.11020E+05
   4143.95     6.302	0.11048E+05
   4150.87     6.299	0.11078E+05
   4157.79     6.296	0.11106E+05
   4164.73     6.295	0.11122E+05
   4171.69     6.295	0.11118E+05
   4178.65     6.295	0.11114E+05
   4185.62     6.296	0.11110E+05
   4192.61     6.297	0.11098E+05
   4199.61     6.298	0.11083E+05
   4206.62     6.300	0.11068E+05
   4213.64     6.301	0.11052E+05
   4220.67     6.304	0.11029E+05
   4227.72     6.306	0.11006E+05
   4234.78     6.308	0.10983E+05
   4241.85     6.312	0.10946E+05
   4248.93     6.316	0.10904E+05
   4256.02     6.320	0.10863E+05
   4263.12     6.324	0.10827E+05
   4270.24     6.324	0.10828E+05
   4277.37     6.324	0.10829E+05
   4284.51     6.323	0.10830E+05
   4291.66     6.326	0.10807E+05
   4298.82     6.329	0.10773E+05
   4306.00     6.333	0.10737E+05
   4313.19     6.345	0.10619E+05
   4320.38     6.401	0.10079E+05
   4327.60     6.461	0.95382E+04
   4334.82     6.525	0.89960E+04
   4342.06     6.505	0.91618E+04
   4349.30     6.450	0.96342E+04
   4356.56     6.398	0.10109E+05
   4363.84     6.361	0.10465E+05
   4371.12     6.360	0.10471E+05
   4378.42     6.359	0.10478E+05
   4385.73     6.359	0.10484E+05
   4393.04     6.358	0.10489E+05
   4400.38     6.358	0.10495E+05
   4407.72     6.357	0.10500E+05
   4415.08     6.358	0.10492E+05
   4422.45     6.361	0.10465E+05
   4429.83     6.364	0.10437E+05
   4437.23     6.366	0.10409E+05
   4444.63     6.369	0.10381E+05
   4452.05     6.372	0.10353E+05
   4459.48     6.375	0.10324E+05
   4466.93     6.378	0.10302E+05
   4474.38     6.380	0.10283E+05
   4481.85     6.382	0.10265E+05
   4489.33     6.383	0.10252E+05
   4496.83     6.383	0.10251E+05
   4504.33     6.383	0.10251E+05
   4511.85     6.383	0.10250E+05
   4519.38     6.384	0.10238E+05
   4526.93     6.386	0.10225E+05
   4534.48     6.387	0.10213E+05
   4542.05     6.389	0.10195E+05
   4549.63     6.391	0.10176E+05
   4557.23     6.393	0.10157E+05
   4564.84     6.395	0.10139E+05
   4572.46     6.397	0.10124E+05
   4580.09     6.398	0.10109E+05
   4587.73     6.400	0.10094E+05
   4595.39     6.402	0.10075E+05
   4603.06     6.404	0.10056E+05
   4610.75     6.406	0.10037E+05
   4618.44     6.408	0.10021E+05
   4626.15     6.410	0.10004E+05
   4633.87     6.411	0.99879E+04
   4641.61     6.413	0.99705E+04
   4649.35     6.415	0.99524E+04
   4657.12     6.417	0.99343E+04
   4664.89     6.419	0.99182E+04
   4672.68     6.420	0.99058E+04
   4680.48     6.422	0.98934E+04
   4688.29     6.424	0.98743E+04
   4696.12     6.429	0.98222E+04
   4703.95     6.435	0.97700E+04
   4711.81     6.441	0.97178E+04
   4719.67     6.440	0.97251E+04
   4727.55     6.439	0.97339E+04
   4735.44     6.438	0.97427E+04
   4743.34     6.438	0.97410E+04
   4751.26     6.439	0.97363E+04
   4759.19     6.440	0.97318E+04
   4767.14     6.442	0.97133E+04
   4775.09     6.445	0.96872E+04
   4783.06     6.447	0.96609E+04
   4791.05     6.450	0.96359E+04
   4799.05     6.453	0.96121E+04
   4807.06     6.456	0.95882E+04
   4815.08     6.459	0.95609E+04
   4823.12     6.463	0.95276E+04
   4831.17     6.466	0.94943E+04
   4839.23     6.485	0.93297E+04
   4847.31     6.546	0.88212E+04
   4855.40     6.611	0.83117E+04
   4863.51     6.654	0.79843E+04
   4871.62     6.592	0.84604E+04
   4879.76     6.532	0.89376E+04
   4887.90     6.482	0.93609E+04
   4896.06     6.484	0.93438E+04
   4904.23     6.486	0.93268E+04
   4912.42     6.487	0.93112E+04
   4920.62     6.486	0.93221E+04
   4928.83     6.485	0.93331E+04
   4937.06     6.484	0.93441E+04
   4945.30     6.485	0.93315E+04
   4953.56     6.487	0.93187E+04
   4961.83     6.488	0.93060E+04
   4970.11     6.490	0.92863E+04
   4978.40     6.493	0.92664E+04
   4986.71     6.495	0.92466E+04
   4995.04     6.499	0.92115E+04
   5003.38     6.503	0.91758E+04
   5011.73     6.508	0.91398E+04
   5020.09     6.512	0.91038E+04
   5028.47     6.515	0.90802E+04
   5036.87     6.516	0.90738E+04
   5045.27     6.516	0.90672E+04
   5053.69     6.517	0.90609E+04
   5062.13     6.518	0.90544E+04
   5070.58     6.519	0.90480E+04
   5079.04     6.520	0.90372E+04
   5087.52     6.522	0.90215E+04
   5096.01     6.524	0.90058E+04
   5104.52     6.526	0.89901E+04
   5113.04     6.527	0.89744E+04
   5121.58     6.529	0.89585E+04
   5130.12     6.531	0.89439E+04
   5138.69     6.533	0.89299E+04
   5147.27     6.535	0.89159E+04
   5155.86     6.536	0.89017E+04
   5164.46     6.538	0.88876E+04
   5173.08     6.540	0.88735E+04
   5181.72     6.542	0.88568E+04
   5190.37     6.544	0.88393E+04
   5199.03     6.546	0.88218E+04
   5207.71     6.548	0.88041E+04
   5216.40     6.550	0.87866E+04
   5225.11     6.553	0.87689E+04
   5233.83     6.555	0.87531E+04
   5242.57     6.557	0.87373E+04
   5251.32     6.559	0.87215E+04
   5260.08     6.560	0.87057E+04
   5268.87     6.562	0.86899E+04
   5277.66     6.565	0.86735E+04
   5286.47     6.567	0.86555E+04
   5295.29     6.569	0.86375E+04
   5304.13     6.571	0.86195E+04
   5312.99     6.574	0.86013E+04
   5321.85     6.576	0.85832E+04
   5330.74     6.578	0.85684E+04
   5339.64     6.579	0.85555E+04
   5348.55     6.581	0.85425E+04
   5357.48     6.583	0.85295E+04
   5366.42     6.584	0.85165E+04
   5375.38     6.586	0.85031E+04
   5384.35     6.588	0.84844E+04
   5393.34     6.591	0.84656E+04
   5402.34     6.593	0.84466E+04
   5411.36     6.596	0.84278E+04
   5420.39     6.598	0.84089E+04
   5429.44     6.601	0.83906E+04
   5438.50     6.603	0.83733E+04
   5447.58     6.605	0.83560E+04
   5456.67     6.607	0.83387E+04
   5465.78     6.610	0.83213E+04
   5474.90     6.612	0.83037E+04
   5484.04     6.613	0.82915E+04
   5493.20     6.615	0.82792E+04
   5502.37     6.617	0.82668E+04
   5511.55     6.618	0.82545E+04
   5520.75     6.620	0.82420E+04
   5529.97     6.622	0.82274E+04
   5539.20     6.624	0.82106E+04
   5548.44     6.626	0.81940E+04
   5557.71     6.628	0.81774E+04
   5566.98     6.631	0.81609E+04
   5576.27     6.633	0.81443E+04
   5585.58     6.635	0.81264E+04
   5594.91     6.638	0.81085E+04
   5604.25     6.640	0.80906E+04
   5613.60     6.642	0.80727E+04
   5622.97     6.645	0.80546E+04
   5632.36     6.647	0.80398E+04
   5641.76     6.649	0.80260E+04
   5651.17     6.651	0.80122E+04
   5660.61     6.653	0.79982E+04
   5670.06     6.654	0.79843E+04
   5679.52     6.656	0.79702E+04
   5689.00     6.658	0.79561E+04
   5698.50     6.660	0.79420E+04
   5708.01     6.662	0.79277E+04
   5717.54     6.664	0.79136E+04
   5727.08     6.666	0.78993E+04
   5736.64     6.668	0.78848E+04
   5746.22     6.670	0.78704E+04
   5755.81     6.672	0.78558E+04
   5765.42     6.674	0.78412E+04
   5775.04     6.676	0.78266E+04
   5784.68     6.678	0.78115E+04
   5794.34     6.680	0.77964E+04
   5804.01     6.682	0.77811E+04
   5813.70     6.685	0.77660E+04
   5823.40     6.687	0.77506E+04
   5833.12     6.690	0.77273E+04
   5842.86     6.693	0.77022E+04
   5852.61     6.697	0.76772E+04
   5862.38     6.701	0.76519E+04
   5872.17     6.704	0.76267E+04
   5881.97     6.706	0.76157E+04
   5891.79     6.707	0.76101E+04
   5901.62     6.707	0.76044E+04
   5911.47     6.708	0.75987E+04
   5921.34     6.709	0.75931E+04
   5931.22     6.711	0.75794E+04
   5941.12     6.714	0.75609E+04
   5951.04     6.716	0.75424E+04
   5960.97     6.719	0.75240E+04
   5970.92     6.722	0.75054E+04
   5980.89     6.724	0.74905E+04
   5990.87     6.725	0.74783E+04
   6000.87     6.727	0.74661E+04
   6010.89     6.729	0.74538E+04
   6020.92     6.731	0.74415E+04
   6030.97     6.733	0.74279E+04
   6041.04     6.735	0.74133E+04
   6051.12     6.737	0.73987E+04
   6061.23     6.739	0.73842E+04
   6071.34     6.741	0.73694E+04
   6081.48     6.744	0.73544E+04
   6091.63     6.746	0.73392E+04
   6101.80     6.748	0.73238E+04
   6111.98     6.750	0.73085E+04
   6122.19     6.753	0.72931E+04
   6132.40     6.755	0.72782E+04
   6142.64     6.757	0.72635E+04
   6152.89     6.759	0.72489E+04
   6163.16     6.762	0.72341E+04
   6173.45     6.764	0.72192E+04
   6183.76     6.766	0.72020E+04
   6194.08     6.769	0.71843E+04
   6204.42     6.772	0.71666E+04
   6214.77     6.774	0.71487E+04
   6225.15     6.777	0.71310E+04
   6235.54     6.779	0.71194E+04
   6245.95     6.781	0.71078E+04
   6256.37     6.782	0.70960E+04
   6266.82     6.784	0.70843E+04
   6277.28     6.786	0.70712E+04
   6287.75     6.789	0.70534E+04
   6298.25     6.792	0.70353E+04
   6308.76     6.795	0.70173E+04
   6319.29     6.797	0.69993E+04
   6329.84     6.800	0.69842E+04
   6340.41     6.802	0.69726E+04
   6350.99     6.803	0.69609E+04
   6361.59     6.805	0.69493E+04
   6372.21     6.807	0.69376E+04
   6382.85     6.809	0.69244E+04
   6393.50     6.811	0.69105E+04
   6404.17     6.813	0.68967E+04
   6414.87     6.816	0.68829E+04
   6425.57     6.818	0.68689E+04
   6436.30     6.820	0.68533E+04
   6447.04     6.823	0.68377E+04
   6457.80     6.825	0.68220E+04
   6468.58     6.828	0.68064E+04
   6479.38     6.830	0.67897E+04
   6490.20     6.833	0.67718E+04
   6501.03     6.836	0.67537E+04
   6511.88     6.839	0.67356E+04
   6522.75     6.842	0.67176E+04
   6533.64     6.856	0.66294E+04
   6544.54     6.874	0.65227E+04
   6555.47     6.892	0.64158E+04
   6566.41     6.910	0.63086E+04
   6577.37     6.922	0.62427E+04
   6588.35     6.907	0.63267E+04
   6599.35     6.893	0.64108E+04
   6610.36     6.879	0.64950E+04
   6621.40     6.865	0.65795E+04
   6632.45     6.862	0.65944E+04
   6643.52     6.865	0.65756E+04
   6654.61     6.868	0.65568E+04
   6665.72     6.871	0.65378E+04
   6676.85     6.874	0.65207E+04
   6687.99     6.876	0.65125E+04
   6699.15     6.877	0.65043E+04
   6710.34     6.878	0.64961E+04
   6721.54     6.880	0.64879E+04
   6732.76     6.882	0.64754E+04
   6744.00     6.884	0.64608E+04
   6755.25     6.887	0.64462E+04
   6766.53     6.889	0.64316E+04
   6777.82     6.892	0.64171E+04
   6789.14     6.894	0.64030E+04
   6800.47     6.896	0.63889E+04
   6811.82     6.899	0.63747E+04
   6823.19     6.901	0.63605E+04
   6834.58     6.903	0.63478E+04
   6845.99     6.906	0.63353E+04
   6857.42     6.908	0.63227E+04
   6868.86     6.910	0.63101E+04
   6880.33     6.912	0.62969E+04
   6891.81     6.915	0.62830E+04
   6903.32     6.917	0.62690E+04
   6914.84     6.919	0.62550E+04
   6926.38     6.922	0.62410E+04
   6937.94     6.924	0.62275E+04
   6949.52     6.927	0.62139E+04
   6961.12     6.929	0.62004E+04
   6972.75     6.931	0.61868E+04
   6984.38     6.934	0.61731E+04
   6996.04     6.936	0.61593E+04
   7007.72     6.939	0.61454E+04
   7019.42     6.941	0.61316E+04
   7031.13     6.944	0.61153E+04
   7042.87     6.947	0.60966E+04
   7054.63     6.951	0.60778E+04
   7066.40     6.954	0.60590E+04
   7078.20     6.957	0.60428E+04
   7090.01     6.959	0.60330E+04
   7101.85     6.960	0.60233E+04
   7113.70     6.962	0.60135E+04
   7125.58     6.964	0.60037E+04
   7137.47     6.966	0.59939E+04
   7149.38     6.967	0.59841E+04
   7161.32     6.970	0.59702E+04
   7173.27     6.973	0.59560E+04
   7185.25     6.975	0.59417E+04
   7197.24     6.978	0.59275E+04
   7209.25     6.980	0.59132E+04
   7221.29     6.983	0.58989E+04
   7233.34     6.986	0.58845E+04
   7245.42     6.988	0.58701E+04
   7257.51     6.991	0.58576E+04
   7269.62     6.993	0.58462E+04
   7281.76     6.995	0.58348E+04
   7293.91     6.997	0.58234E+04
   7306.09     6.999	0.58119E+04
   7318.28     7.001	0.58004E+04
   7330.50     7.004	0.57889E+04
   7342.73     7.006	0.57772E+04
   7354.99     7.008	0.57651E+04
   7367.27     7.010	0.57518E+04
   7379.57     7.013	0.57386E+04
   7391.88     7.015	0.57254E+04
   7404.22     7.018	0.57121E+04
   7416.58     7.021	0.56986E+04
   7428.96     7.023	0.56853E+04
   7441.36     7.026	0.56720E+04
   7453.78     7.028	0.56589E+04
   7466.23     7.030	0.56469E+04
   7478.69     7.033	0.56349E+04
   7491.17     7.035	0.56227E+04
   7503.68     7.037	0.56106E+04
   7516.20     7.040	0.55985E+04
   7528.75     7.042	0.55863E+04
   7541.31     7.045	0.55741E+04
   7553.90     7.047	0.55619E+04
   7566.51     7.049	0.55496E+04
   7579.14     7.052	0.55372E+04
   7591.79     7.054	0.55248E+04
   7604.46     7.057	0.55124E+04
   7617.16     7.059	0.55000E+04
   7629.87     7.062	0.54876E+04
   7642.61     7.064	0.54751E+04
   7655.37     7.067	0.54620E+04
   7668.15     7.069	0.54478E+04
   7680.94     7.072	0.54338E+04
   7693.77     7.075	0.54197E+04
   7706.61     7.078	0.54055E+04
   7719.47     7.081	0.53913E+04
   7732.36     7.084	0.53771E+04
   7745.26     7.087	0.53628E+04
   7758.19     7.089	0.53503E+04
   7771.14     7.091	0.53386E+04
   7784.12     7.094	0.53269E+04
   7797.11     7.096	0.53153E+04
   7810.12     7.099	0.53036E+04
   7823.16     7.101	0.52919E+04
   7836.22     7.103	0.52801E+04
   7849.30     7.106	0.52683E+04
   7862.40     7.108	0.52576E+04
   7875.52     7.110	0.52469E+04
   7888.67     7.112	0.52361E+04
   7901.84     7.115	0.52254E+04
   7915.03     7.117	0.52146E+04
   7928.24     7.119	0.52038E+04
   7941.47     7.121	0.51930E+04
   7954.73     7.124	0.51819E+04
   7968.01     7.126	0.51704E+04
   7981.31     7.129	0.51589E+04
   7994.63     7.131	0.51473E+04
   8007.98     7.133	0.51358E+04
   8021.34     7.136	0.51242E+04
   8034.73     7.138	0.51125E+04
   8048.14     7.141	0.51010E+04
   8061.58     7.143	0.50890E+04
   8075.03     7.146	0.50770E+04
   8088.51     7.149	0.50650E+04
   8102.02     7.151	0.50530E+04
   8115.54     7.154	0.50409E+04
   8129.08     7.156	0.50289E+04
   8142.65     7.159	0.50168E+04
   8156.25     7.161	0.50056E+04
   8169.86     7.163	0.49961E+04
   8183.50     7.165	0.49867E+04
   8197.16     7.168	0.49773E+04
   8210.84     7.170	0.49679E+04
   8224.55     7.172	0.49584E+04
   8238.27     7.174	0.49490E+04
   8252.03     7.176	0.49395E+04
   8265.80     7.179	0.49239E+04
   8279.60     7.183	0.49085E+04
   8293.42     7.186	0.48929E+04
   8307.26     7.190	0.48774E+04
   8321.13     7.193	0.48619E+04
   8335.02     7.196	0.48462E+04
   8348.93     7.200	0.48306E+04
   8362.87     7.203	0.48193E+04
   8376.83     7.205	0.48082E+04
   8390.81     7.208	0.47972E+04
   8404.82     7.210	0.47861E+04
   8418.84     7.213	0.47750E+04
   8432.90     7.215	0.47638E+04
   8446.97     7.218	0.47526E+04
   8461.07     7.219	0.47480E+04
   8475.20     7.219	0.47451E+04
   8489.34     7.220	0.47423E+04
   8503.51     7.221	0.47393E+04
   8517.71     7.221	0.47364E+04
   8531.93     7.222	0.47335E+04
   8546.17     7.223	0.47306E+04
   8560.43     7.223	0.47275E+04
   8574.72     7.224	0.47246E+04
   8589.04     7.225	0.47216E+04
   8603.37     7.225	0.47186E+04
   8617.73     7.226	0.47157E+04
   8632.12     7.227	0.47127E+04
   8646.53     7.228	0.47097E+04
   8660.96     7.227	0.47135E+04
   8675.42     7.225	0.47194E+04
   8689.90     7.224	0.47255E+04
   8704.40     7.223	0.47315E+04
   8718.93     7.221	0.47375E+04
   8733.49     7.220	0.47436E+04
   8748.06     7.218	0.47496E+04
   8762.67     7.221	0.47398E+04
   8777.29     7.223	0.47276E+04
   8791.95     7.226	0.47153E+04
   8806.62     7.229	0.47030E+04
   8821.32     7.232	0.46906E+04
   8836.04     7.235	0.46783E+04
   8850.79     7.237	0.46677E+04
   8865.57     7.232	0.46882E+04
   8880.37     7.228	0.47087E+04
   8895.19     7.223	0.47292E+04
   8910.04     7.218	0.47498E+04
   8924.91     7.214	0.47705E+04
   8939.81     7.209	0.47912E+04
   8954.73     7.209	0.47921E+04
   8969.68     7.218	0.47506E+04
   8984.65     7.228	0.47090E+04
   8999.65     7.237	0.46673E+04
   9014.67     7.247	0.46255E+04
   9029.72     7.257	0.45836E+04
   9044.79     7.267	0.45416E+04
   9059.89     7.267	0.45407E+04
   9075.01     7.262	0.45614E+04
   9090.16     7.257	0.45822E+04
   9105.33     7.252	0.46033E+04
   9120.53     7.247	0.46244E+04
   9135.75     7.242	0.46456E+04
   9151.00     7.238	0.46623E+04
   9166.28     7.249	0.46172E+04
   9181.58     7.260	0.45719E+04
   9196.91     7.271	0.45266E+04
   9212.26     7.282	0.44812E+04
   9227.63     7.293	0.44357E+04
   9243.04     7.304	0.43900E+04
   9258.47     7.306	0.43821E+04
   9273.92     7.300	0.44053E+04
   9289.40     7.294	0.44286E+04
   9304.91     7.289	0.44518E+04
   9320.44     7.283	0.44752E+04
   9336.00     7.277	0.44986E+04
   9351.58     7.273	0.45184E+04
   9367.19     7.275	0.45062E+04
   9382.83     7.278	0.44939E+04
   9398.49     7.281	0.44816E+04
   9414.18     7.284	0.44693E+04
   9429.89     7.287	0.44568E+04
   9445.63     7.290	0.44445E+04
   9461.40     7.299	0.44107E+04
   9477.19     7.309	0.43685E+04
   9493.01     7.320	0.43264E+04
   9508.86     7.330	0.42842E+04
   9524.73     7.341	0.42418E+04
   9540.63     7.352	0.41993E+04
   9556.55     7.356	0.41826E+04
   9572.50     7.351	0.42032E+04
   9588.48     7.346	0.42238E+04
   9604.49     7.340	0.42444E+04
   9620.52     7.335	0.42651E+04
   9636.58     7.330	0.42857E+04
   9652.66     7.326	0.43014E+04
   9668.78     7.328	0.42919E+04
   9684.92     7.331	0.42822E+04
   9701.08     7.333	0.42727E+04
   9717.27     7.336	0.42630E+04
   9733.49     7.338	0.42534E+04
   9749.74     7.341	0.42437E+04
   9766.02     7.343	0.42328E+04
   9782.32     7.346	0.42220E+04
   9798.65     7.349	0.42111E+04
   9815.00     7.352	0.42002E+04
   9831.39     7.355	0.41892E+04
   9847.80     7.357	0.41783E+04
   9864.23     7.360	0.41675E+04
   9880.70     7.363	0.41568E+04
   9897.19     7.366	0.41460E+04
   9913.71     7.369	0.41352E+04
   9930.26     7.372	0.41244E+04
   9946.84     7.374	0.41135E+04
   9963.44     7.384	0.40783E+04
   9980.07     7.395	0.40373E+04
   9996.73     7.406	0.39961E+04
  10013.42     7.417	0.39549E+04
  10030.13     7.429	0.39136E+04
  10046.87     7.440	0.38722E+04
  10063.64     7.438	0.38808E+04
  10080.44     7.432	0.39008E+04
  10097.27     7.426	0.39210E+04
  10114.12     7.421	0.39412E+04
  10131.01     7.415	0.39614E+04
  10147.92     7.410	0.39817E+04
  10164.86     7.411	0.39761E+04
  10181.82     7.414	0.39670E+04
  10198.82     7.416	0.39580E+04
  10215.84     7.419	0.39488E+04
  10232.90     7.421	0.39396E+04
  10249.98     7.424	0.39304E+04
  10267.09     7.427	0.39197E+04
  10284.22     7.430	0.39089E+04
  10301.39     7.433	0.38981E+04
  10318.59     7.436	0.38873E+04
  10335.81     7.439	0.38765E+04
  10353.06     7.442	0.38658E+04
  10370.34     7.445	0.38564E+04
  10387.65     7.447	0.38470E+04
  10404.99     7.450	0.38376E+04
  10422.36     7.453	0.38281E+04
  10439.76     7.455	0.38185E+04
  10457.18     7.458	0.38087E+04
  10474.64     7.461	0.37986E+04
  10492.12     7.464	0.37885E+04
  10509.64     7.467	0.37783E+04
  10527.18     7.470	0.37681E+04
  10544.75     7.473	0.37580E+04
  10562.35     7.476	0.37476E+04
  10579.99     7.479	0.37372E+04
  10597.65     7.482	0.37267E+04
  10615.33     7.485	0.37161E+04
  10633.05     7.488	0.37056E+04
  10650.80     7.491	0.36952E+04
  10668.58     7.494	0.36863E+04
  10686.39     7.496	0.36774E+04
  10704.23     7.499	0.36685E+04
  10722.09     7.501	0.36597E+04
  10739.99     7.504	0.36507E+04
  10757.92     7.507	0.36406E+04
  10775.88     7.511	0.36289E+04
  10793.86     7.514	0.36170E+04
  10811.88     7.518	0.36052E+04
  10829.93     7.521	0.35934E+04
  10848.01     7.525	0.35816E+04
  10866.11     7.535	0.35482E+04
  10884.25     7.546	0.35121E+04
  10902.42     7.557	0.34759E+04
  10920.62     7.569	0.34396E+04
  10938.85     7.580	0.34033E+04
  10957.11     7.585	0.33887E+04
  10975.40     7.579	0.34084E+04
  10993.72     7.572	0.34282E+04
  11012.07     7.566	0.34480E+04
  11030.45     7.560	0.34679E+04
  11048.86     7.554	0.34878E+04
  11067.30     7.556	0.34812E+04
  11085.78     7.558	0.34729E+04
  11104.28     7.561	0.34647E+04
  11122.82     7.563	0.34564E+04
  11141.38     7.566	0.34480E+04
  11159.98     7.569	0.34391E+04
  11178.61     7.572	0.34296E+04
  11197.27     7.575	0.34201E+04
  11215.96     7.578	0.34108E+04
  11234.68     7.581	0.34012E+04
  11253.43     7.584	0.33916E+04
  11272.22     7.587	0.33818E+04
  11291.03     7.590	0.33720E+04
  11309.88     7.593	0.33621E+04
  11328.76     7.597	0.33522E+04
  11347.67     7.600	0.33423E+04
  11366.61     7.602	0.33344E+04
  11385.58     7.605	0.33267E+04
  11404.59     7.608	0.33189E+04
  11423.63     7.610	0.33112E+04
  11442.70     7.613	0.33035E+04
  11461.80     7.615	0.32952E+04
  11480.93     7.618	0.32866E+04
  11500.09     7.621	0.32779E+04
  11519.29     7.624	0.32694E+04
  11538.52     7.627	0.32607E+04
  11557.78     7.630	0.32517E+04
  11577.07     7.633	0.32423E+04
  11596.39     7.636	0.32329E+04
  11615.75     7.639	0.32235E+04
  11635.14     7.642	0.32141E+04
  11654.56     7.646	0.32048E+04
  11674.01     7.648	0.31960E+04
  11693.50     7.651	0.31872E+04
  11713.02     7.655	0.31783E+04
  11732.57     7.658	0.31695E+04
  11752.16     7.661	0.31608E+04
  11771.77     7.663	0.31531E+04
  11791.42     7.666	0.31453E+04
  11811.10     7.668	0.31377E+04
  11830.82     7.671	0.31299E+04
  11850.57     7.674	0.31221E+04
  11870.35     7.677	0.31135E+04
  11890.16     7.680	0.31049E+04
  11910.01     7.683	0.30963E+04
  11929.89     7.686	0.30876E+04
  11949.80     7.689	0.30790E+04
  11969.75     7.692	0.30714E+04
  11989.73     7.694	0.30637E+04
  12009.74     7.697	0.30561E+04
