    925.52     6.072	0.13650E+05
    934.78     5.011	0.36276E+05
    944.04     4.360	0.66052E+05
    953.30     3.886	0.10225E+06
    962.56     3.619	0.13072E+06
    971.82     3.746	0.11631E+06
    981.08     4.115	0.82795E+05
    990.34     3.983	0.93477E+05
    999.60     3.497	0.14623E+06
   1008.86     3.282	0.17840E+06
   1018.12     3.362	0.16565E+06
   1027.38     3.544	0.14013E+06
   1036.64     3.450	0.15273E+06
   1045.90     3.081	0.21454E+06
   1055.16     2.911	0.25100E+06
   1064.42     2.931	0.24631E+06
   1073.68     2.979	0.23567E+06
   1082.94     3.081	0.21453E+06
   1092.20     3.102	0.21039E+06
   1101.46     3.059	0.21891E+06
   1110.72     2.980	0.23549E+06
   1119.98     2.999	0.23151E+06
   1129.24     3.093	0.21226E+06
   1138.50     2.995	0.23220E+06
   1155.80     2.956	0.24080E+06
   1157.00     2.949	0.24232E+06
   1158.00     3.021	0.22686E+06
   1159.20     2.982	0.23496E+06
   1160.40     3.003	0.23052E+06
   1161.60     2.961	0.23962E+06
   1162.80     2.979	0.23563E+06
   1164.00     3.007	0.22972E+06
   1165.20     3.027	0.22562E+06
   1166.40     3.054	0.21996E+06
   1167.60     3.039	0.22297E+06
   1168.80     3.078	0.21521E+06
   1169.80     3.178	0.19633E+06
   1171.00     3.312	0.17353E+06
   1172.20     3.419	0.15714E+06
   1173.40     3.475	0.14934E+06
   1174.60     3.444	0.15360E+06
   1175.80     3.275	0.17952E+06
   1177.00     3.163	0.19889E+06
   1178.20     3.121	0.20678E+06
   1179.40     3.048	0.22121E+06
   1180.40     3.026	0.22565E+06
   1181.60     2.973	0.23708E+06
   1182.80     2.935	0.24549E+06
   1184.00     2.916	0.24986E+06
   1185.20     2.914	0.25016E+06
   1186.40     2.934	0.24561E+06
   1187.60     2.943	0.24365E+06
   1188.80     3.005	0.23007E+06
   1190.00     3.022	0.22665E+06
   1191.20     3.085	0.21382E+06
   1192.20     3.146	0.20219E+06
   1193.40     3.199	0.19256E+06
   1194.60     3.222	0.18845E+06
   1195.80     3.244	0.18462E+06
   1197.00     3.241	0.18515E+06
   1198.20     3.241	0.18523E+06
   1199.40     3.359	0.16610E+06
   1200.60     3.503	0.14542E+06
   1201.80     3.646	0.12752E+06
   1203.00     3.874	0.10341E+06
   1204.00     4.097	0.84141E+05
   1205.20     4.212	0.75743E+05
   1206.40     4.144	0.80616E+05
   1207.60     4.238	0.73917E+05
   1208.80     4.324	0.68306E+05
   1210.00     4.333	0.67713E+05
   1211.20     4.621	0.51940E+05
   1212.40     5.035	0.35470E+05
   1213.60     5.135	0.32349E+05
   1214.80     4.843	0.42331E+05
   1215.80     4.327	0.68128E+05
   1217.00     3.890	0.10186E+06
   1218.20     3.702	0.12113E+06
   1219.40     3.449	0.15291E+06
   1220.60     3.298	0.17570E+06
   1221.80     3.236	0.18602E+06
   1223.00     3.162	0.19919E+06
   1224.20     3.132	0.20477E+06
   1225.40     3.139	0.20344E+06
   1226.60     3.135	0.20414E+06
   1227.60     3.102	0.21046E+06
   1228.80     3.061	0.21850E+06
   1230.00     3.017	0.22752E+06
   1231.20     2.999	0.23142E+06
   1232.40     2.975	0.23650E+06
   1233.60     2.997	0.23185E+06
   1234.80     2.998	0.23171E+06
   1236.00     2.941	0.24409E+06
   1237.20     2.953	0.24150E+06
   1238.40     2.918	0.24938E+06
   1239.40     2.906	0.25204E+06
   1240.60     2.901	0.25334E+06
   1241.80     2.926	0.24746E+06
   1243.00     2.908	0.25169E+06
   1244.20     2.958	0.24033E+06
   1245.40     2.976	0.23627E+06
   1246.60     2.986	0.23427E+06
   1247.80     2.996	0.23199E+06
   1249.00     2.992	0.23289E+06
   1250.20     2.964	0.23900E+06
   1251.20     2.986	0.23431E+06
   1252.40     2.939	0.24449E+06
   1253.60     2.932	0.24608E+06
   1254.80     2.953	0.24150E+06
   1256.00     2.944	0.24353E+06
   1257.20     2.963	0.23917E+06
   1258.40     2.980	0.23548E+06
   1259.60     2.949	0.24241E+06
   1260.80     2.924	0.24789E+06
   1262.00     2.971	0.23747E+06
   1263.00     2.991	0.23306E+06
   1264.20     2.962	0.23943E+06
   1265.40     2.972	0.23726E+06
   1266.60     2.916	0.24978E+06
   1267.80     2.906	0.25201E+06
   1269.00     2.898	0.25403E+06
   1270.20     2.877	0.25893E+06
   1271.40     2.907	0.25180E+06
   1272.60     2.938	0.24485E+06
   1273.60     2.889	0.25614E+06
   1274.80     2.888	0.25641E+06
   1276.00     2.930	0.24660E+06
   1277.20     2.895	0.25477E+06
   1278.40     2.868	0.26099E+06
   1279.60     2.847	0.26631E+06
   1280.80     2.866	0.26147E+06
   1282.00     2.864	0.26212E+06
   1283.20     2.887	0.25656E+06
   1284.40     2.887	0.25658E+06
   1285.40     2.910	0.25110E+06
   1286.60     2.935	0.24540E+06
   1287.80     2.955	0.24108E+06
   1289.00     2.959	0.24012E+06
   1290.20     2.982	0.23507E+06
   1291.40     3.054	0.21995E+06
   1292.60     3.104	0.21002E+06
   1293.80     3.186	0.19475E+06
   1295.00     3.220	0.18879E+06
   1296.20     3.247	0.18410E+06
   1297.20     3.287	0.17751E+06
   1298.40     3.296	0.17605E+06
   1299.60     3.291	0.17692E+06
   1300.80     3.273	0.17973E+06
   1302.00     3.234	0.18645E+06
   1303.20     3.180	0.19585E+06
   1304.40     3.107	0.20960E+06
   1305.60     3.046	0.22155E+06
   1306.80     2.998	0.23158E+06
   1308.00     2.975	0.23657E+06
   1309.00     2.940	0.24428E+06
   1310.20     2.919	0.24906E+06
   1311.40     2.922	0.24850E+06
   1312.60     2.891	0.25560E+06
   1313.80     2.913	0.25039E+06
   1315.00     2.922	0.24847E+06
   1316.20     2.895	0.25461E+06
   1317.40     2.894	0.25500E+06
   1318.60     2.910	0.25113E+06
   1319.80     2.935	0.24555E+06
   1320.80     2.957	0.24064E+06
   1322.00     2.976	0.23648E+06
   1323.20     2.980	0.23556E+06
   1324.40     2.986	0.23421E+06
   1325.60     2.984	0.23457E+06
   1326.80     3.029	0.22508E+06
   1328.00     3.001	0.23110E+06
   1329.20     3.010	0.22913E+06
   1330.40     3.049	0.22104E+06
   1331.60     3.094	0.21208E+06
   1332.60     3.114	0.20813E+06
   1333.80     3.132	0.20476E+06
   1335.00     3.101	0.21060E+06
   1336.20     3.026	0.22565E+06
   1337.40     2.979	0.23577E+06
   1338.60     2.960	0.23986E+06
   1339.80     2.990	0.23333E+06
   1341.00     3.029	0.22519E+06
   1342.20     3.015	0.22807E+06
   1343.40     2.986	0.23420E+06
   1344.40     2.961	0.23960E+06
   1345.60     2.969	0.23796E+06
   1346.80     2.953	0.24154E+06
   1348.00     2.935	0.24557E+06
   1349.20     2.963	0.23931E+06
   1350.40     2.960	0.23978E+06
   1351.60     2.956	0.24076E+06
   1352.80     2.971	0.23748E+06
   1354.00     2.971	0.23746E+06
   1355.20     2.945	0.24319E+06
   1356.20     2.974	0.23674E+06
   1357.40     2.948	0.24264E+06
   1358.60     2.967	0.23835E+06
   1359.80     2.995	0.23237E+06
   1361.00     2.991	0.23323E+06
   1362.20     2.987	0.23410E+06
   1363.40     3.021	0.22677E+06
   1364.60     3.041	0.22267E+06
   1365.80     3.016	0.22785E+06
   1366.80     3.027	0.22544E+06
   1368.00     3.055	0.21972E+06
   1369.20     3.035	0.22383E+06
   1370.40     3.041	0.22258E+06
   1371.60     3.056	0.21951E+06
   1372.80     3.048	0.22123E+06
   1374.00     3.095	0.21174E+06
   1375.20     3.093	0.21222E+06
   1376.40     3.103	0.21033E+06
   1377.60     3.094	0.21202E+06
   1378.60     3.132	0.20475E+06
   1379.80     3.119	0.20726E+06
   1381.00     3.110	0.20896E+06
   1382.20     3.122	0.20659E+06
   1383.40     3.169	0.19788E+06
   1384.60     3.141	0.20307E+06
   1385.80     3.194	0.19341E+06
   1387.00     3.231	0.18690E+06
   1388.20     3.291	0.17685E+06
   1389.40     3.384	0.16239E+06
   1390.40     3.512	0.14427E+06
   1391.60     3.582	0.13525E+06
   1392.80     3.576	0.13600E+06
   1394.00     3.475	0.14925E+06
   1395.20     3.383	0.16241E+06
   1396.40     3.381	0.16284E+06
   1397.60     3.316	0.17278E+06
   1398.80     3.333	0.17015E+06
   1400.00     3.427	0.15603E+06
   1401.20     3.425	0.15625E+06
   1402.20     3.413	0.15804E+06
   1403.40     3.342	0.16872E+06
   1404.60     3.264	0.18125E+06
   1405.80     3.203	0.19172E+06
   1407.00     3.217	0.18941E+06
   1408.20     3.225	0.18790E+06
   1409.40     3.207	0.19104E+06
   1410.60     3.206	0.19117E+06
   1411.80     3.195	0.19311E+06
   1413.00     3.205	0.19150E+06
   1414.00     3.220	0.18875E+06
   1415.20     3.221	0.18861E+06
   1416.40     3.222	0.18839E+06
   1417.60     3.208	0.19095E+06
   1418.80     3.185	0.19505E+06
   1420.00     3.213	0.19000E+06
   1421.20     3.193	0.19352E+06
   1422.40     3.155	0.20040E+06
   1423.60     3.142	0.20280E+06
   1424.80     3.179	0.19608E+06
   1425.80     3.164	0.19881E+06
   1427.00     3.174	0.19692E+06
   1428.20     3.159	0.19979E+06
   1429.40     3.143	0.20274E+06
   1430.60     3.140	0.20323E+06
   1431.80     3.146	0.20216E+06
   1433.00     3.133	0.20458E+06
   1434.20     3.166	0.19846E+06
   1435.40     3.152	0.20092E+06
   1436.60     3.133	0.20448E+06
   1437.60     3.110	0.20901E+06
   1438.80     3.089	0.21298E+06
   1440.00     3.071	0.21661E+06
   1441.20     3.072	0.21633E+06
   1442.40     3.059	0.21892E+06
   1443.60     3.078	0.21520E+06
   1444.80     3.083	0.21409E+06
   1446.00     3.087	0.21344E+06
   1447.20     3.079	0.21493E+06
   1448.40     3.098	0.21134E+06
   1449.40     3.095	0.21191E+06
   1450.60     3.083	0.21427E+06
   1451.80     3.091	0.21259E+06
   1453.00     3.093	0.21219E+06
   1454.20     3.083	0.21420E+06
   1455.40     3.060	0.21886E+06
   1456.60     3.043	0.22216E+06
   1457.80     3.079	0.21493E+06
   1459.00     3.071	0.21660E+06
   1460.00     3.069	0.21691E+06
   1461.20     3.091	0.21259E+06
   1462.40     3.096	0.21155E+06
   1463.60     3.120	0.20700E+06
   1464.80     3.116	0.20781E+06
   1466.00     3.102	0.21042E+06
   1467.20     3.116	0.20773E+06
   1468.40     3.118	0.20732E+06
   1469.60     3.116	0.20775E+06
   1470.80     3.087	0.21335E+06
   1471.80     3.106	0.20961E+06
   1473.00     3.105	0.20986E+06
   1474.20     3.105	0.20993E+06
   1475.40     3.102	0.21044E+06
   1476.60     3.080	0.21470E+06
   1477.80     3.079	0.21502E+06
   1479.00     3.074	0.21600E+06
   1480.20     3.058	0.21915E+06
   1481.40     3.090	0.21289E+06
   1482.60     3.104	0.21013E+06
   1483.60     3.087	0.21333E+06
   1484.80     3.080	0.21471E+06
   1486.00     3.034	0.22399E+06
   1487.20     3.002	0.23070E+06
   1488.40     3.034	0.22400E+06
   1489.60     3.054	0.22006E+06
   1490.80     3.063	0.21824E+06
   1492.00     3.099	0.21097E+06
   1493.20     3.135	0.20409E+06
   1494.40     3.118	0.20734E+06
   1495.40     3.092	0.21245E+06
   1496.60     3.141	0.20313E+06
   1497.80     3.169	0.19784E+06
   1499.00     3.198	0.19268E+06
   1500.20     3.197	0.19292E+06
   1501.40     3.187	0.19459E+06
   1502.60     3.207	0.19109E+06
   1503.80     3.188	0.19440E+06
   1505.00     3.163	0.19900E+06
   1506.20     3.160	0.19949E+06
   1507.20     3.167	0.19818E+06
   1508.40     3.181	0.19562E+06
   1509.60     3.226	0.18773E+06
   1510.80     3.262	0.18160E+06
   1512.00     3.246	0.18437E+06
   1513.20     3.261	0.18182E+06
   1514.40     3.291	0.17680E+06
   1515.60     3.272	0.17999E+06
   1516.80     3.229	0.18717E+06
   1518.00     3.229	0.18717E+06
   1519.00     3.176	0.19669E+06
   1520.20     3.170	0.19766E+06
   1521.40     3.172	0.19736E+06
   1522.60     3.163	0.19896E+06
   1523.80     3.220	0.18882E+06
   1525.00     3.243	0.18491E+06
   1526.20     3.285	0.17777E+06
   1527.40     3.319	0.17228E+06
   1528.60     3.342	0.16868E+06
   1529.80     3.357	0.16645E+06
   1530.80     3.408	0.15876E+06
   1532.00     3.394	0.16085E+06
   1533.20     3.396	0.16054E+06
   1534.40     3.370	0.16439E+06
   1535.60     3.391	0.16127E+06
   1536.80     3.401	0.15988E+06
   1538.00     3.385	0.16216E+06
   1539.20     3.371	0.16432E+06
   1540.40     3.368	0.16469E+06
   1541.40     3.385	0.16220E+06
   1542.60     3.391	0.16130E+06
   1543.80     3.454	0.15223E+06
   1545.00     3.570	0.13677E+06
   1546.20     3.599	0.13311E+06
   1547.40     3.620	0.13065E+06
   1548.60     3.622	0.13040E+06
   1549.80     3.583	0.13511E+06
   1551.00     3.478	0.14881E+06
   1552.20     3.379	0.16313E+06
   1553.20     3.343	0.16863E+06
   1554.40     3.322	0.17182E+06
   1555.60     3.330	0.17058E+06
   1556.80     3.292	0.17662E+06
   1558.00     3.283	0.17820E+06
   1559.20     3.320	0.17226E+06
   1560.40     3.309	0.17386E+06
   1561.60     3.293	0.17655E+06
   1562.80     3.348	0.16787E+06
   1564.00     3.349	0.16760E+06
   1565.00     3.316	0.17287E+06
   1566.20     3.276	0.17929E+06
   1567.40     3.291	0.17680E+06
   1568.60     3.311	0.17358E+06
   1569.80     3.298	0.17564E+06
   1571.00     3.269	0.18046E+06
   1572.20     3.282	0.17832E+06
   1573.40     3.261	0.18175E+06
   1574.60     3.257	0.18250E+06
   1575.80     3.264	0.18125E+06
   1576.80     3.266	0.18094E+06
   1578.00     3.296	0.17602E+06
   1579.20     3.312	0.17349E+06
   1580.40     3.280	0.17858E+06
   1581.60     3.268	0.18070E+06
   1582.80     3.249	0.18382E+06
   1584.00     3.233	0.18653E+06
   1585.20     3.209	0.19076E+06
   1586.40     3.201	0.19212E+06
   1587.60     3.208	0.19096E+06
   1588.60     3.212	0.19023E+06
   1589.80     3.233	0.18654E+06
   1591.00     3.258	0.18231E+06
   1592.20     3.266	0.18090E+06
   1593.40     3.264	0.18126E+06
   1594.60     3.266	0.18091E+06
   1595.80     3.265	0.18114E+06
   1597.00     3.261	0.18181E+06
   1598.20     3.255	0.18279E+06
   1599.40     3.243	0.18493E+06
   1600.40     3.268	0.18059E+06
   1601.60     3.312	0.17346E+06
   1602.80     3.277	0.17910E+06
   1604.00     3.271	0.18006E+06
   1605.20     3.271	0.18012E+06
   1606.40     3.272	0.17992E+06
   1607.60     3.284	0.17807E+06
   1608.80     3.297	0.17581E+06
   1610.00     3.304	0.17467E+06
   1611.20     3.276	0.17923E+06
   1612.20     3.237	0.18589E+06
   1613.40     3.236	0.18606E+06
   1614.60     3.216	0.18957E+06
   1615.80     3.222	0.18840E+06
   1617.00     3.230	0.18705E+06
   1618.20     3.256	0.18268E+06
   1619.40     3.231	0.18688E+06
   1620.60     3.206	0.19117E+06
   1621.80     3.218	0.18912E+06
   1623.00     3.231	0.18691E+06
   1624.00     3.200	0.19235E+06
   1625.20     3.192	0.19365E+06
   1626.40     3.211	0.19031E+06
   1627.60     3.210	0.19053E+06
   1628.80     3.222	0.18849E+06
   1630.00     3.231	0.18683E+06
   1631.20     3.218	0.18910E+06
   1632.40     3.209	0.19080E+06
   1633.60     3.206	0.19124E+06
   1634.60     3.213	0.18995E+06
   1635.80     3.229	0.18725E+06
   1637.00     3.221	0.18869E+06
   1638.20     3.178	0.19631E+06
   1639.40     3.210	0.19047E+06
   1640.60     3.192	0.19371E+06
   1641.80     3.185	0.19497E+06
   1643.00     3.163	0.19899E+06
   1644.20     3.150	0.20146E+06
   1645.40     3.131	0.20489E+06
   1646.40     3.118	0.20743E+06
   1647.60     3.137	0.20373E+06
   1648.80     3.139	0.20336E+06
   1650.00     3.162	0.19917E+06
   1651.20     3.157	0.20005E+06
   1652.40     3.137	0.20374E+06
   1653.60     3.158	0.19983E+06
   1654.80     3.156	0.20021E+06
   1656.00     3.149	0.20162E+06
   1657.20     3.150	0.20132E+06
   1658.20     3.162	0.19915E+06
   1659.40     3.156	0.20026E+06
   1660.60     3.157	0.20008E+06
   1661.80     3.159	0.19976E+06
   1663.00     3.187	0.19465E+06
   1664.20     3.172	0.19742E+06
   1665.40     3.165	0.19862E+06
   1666.60     3.181	0.19563E+06
   1667.80     3.167	0.19823E+06
   1669.00     3.167	0.19833E+06
   1670.00     3.185	0.19499E+06
   1671.20     3.185	0.19499E+06
   1672.40     3.190	0.19410E+06
   1673.60     3.189	0.19422E+06
   1674.80     3.176	0.19665E+06
   1676.00     3.160	0.19945E+06
   1677.20     3.136	0.20404E+06
   1678.40     3.127	0.20560E+06
   1679.60     3.144	0.20242E+06
   1680.80     3.144	0.20247E+06
   1681.80     3.141	0.20313E+06
   1683.00     3.134	0.20436E+06
   1684.20     3.124	0.20633E+06
   1685.40     3.124	0.20629E+06
   1686.60     3.140	0.20322E+06
   1687.80     3.140	0.20324E+06
   1689.00     3.135	0.20424E+06
   1690.20     3.158	0.19987E+06
   1691.40     3.164	0.19870E+06
   1692.60     3.161	0.19931E+06
   1693.60     3.166	0.19843E+06
   1694.80     3.144	0.20249E+06
   1696.00     3.151	0.20110E+06
   1697.20     3.159	0.19972E+06
   1698.40     3.158	0.19992E+06
   1699.60     3.156	0.20032E+06
   1700.80     3.160	0.19959E+06
   1702.00     3.167	0.19821E+06
   1703.20     3.180	0.19591E+06
   1704.40     3.186	0.19476E+06
   1705.40     3.194	0.19336E+06
   1706.60     3.187	0.19472E+06
   1707.80     3.218	0.18908E+06
   1709.00     3.228	0.18741E+06
   1710.20     3.223	0.18826E+06
   1711.40     3.223	0.18836E+06
   1712.60     3.217	0.18941E+06
   1713.80     3.218	0.18916E+06
   1715.00     3.222	0.18844E+06
   1716.20     3.252	0.18331E+06
   1717.20     3.283	0.17808E+06
   1718.40     3.272	0.17995E+06
   1719.60     3.301	0.17524E+06
   1720.80     3.307	0.17432E+06
   1722.00     3.283	0.17811E+06
   1723.20     3.282	0.17824E+06
   1724.40     3.243	0.18480E+06
   1725.60     3.207	0.19110E+06
   1726.80     3.195	0.19320E+06
   1727.80     3.173	0.19709E+06
   1729.00     3.159	0.19964E+06
   1730.20     3.154	0.20058E+06
   1731.40     3.145	0.20226E+06
   1732.60     3.151	0.20113E+06
   1733.80     3.156	0.20031E+06
   1735.00     3.154	0.20056E+06
   1736.20     3.152	0.20097E+06
   1737.40     3.174	0.19700E+06
   1738.60     3.210	0.19051E+06
   1739.60     3.209	0.19072E+06
   1740.80     3.195	0.19323E+06
   1742.00     3.195	0.19321E+06
   1743.20     3.188	0.19448E+06
   1744.40     3.193	0.19357E+06
   1745.60     3.200	0.19239E+06
   1746.80     3.197	0.19280E+06
   1748.00     3.203	0.19179E+06
   1749.20     3.207	0.19112E+06
   1750.40     3.193	0.19357E+06
   1751.40     3.176	0.19667E+06
   1752.60     3.139	0.20344E+06
   1753.80     3.113	0.20842E+06
   1755.00     3.112	0.20863E+06
   1756.20     3.140	0.20329E+06
   1757.40     3.134	0.20435E+06
   1758.60     3.123	0.20641E+06
   1759.80     3.141	0.20308E+06
   1761.00     3.155	0.20038E+06
   1762.20     3.146	0.20219E+06
   1763.20     3.137	0.20375E+06
   1764.40     3.134	0.20432E+06
   1765.60     3.132	0.20465E+06
   1766.80     3.131	0.20486E+06
   1768.00     3.123	0.20647E+06
   1769.20     3.150	0.20144E+06
   1770.40     3.162	0.19924E+06
   1771.60     3.170	0.19761E+06
   1772.80     3.177	0.19637E+06
   1774.00     3.181	0.19578E+06
   1775.00     3.188	0.19445E+06
   1776.20     3.179	0.19606E+06
   1777.40     3.153	0.20088E+06
   1778.60     3.145	0.20228E+06
   1779.80     3.136	0.20403E+06
   1781.00     3.142	0.20284E+06
   1782.20     3.136	0.20395E+06
   1783.40     3.125	0.20602E+06
   1784.60     3.140	0.20332E+06
   1785.80     3.168	0.19801E+06
   1786.80     3.181	0.19578E+06
   1788.00     3.185	0.19491E+06
   1789.20     3.180	0.19585E+06
   1790.40     3.142	0.20286E+06
   1791.60     3.140	0.20328E+06
   1792.80     3.137	0.20374E+06
   1794.00     3.136	0.20394E+06
   1795.20     3.141	0.20312E+06
   1796.40     3.127	0.20564E+06
   1797.60     3.122	0.20667E+06
   1798.60     3.104	0.21002E+06
   1799.80     3.091	0.21266E+06
   1801.00     3.092	0.21244E+06
   1802.20     3.092	0.21252E+06
   1803.40     3.083	0.21420E+06
   1804.60     3.106	0.20970E+06
   1805.80     3.111	0.20865E+06
   1807.00     3.116	0.20782E+06
   1808.20     3.124	0.20617E+06
   1809.40     3.141	0.20306E+06
   1810.40     3.154	0.20069E+06
   1811.60     3.165	0.19869E+06
   1812.80     3.179	0.19609E+06
   1814.00     3.179	0.19602E+06
   1815.20     3.170	0.19773E+06
   1816.40     3.158	0.19982E+06
   1817.60     3.152	0.20107E+06
   1818.80     3.154	0.20060E+06
   1820.00     3.153	0.20090E+06
   1821.00     3.154	0.20072E+06
   1822.20     3.154	0.20066E+06
   1823.40     3.168	0.19815E+06
   1824.60     3.159	0.19969E+06
   1825.80     3.153	0.20075E+06
   1827.00     3.148	0.20181E+06
   1828.20     3.153	0.20080E+06
   1829.40     3.153	0.20078E+06
   1830.60     3.146	0.20216E+06
   1831.80     3.156	0.20031E+06
   1832.80     3.160	0.19958E+06
   1834.00     3.170	0.19765E+06
   1835.20     3.179	0.19607E+06
   1836.40     3.194	0.19339E+06
   1837.60     3.194	0.19331E+06
   1838.80     3.210	0.19060E+06
   1840.00     3.234	0.18643E+06
   1841.20     3.265	0.18120E+06
   1842.40     3.268	0.18060E+06
   1843.60     3.276	0.17926E+06
   1844.60     3.289	0.17711E+06
   1845.80     3.288	0.17730E+06
   1847.00     3.289	0.17717E+06
   1848.20     3.299	0.17558E+06
   1849.40     3.316	0.17281E+06
   1850.60     3.327	0.17107E+06
   1851.80     3.333	0.17006E+06
   1853.00     3.334	0.16996E+06
   1854.20     3.324	0.17155E+06
   1855.40     3.303	0.17483E+06
   1856.40     3.294	0.17643E+06
   1857.60     3.298	0.17572E+06
   1858.80     3.290	0.17696E+06
   1860.00     3.295	0.17617E+06
   1861.20     3.304	0.17480E+06
   1862.40     3.302	0.17511E+06
   1863.60     3.288	0.17729E+06
   1864.80     3.273	0.17988E+06
   1866.00     3.247	0.18411E+06
   1867.20     3.236	0.18607E+06
   1868.20     3.215	0.18970E+06
   1869.40     3.206	0.19127E+06
   1870.60     3.190	0.19402E+06
   1871.80     3.168	0.19805E+06
   1873.00     3.169	0.19796E+06
   1874.20     3.167	0.19822E+06
   1875.40     3.168	0.19805E+06
   1876.60     3.188	0.19440E+06
   1877.80     3.201	0.19206E+06
   1879.00     3.234	0.18630E+06
   1880.00     3.275	0.17944E+06
   1881.20     3.285	0.17778E+06
   1882.40     3.297	0.17586E+06
   1883.60     3.325	0.17138E+06
   1884.80     3.349	0.16766E+06
   1886.00     3.373	0.16405E+06
   1887.20     3.386	0.16196E+06
   1888.40     3.394	0.16080E+06
   1889.60     3.408	0.15873E+06
   1890.80     3.408	0.15876E+06
   1891.80     3.408	0.15884E+06
   1893.00     3.402	0.15971E+06
   1894.20     3.381	0.16273E+06
   1895.40     3.345	0.16825E+06
   1896.60     3.322	0.17195E+06
   1897.80     3.317	0.17264E+06
   1899.00     3.306	0.17442E+06
   1900.20     3.300	0.17542E+06
   1901.40     3.304	0.17480E+06
   1902.40     3.309	0.17398E+06
   1903.60     3.319	0.17232E+06
   1904.80     3.327	0.17115E+06
   1906.00     3.333	0.17009E+06
   1907.20     3.333	0.17008E+06
   1908.40     3.327	0.17112E+06
   1909.60     3.331	0.17042E+06
   1910.80     3.346	0.16810E+06
   1912.00     3.365	0.16515E+06
   1913.20     3.383	0.16255E+06
   1914.20     3.386	0.16206E+06
   1915.40     3.387	0.16181E+06
   1916.60     3.377	0.16338E+06
   1917.80     3.354	0.16687E+06
   1919.00     3.358	0.16624E+06
   1920.20     3.368	0.16468E+06
   1921.40     3.363	0.16546E+06
   1922.60     3.344	0.16846E+06
   1923.80     3.342	0.16866E+06
   1925.00     3.343	0.16855E+06
   1926.00     3.364	0.16535E+06
   1927.20     3.397	0.16046E+06
   1928.40     3.378	0.16324E+06
   1929.60     3.339	0.16922E+06
   1930.80     3.313	0.17337E+06
   1932.00     3.300	0.17542E+06
   1933.20     3.327	0.17105E+06
   1934.40     3.327	0.17108E+06
   1935.60     3.338	0.16932E+06
   1936.80     3.348	0.16783E+06
   1937.80     3.342	0.16875E+06
   1939.00     3.345	0.16819E+06
   1940.20     3.328	0.17096E+06
   1941.40     3.313	0.17338E+06
   1942.60     3.301	0.17526E+06
   1943.80     3.298	0.17577E+06
   1945.00     3.303	0.17494E+06
   1946.20     3.310	0.17379E+06
   1947.40     3.317	0.17273E+06
   1948.60     3.318	0.17248E+06
   1949.60     3.337	0.16955E+06
   1950.80     3.357	0.16642E+06
   1952.00     3.366	0.16500E+06
   1953.20     3.356	0.16658E+06
   1954.40     3.348	0.16777E+06
   1955.60     3.335	0.16980E+06
   1956.80     3.331	0.17038E+06
   1958.00     3.360	0.16601E+06
   1959.20     3.347	0.16792E+06
   1960.40     3.339	0.16916E+06
   1961.40     3.345	0.16829E+06
   1962.60     3.319	0.17239E+06
   1963.80     3.298	0.17576E+06
   1965.00     3.278	0.17892E+06
   1966.20     3.263	0.18146E+06
   1967.40     3.244	0.18462E+06
   1968.60     3.225	0.18791E+06
   1969.80     3.208	0.19097E+06
   1970.20     3.282	0.17828E+06
   1972.00     3.251	0.18350E+06
   1973.80     3.224	0.18814E+06
   1975.80     3.206	0.19116E+06
   1977.60     3.238	0.18576E+06
   1979.40     3.216	0.18945E+06
   1981.40     3.210	0.19062E+06
   1983.20     3.233	0.18652E+06
   1985.00     3.236	0.18612E+06
   1987.00     3.210	0.19053E+06
   1988.80     3.234	0.18632E+06
   1990.60     3.280	0.17857E+06
   1992.60     3.275	0.17944E+06
   1994.40     3.311	0.17369E+06
   1996.20     3.267	0.18077E+06
   1998.20     3.297	0.17591E+06
   2000.00     3.342	0.16876E+06
   2001.80     3.294	0.17638E+06
   2003.80     3.277	0.17907E+06
   2005.60     3.274	0.17957E+06
   2007.40     3.277	0.17908E+06
   2009.40     3.241	0.18514E+06
   2011.20     3.211	0.19039E+06
   2013.20     3.231	0.18682E+06
   2015.00     3.233	0.18658E+06
   2016.80     3.260	0.18200E+06
   2018.80     3.226	0.18780E+06
   2020.60     3.217	0.18927E+06
   2022.40     3.178	0.19621E+06
   2024.40     3.201	0.19207E+06
   2026.20     3.216	0.18955E+06
   2028.00     3.237	0.18583E+06
   2030.00     3.239	0.18544E+06
   2031.80     3.227	0.18754E+06
   2033.60     3.240	0.18539E+06
   2035.60     3.273	0.17985E+06
   2037.40     3.302	0.17505E+06
   2039.20     3.276	0.17934E+06
   2041.20     3.276	0.17936E+06
   2043.00     3.298	0.17575E+06
   2044.80     3.321	0.17205E+06
   2046.80     3.288	0.17727E+06
   2048.60     3.241	0.18523E+06
   2050.40     3.255	0.18279E+06
   2052.40     3.268	0.18067E+06
   2054.20     3.261	0.18182E+06
   2056.00     3.262	0.18169E+06
   2058.00     3.266	0.18103E+06
   2059.80     3.272	0.17993E+06
   2061.80     3.270	0.18022E+06
   2063.60     3.244	0.18468E+06
   2065.40     3.257	0.18252E+06
   2067.40     3.262	0.18166E+06
   2069.20     3.269	0.18039E+06
   2071.00     3.256	0.18268E+06
   2073.00     3.264	0.18136E+06
   2074.80     3.275	0.17954E+06
   2076.60     3.293	0.17645E+06
   2078.60     3.236	0.18607E+06
   2080.40     3.205	0.19136E+06
   2082.20     3.208	0.19086E+06
   2084.20     3.267	0.18076E+06
   2086.00     3.299	0.17559E+06
   2087.80     3.239	0.18556E+06
   2089.80     3.245	0.18456E+06
   2091.60     3.237	0.18582E+06
   2093.40     3.268	0.18057E+06
   2095.40     3.264	0.18125E+06
   2097.20     3.293	0.17645E+06
   2099.00     3.281	0.17842E+06
   2101.00     3.272	0.17990E+06
   2102.80     3.294	0.17641E+06
   2104.80     3.279	0.17879E+06
   2106.60     3.265	0.18117E+06
   2108.40     3.243	0.18480E+06
   2110.40     3.233	0.18647E+06
   2112.20     3.220	0.18884E+06
   2114.00     3.214	0.18983E+06
   2116.00     3.217	0.18936E+06
   2117.80     3.289	0.17716E+06
   2119.60     3.301	0.17527E+06
   2121.60     3.319	0.17240E+06
   2123.40     3.257	0.18249E+06
   2125.20     3.256	0.18264E+06
   2127.20     3.214	0.18980E+06
   2129.00     3.240	0.18534E+06
   2130.80     3.211	0.19029E+06
   2132.80     3.156	0.20032E+06
   2134.60     3.188	0.19447E+06
   2136.40     3.194	0.19346E+06
   2138.40     3.202	0.19193E+06
   2140.20     3.234	0.18637E+06
   2142.00     3.260	0.18198E+06
   2144.00     3.248	0.18398E+06
   2145.80     3.248	0.18403E+06
   2147.60     3.254	0.18295E+06
   2149.60     3.272	0.18003E+06
   2151.40     3.288	0.17730E+06
   2153.40     3.270	0.18026E+06
   2155.20     3.224	0.18814E+06
   2157.00     3.187	0.19467E+06
   2159.00     3.221	0.18859E+06
   2160.80     3.258	0.18224E+06
   2162.60     3.270	0.18031E+06
   2164.60     3.239	0.18550E+06
   2166.40     3.247	0.18422E+06
   2168.20     3.234	0.18642E+06
   2170.20     3.204	0.19168E+06
   2172.00     3.225	0.18791E+06
   2173.80     3.248	0.18393E+06
   2175.80     3.244	0.18465E+06
   2177.60     3.190	0.19403E+06
   2179.40     3.191	0.19383E+06
   2181.40     3.205	0.19139E+06
   2183.20     3.206	0.19124E+06
   2185.00     3.220	0.18875E+06
   2187.00     3.252	0.18338E+06
   2188.80     3.225	0.18792E+06
   2190.60     3.197	0.19277E+06
   2192.60     3.246	0.18434E+06
   2194.40     3.256	0.18262E+06
   2196.20     3.257	0.18239E+06
   2198.20     3.252	0.18338E+06
   2200.00     3.224	0.18809E+06
   2202.00     3.246	0.18426E+06
   2203.80     3.262	0.18165E+06
   2205.60     3.259	0.18208E+06
   2207.60     3.222	0.18849E+06
   2209.40     3.217	0.18940E+06
   2211.20     3.260	0.18203E+06
   2213.20     3.256	0.18258E+06
   2215.00     3.251	0.18349E+06
   2216.80     3.250	0.18369E+06
   2218.80     3.272	0.17991E+06
   2220.60     3.289	0.17721E+06
   2222.40     3.289	0.17722E+06
   2224.40     3.271	0.18006E+06
   2226.20     3.271	0.18008E+06
   2228.00     3.277	0.17920E+06
   2230.00     3.274	0.17967E+06
   2231.80     3.288	0.17737E+06
   2233.60     3.297	0.17583E+06
   2235.60     3.284	0.17805E+06
   2237.40     3.299	0.17550E+06
   2239.20     3.320	0.17224E+06
   2241.20     3.274	0.17968E+06
   2243.00     3.268	0.18069E+06
   2245.00     3.287	0.17754E+06
   2246.80     3.313	0.17326E+06
   2248.60     3.264	0.18138E+06
   2250.60     3.286	0.17760E+06
   2252.40     3.259	0.18213E+06
   2254.20     3.253	0.18312E+06
   2256.20     3.261	0.18175E+06
   2258.00     3.276	0.17932E+06
   2259.80     3.240	0.18537E+06
   2261.80     3.227	0.18760E+06
   2263.60     3.288	0.17730E+06
   2265.40     3.292	0.17673E+06
   2267.40     3.281	0.17854E+06
   2269.20     3.264	0.18136E+06
   2271.00     3.243	0.18491E+06
   2273.00     3.201	0.19205E+06
   2274.80     3.234	0.18633E+06
   2276.60     3.185	0.19507E+06
   2278.60     3.225	0.18789E+06
   2280.40     3.225	0.18785E+06
   2282.20     3.192	0.19370E+06
   2284.20     3.249	0.18379E+06
   2286.00     3.258	0.18229E+06
   2287.80     3.253	0.18309E+06
   2289.80     3.237	0.18584E+06
   2291.60     3.239	0.18557E+06
   2293.60     3.286	0.17767E+06
   2295.40     3.259	0.18212E+06
   2297.20     3.231	0.18693E+06
   2299.20     3.270	0.18025E+06
   2301.00     3.283	0.17813E+06
   2302.80     3.316	0.17279E+06
   2304.80     3.273	0.17987E+06
   2306.60     3.228	0.18740E+06
   2308.40     3.229	0.18733E+06
   2310.40     3.226	0.18781E+06
   2312.20     3.207	0.19112E+06
   2314.00     3.191	0.19394E+06
   2316.00     3.202	0.19191E+06
   2317.80     3.238	0.18572E+06
   2319.60     3.232	0.18674E+06
   2321.60     3.289	0.17720E+06
   2323.40     3.301	0.17530E+06
   2325.20     3.227	0.18755E+06
   2327.20     3.272	0.17990E+06
   2329.00     3.271	0.18009E+06
   2330.80     3.267	0.18076E+06
   2332.80     3.321	0.17208E+06
   2334.60     3.256	0.18272E+06
   2336.40     3.221	0.18857E+06
   2338.40     3.278	0.17901E+06
   2340.20     3.289	0.17715E+06
   2342.20     3.315	0.17291E+06
   2344.00     3.262	0.18156E+06
   2345.80     3.265	0.18113E+06
   2347.80     3.265	0.18112E+06
   2349.60     3.230	0.18708E+06
   2351.40     3.204	0.19165E+06
   2353.40     3.241	0.18524E+06
   2355.20     3.244	0.18474E+06
   2357.00     3.228	0.18736E+06
   2359.00     3.185	0.19490E+06
   2360.80     3.199	0.19247E+06
   2362.60     3.267	0.18084E+06
   2364.60     3.251	0.18345E+06
   2366.40     3.257	0.18241E+06
   2368.20     3.230	0.18704E+06
   2370.20     3.223	0.18826E+06
   2372.00     3.220	0.18874E+06
   2373.80     3.289	0.17711E+06
   2375.80     3.268	0.18060E+06
   2377.60     3.259	0.18220E+06
   2379.40     3.263	0.18145E+06
   2381.40     3.273	0.17984E+06
   2383.20     3.296	0.17611E+06
   2385.20     3.294	0.17635E+06
   2387.00     3.302	0.17513E+06
   2388.80     3.280	0.17871E+06
   2390.80     3.236	0.18611E+06
   2392.60     3.277	0.17906E+06
   2394.40     3.238	0.18570E+06
   2396.40     3.252	0.18326E+06
   2398.20     3.245	0.18448E+06
   2400.00     3.266	0.18093E+06
   2402.00     3.249	0.18379E+06
   2403.80     3.274	0.17972E+06
   2405.60     3.251	0.18341E+06
   2407.60     3.296	0.17596E+06
   2409.40     3.297	0.17581E+06
   2411.20     3.273	0.17982E+06
   2413.20     3.220	0.18888E+06
   2415.00     3.299	0.17548E+06
   2416.80     3.265	0.18108E+06
   2418.80     3.266	0.18103E+06
   2420.60     3.260	0.18191E+06
   2422.40     3.290	0.17694E+06
   2424.40     3.266	0.18099E+06
   2426.20     3.271	0.18017E+06
   2428.00     3.247	0.18417E+06
   2430.00     3.241	0.18512E+06
   2431.80     3.145	0.20225E+06
   2433.80     3.206	0.19119E+06
   2435.60     3.237	0.18589E+06
   2437.40     3.235	0.18619E+06
   2439.40     3.236	0.18612E+06
   2441.20     3.234	0.18646E+06
   2443.00     3.225	0.18793E+06
   2445.00     3.239	0.18556E+06
   2446.80     3.230	0.18708E+06
   2448.60     3.221	0.18859E+06
   2450.60     3.204	0.19161E+06
   2452.40     3.197	0.19279E+06
   2454.20     3.200	0.19236E+06
   2456.20     3.203	0.19174E+06
   2458.00     3.208	0.19087E+06
   2459.80     3.201	0.19220E+06
   2461.80     3.238	0.18576E+06
   2463.60     3.256	0.18263E+06
   2465.40     3.246	0.18435E+06
   2467.40     3.247	0.18422E+06
   2469.20     3.259	0.18220E+06
   2471.00     3.278	0.17896E+06
   2473.00     3.320	0.17215E+06
   2474.80     3.299	0.17551E+06
   2476.60     3.291	0.17685E+06
   2478.60     3.255	0.18282E+06
   2480.40     3.276	0.17936E+06
   2482.40     3.242	0.18493E+06
   2484.20     3.241	0.18522E+06
   2486.00     3.244	0.18462E+06
   2488.00     3.256	0.18256E+06
   2489.80     3.263	0.18154E+06
   2491.60     3.260	0.18200E+06
   2493.60     3.267	0.18078E+06
   2495.40     3.261	0.18179E+06
   2497.20     3.248	0.18404E+06
   2499.20     3.211	0.19035E+06
   2501.00     3.200	0.19228E+06
   2502.80     3.212	0.19024E+06
   2504.80     3.250	0.18371E+06
   2506.60     3.238	0.18570E+06
   2508.40     3.239	0.18560E+06
   2510.40     3.236	0.18601E+06
   2512.20     3.274	0.17960E+06
   2514.00     3.286	0.17762E+06
   2516.00     3.271	0.18006E+06
   2517.80     3.293	0.17648E+06
   2519.60     3.268	0.18069E+06
   2521.60     3.263	0.18149E+06
   2523.40     3.267	0.18083E+06
   2525.40     3.291	0.17686E+06
   2527.20     3.295	0.17620E+06
   2529.00     3.259	0.18210E+06
   2531.00     3.275	0.17950E+06
   2532.80     3.337	0.16958E+06
   2534.60     3.301	0.17528E+06
   2536.60     3.289	0.17721E+06
   2538.40     3.260	0.18192E+06
   2540.20     3.275	0.17953E+06
   2542.20     3.289	0.17711E+06
   2544.00     3.309	0.17393E+06
   2545.80     3.337	0.16957E+06
   2547.80     3.311	0.17363E+06
   2549.60     3.289	0.17722E+06
   2551.40     3.293	0.17656E+06
   2553.40     3.330	0.17053E+06
   2555.20     3.306	0.17444E+06
   2557.00     3.314	0.17319E+06
   2559.00     3.326	0.17117E+06
   2560.80     3.294	0.17635E+06
   2562.60     3.241	0.18519E+06
   2564.60     3.265	0.18120E+06
   2566.40     3.297	0.17587E+06
   2568.20     3.287	0.17750E+06
   2570.20     3.267	0.18078E+06
   2572.00     3.278	0.17898E+06
   2574.00     3.270	0.18027E+06
   2575.80     3.243	0.18483E+06
   2577.60     3.245	0.18446E+06
   2579.60     3.279	0.17880E+06
   2581.40     3.285	0.17778E+06
   2583.20     3.277	0.17921E+06
   2585.20     3.283	0.17819E+06
   2587.00     3.293	0.17645E+06
   2588.80     3.301	0.17527E+06
   2590.80     3.319	0.17227E+06
   2592.60     3.336	0.16970E+06
   2594.40     3.312	0.17352E+06
   2596.40     3.285	0.17787E+06
   2598.20     3.268	0.18059E+06
   2600.00     3.280	0.17864E+06
   2602.00     3.285	0.17788E+06
   2603.80     3.276	0.17936E+06
   2605.60     3.276	0.17923E+06
   2607.60     3.262	0.18166E+06
   2609.40     3.260	0.18202E+06
   2611.20     3.278	0.17895E+06
   2613.20     3.263	0.18144E+06
   2615.00     3.271	0.18007E+06
   2616.80     3.238	0.18564E+06
   2618.80     3.256	0.18257E+06
   2620.60     3.289	0.17713E+06
   2622.60     3.281	0.17845E+06
   2624.40     3.267	0.18082E+06
   2626.20     3.268	0.18061E+06
   2628.20     3.275	0.17947E+06
   2630.00     3.296	0.17607E+06
   2631.80     3.313	0.17338E+06
   2633.80     3.281	0.17848E+06
   2635.60     3.286	0.17760E+06
   2637.40     3.278	0.17893E+06
   2639.40     3.277	0.17914E+06
   2641.20     3.284	0.17801E+06
   2643.00     3.302	0.17505E+06
   2645.00     3.300	0.17540E+06
   2646.80     3.305	0.17456E+06
   2648.60     3.303	0.17490E+06
   2650.60     3.283	0.17823E+06
   2652.40     3.285	0.17780E+06
   2654.20     3.249	0.18377E+06
   2656.20     3.264	0.18136E+06
   2658.00     3.277	0.17907E+06
   2659.80     3.268	0.18068E+06
   2661.80     3.276	0.17930E+06
   2663.60     3.262	0.18169E+06
   2665.60     3.277	0.17916E+06
   2667.40     3.272	0.17991E+06
   2669.20     3.259	0.18218E+06
   2671.20     3.263	0.18149E+06
   2673.00     3.268	0.18059E+06
   2674.80     3.274	0.17961E+06
   2676.80     3.307	0.17424E+06
   2678.60     3.264	0.18125E+06
   2680.40     3.234	0.18633E+06
   2682.40     3.253	0.18318E+06
   2684.20     3.275	0.17949E+06
   2686.00     3.282	0.17834E+06
   2688.00     3.293	0.17654E+06
   2689.80     3.266	0.18090E+06
   2691.60     3.247	0.18424E+06
   2693.60     3.290	0.17704E+06
   2695.40     3.314	0.17307E+06
   2697.20     3.352	0.16715E+06
   2699.20     3.359	0.16615E+06
   2701.00     3.337	0.16949E+06
   2702.80     3.315	0.17300E+06
   2704.80     3.308	0.17410E+06
   2706.60     3.299	0.17550E+06
   2708.40     3.286	0.17761E+06
   2710.40     3.305	0.17463E+06
   2712.20     3.304	0.17472E+06
   2714.20     3.293	0.17646E+06
   2716.00     3.303	0.17498E+06
   2717.80     3.330	0.17062E+06
   2719.80     3.319	0.17235E+06
   2721.60     3.329	0.17081E+06
   2723.40     3.314	0.17322E+06
   2725.40     3.354	0.16692E+06
   2727.20     3.365	0.16526E+06
   2729.00     3.313	0.17336E+06
   2731.00     3.294	0.17634E+06
   2732.80     3.299	0.17548E+06
   2734.60     3.267	0.18085E+06
   2736.60     3.240	0.18535E+06
   2738.40     3.250	0.18370E+06
   2740.20     3.268	0.18070E+06
   2742.20     3.311	0.17363E+06
   2744.00     3.323	0.17163E+06
   2745.80     3.326	0.17119E+06
   2747.80     3.313	0.17333E+06
   2749.60     3.326	0.17120E+06
   2751.40     3.292	0.17671E+06
   2753.40     3.272	0.17993E+06
   2755.20     3.297	0.17592E+06
   2757.00     3.300	0.17535E+06
   2759.00     3.311	0.17360E+06
   2760.80     3.291	0.17682E+06
   2762.80     3.315	0.17292E+06
   2764.60     3.317	0.17260E+06
   2766.40     3.341	0.16885E+06
   2768.40     3.304	0.17478E+06
   2770.20     3.303	0.17498E+06
   2772.00     3.303	0.17498E+06
   2774.00     3.296	0.17610E+06
   2775.80     3.296	0.17607E+06
   2777.60     3.312	0.17340E+06
   2779.60     3.314	0.17316E+06
   2781.40     3.308	0.17403E+06
   2783.20     3.310	0.17375E+06
   2785.20     3.311	0.17355E+06
   2787.00     3.324	0.17156E+06
   2788.80     3.318	0.17258E+06
   2790.80     3.312	0.17349E+06
   2792.60     3.317	0.17269E+06
   2794.40     3.329	0.17077E+06
   2796.40     3.323	0.17176E+06
   2798.20     3.330	0.17053E+06
   2800.00     3.343	0.16859E+06
   2802.00     3.365	0.16524E+06
   2803.80     3.319	0.17234E+06
   2805.80     3.312	0.17348E+06
   2807.60     3.355	0.16670E+06
   2809.40     3.341	0.16882E+06
   2811.40     3.308	0.17410E+06
   2813.20     3.291	0.17679E+06
   2815.00     3.305	0.17465E+06
   2817.00     3.259	0.18214E+06
   2818.80     3.282	0.17838E+06
   2820.60     3.299	0.17562E+06
   2822.60     3.307	0.17426E+06
   2824.40     3.337	0.16944E+06
   2826.20     3.314	0.17315E+06
   2828.20     3.295	0.17626E+06
   2830.00     3.324	0.17155E+06
   2831.80     3.371	0.16435E+06
   2833.80     3.374	0.16376E+06
   2835.60     3.348	0.16784E+06
   2837.40     3.366	0.16503E+06
   2839.40     3.367	0.16489E+06
   2841.20     3.347	0.16790E+06
   2843.00     3.337	0.16950E+06
   2845.00     3.338	0.16939E+06
   2846.80     3.348	0.16780E+06
   2848.60     3.327	0.17113E+06
   2850.60     3.298	0.17568E+06
   2852.40     3.279	0.17877E+06
   2854.40     3.329	0.17071E+06
   2856.20     3.329	0.17076E+06
   2858.00     3.298	0.17569E+06
   2860.00     3.307	0.17433E+06
   2861.80     3.281	0.17843E+06
   2863.60     3.310	0.17382E+06
   2865.60     3.305	0.17458E+06
   2867.40     3.281	0.17846E+06
   2869.20     3.293	0.17648E+06
   2871.20     3.328	0.17091E+06
   2873.00     3.384	0.16229E+06
   2874.80     3.384	0.16230E+06
   2876.80     3.372	0.16420E+06
   2878.60     3.346	0.16805E+06
   2880.40     3.337	0.16948E+06
   2882.40     3.344	0.16845E+06
   2884.20     3.376	0.16357E+06
   2886.00     3.372	0.16417E+06
   2888.00     3.315	0.17303E+06
   2889.80     3.342	0.16876E+06
   2891.60     3.322	0.17188E+06
   2893.60     3.296	0.17596E+06
   2895.40     3.317	0.17262E+06
   2897.20     3.320	0.17224E+06
   2899.20     3.335	0.16979E+06
   2901.00     3.352	0.16723E+06
   2903.00     3.348	0.16784E+06
   2904.80     3.369	0.16457E+06
   2906.60     3.355	0.16671E+06
   2908.60     3.343	0.16857E+06
   2910.40     3.327	0.17106E+06
   2912.20     3.320	0.17217E+06
   2914.20     3.321	0.17211E+06
   2916.00     3.317	0.17261E+06
   2917.80     3.318	0.17248E+06
   2919.80     3.308	0.17413E+06
   2921.60     3.324	0.17153E+06
   2923.40     3.354	0.16695E+06
   2925.40     3.365	0.16523E+06
   2927.20     3.361	0.16585E+06
   2929.00     3.351	0.16733E+06
   2931.00     3.373	0.16403E+06
   2932.80     3.377	0.16336E+06
   2934.60     3.366	0.16511E+06
   2936.60     3.370	0.16448E+06
   2938.40     3.332	0.17027E+06
   2940.20     3.321	0.17200E+06
   2942.20     3.321	0.17199E+06
   2944.00     3.369	0.16465E+06
   2946.00     3.370	0.16448E+06
   2947.80     3.402	0.15972E+06
   2949.60     3.403	0.15958E+06
   2951.60     3.403	0.15945E+06
   2953.40     3.344	0.16847E+06
   2955.20     3.331	0.17044E+06
   2957.20     3.301	0.17531E+06
   2959.00     3.303	0.17489E+06
   2960.80     3.301	0.17518E+06
   2962.80     3.366	0.16504E+06
   2964.60     3.379	0.16307E+06
   2966.40     3.383	0.16253E+06
   2968.40     3.323	0.17175E+06
   2970.20     3.318	0.17247E+06
   2972.00     3.348	0.16784E+06
   2974.00     3.361	0.16576E+06
   2975.80     3.357	0.16643E+06
   2977.60     3.377	0.16337E+06
   2979.60     3.360	0.16591E+06
   2981.40     3.346	0.16813E+06
   2983.20     3.358	0.16624E+06
   2985.20     3.363	0.16547E+06
   2987.00     3.391	0.16131E+06
   2988.80     3.377	0.16345E+06
   2990.80     3.382	0.16270E+06
   2992.60     3.404	0.15943E+06
   2994.60     3.402	0.15968E+06
   2996.40     3.399	0.16010E+06
   2998.20     3.372	0.16411E+06
   3000.20     3.354	0.16686E+06
   3002.00     3.376	0.16351E+06
   3003.80     3.395	0.16063E+06
   3005.80     3.385	0.16220E+06
   3007.60     3.353	0.16697E+06
   3009.40     3.358	0.16628E+06
   3011.40     3.337	0.16952E+06
   3013.20     3.388	0.16177E+06
   3015.00     3.373	0.16391E+06
   3017.00     3.359	0.16610E+06
   3018.80     3.348	0.16785E+06
   3020.60     3.357	0.16645E+06
   3022.60     3.366	0.16509E+06
   3024.40     3.380	0.16298E+06
   3026.20     3.346	0.16807E+06
   3028.20     3.329	0.17074E+06
   3030.00     3.358	0.16630E+06
   3031.80     3.319	0.17236E+06
   3033.80     3.365	0.16512E+06
   3035.60     3.390	0.16146E+06
   3037.40     3.357	0.16643E+06
   3039.40     3.341	0.16887E+06
   3041.20     3.363	0.16544E+06
   3043.20     3.358	0.16629E+06
   3045.00     3.354	0.16683E+06
   3046.80     3.394	0.16084E+06
   3048.80     3.367	0.16494E+06
   3050.60     3.341	0.16888E+06
   3052.40     3.305	0.17462E+06
   3054.40     3.365	0.16526E+06
   3056.20     3.378	0.16326E+06
   3058.00     3.376	0.16349E+06
   3060.00     3.349	0.16760E+06
   3061.80     3.369	0.16464E+06
   3063.60     3.382	0.16270E+06
   3065.60     3.360	0.16589E+06
   3067.40     3.384	0.16227E+06
   3069.20     3.376	0.16355E+06
   3071.20     3.374	0.16385E+06
   3073.00     3.382	0.16257E+06
   3074.80     3.385	0.16213E+06
   3076.80     3.383	0.16250E+06
   3078.60     3.358	0.16624E+06
   3080.40     3.349	0.16763E+06
   3082.40     3.341	0.16896E+06
   3084.20     3.344	0.16835E+06
   3086.20     3.371	0.16427E+06
   3088.00     3.377	0.16338E+06
   3089.80     3.366	0.16510E+06
   3091.80     3.388	0.16175E+06
   3093.60     3.422	0.15677E+06
   3095.40     3.384	0.16230E+06
   3097.40     3.419	0.15724E+06
   3099.20     3.378	0.16329E+06
   3101.00     3.393	0.16104E+06
   3103.00     3.352	0.16717E+06
   3104.80     3.357	0.16644E+06
   3106.60     3.400	0.15995E+06
   3108.60     3.375	0.16364E+06
   3110.40     3.395	0.16069E+06
   3112.20     3.395	0.16067E+06
   3114.20     3.422	0.15675E+06
   3116.00     3.346	0.16805E+06
   3117.80     3.355	0.16667E+06
   3119.80     3.423	0.15665E+06
   3121.60     3.411	0.15827E+06
   3123.40     3.302	0.17509E+06
   3125.40     3.364	0.16540E+06
   3127.20     3.353	0.16704E+06
   3129.00     3.350	0.16756E+06
   3131.00     3.340	0.16909E+06
   3132.80     3.346	0.16815E+06
   3134.80     3.362	0.16560E+06
   3136.60     3.319	0.17232E+06
   3138.40     3.358	0.16626E+06
   3140.40     3.335	0.16977E+06
   3142.20     3.292	0.17661E+06
   3144.00     3.397	0.16034E+06
   3146.00     3.398	0.16029E+06
   3147.80     3.360	0.16593E+06
   3149.60     3.344	0.16841E+06
   3151.60     3.356	0.16656E+06
   3153.40     3.301	0.17527E+06
   3155.20     3.338	0.16937E+06
   3157.20     3.384	0.16230E+06
   3159.00     3.385	0.16220E+06
   3160.80     3.342	0.16881E+06
   3162.80     3.359	0.16618E+06
   3164.60     3.419	0.15722E+06
   3166.40     3.303	0.17492E+06
   3168.40     3.349	0.16765E+06
   3170.20     3.435	0.15495E+06
   3172.00     3.398	0.16028E+06
   3174.00     3.367	0.16484E+06
   3175.80     3.427	0.15599E+06
   3177.60     3.354	0.16685E+06
   3179.60     3.398	0.16029E+06
   3181.40     3.460	0.15138E+06
   3183.40     3.326	0.17119E+06
   3185.20     3.302	0.17501E+06
   3187.00     3.398	0.16024E+06
   3189.00     3.303	0.17492E+06
   3190.80     3.314	0.17318E+06
   3192.60     3.332	0.17027E+06
   3194.60     3.285	0.17787E+06
   3196.40     3.282	0.17828E+06
   3198.20     3.351	0.16740E+06
   3205.30     3.387	0.16196E+06
   3210.65     3.386	0.16202E+06
   3216.01     3.387	0.16183E+06
   3221.38     3.389	0.16157E+06
   3226.75     3.391	0.16130E+06
   3232.14     3.393	0.16104E+06
   3237.53     3.394	0.16077E+06
   3242.94     3.396	0.16058E+06
   3248.35     3.397	0.16040E+06
   3253.77     3.398	0.16021E+06
   3259.20     3.400	0.16002E+06
   3264.64     3.401	0.15981E+06
   3270.09     3.403	0.15956E+06
   3275.55     3.404	0.15931E+06
   3281.02     3.406	0.15907E+06
   3286.50     3.408	0.15881E+06
   3291.98     3.409	0.15865E+06
   3297.48     3.410	0.15850E+06
   3302.98     3.411	0.15835E+06
   3308.50     3.412	0.15820E+06
   3314.02     3.413	0.15802E+06
   3319.55     3.415	0.15778E+06
   3325.09     3.416	0.15754E+06
   3330.64     3.418	0.15730E+06
   3336.20     3.420	0.15706E+06
   3341.77     3.422	0.15681E+06
   3347.35     3.423	0.15655E+06
   3352.93     3.425	0.15629E+06
   3358.53     3.427	0.15604E+06
   3364.14     3.428	0.15583E+06
   3369.75     3.429	0.15569E+06
   3375.38     3.430	0.15555E+06
   3381.01     3.431	0.15540E+06
   3386.66     3.432	0.15526E+06
   3392.31     3.434	0.15505E+06
   3397.97     3.435	0.15482E+06
   3403.64     3.437	0.15460E+06
   3409.32     3.439	0.15436E+06
   3415.01     3.439	0.15438E+06
   3420.72     3.437	0.15461E+06
   3426.43     3.435	0.15484E+06
   3432.15     3.434	0.15507E+06
   3437.87     3.432	0.15524E+06
   3443.61     3.434	0.15508E+06
   3449.36     3.435	0.15493E+06
   3455.12     3.436	0.15477E+06
   3460.89     3.437	0.15461E+06
   3466.66     3.438	0.15441E+06
   3472.45     3.440	0.15419E+06
   3478.25     3.441	0.15397E+06
   3484.05     3.443	0.15376E+06
   3489.87     3.444	0.15354E+06
   3495.69     3.446	0.15331E+06
   3501.53     3.448	0.15307E+06
   3507.37     3.449	0.15284E+06
   3513.23     3.451	0.15262E+06
   3519.09     3.453	0.15240E+06
   3524.97     3.454	0.15218E+06
   3530.85     3.456	0.15195E+06
   3536.74     3.457	0.15174E+06
   3542.65     3.460	0.15134E+06
   3548.56     3.463	0.15093E+06
   3554.48     3.466	0.15053E+06
   3560.42     3.469	0.15013E+06
   3566.36     3.471	0.14979E+06
   3572.31     3.473	0.14949E+06
   3578.27     3.476	0.14919E+06
   3584.25     3.478	0.14888E+06
   3590.23     3.479	0.14866E+06
   3596.22     3.481	0.14850E+06
   3602.23     3.482	0.14834E+06
   3608.24     3.483	0.14818E+06
   3614.26     3.485	0.14798E+06
   3620.29     3.487	0.14769E+06
   3626.34     3.489	0.14741E+06
   3632.39     3.491	0.14714E+06
   3638.46     3.491	0.14711E+06
   3644.53     3.488	0.14744E+06
   3650.61     3.486	0.14778E+06
   3656.71     3.483	0.14812E+06
   3662.81     3.482	0.14833E+06
   3668.92     3.483	0.14820E+06
   3675.05     3.484	0.14808E+06
   3681.18     3.485	0.14796E+06
   3687.33     3.486	0.14775E+06
   3693.48     3.498	0.14613E+06
   3699.65     3.510	0.14449E+06
   3705.82     3.522	0.14291E+06
   3712.01     3.535	0.14127E+06
   3718.20     3.521	0.14304E+06
   3724.41     3.508	0.14482E+06
   3730.63     3.495	0.14659E+06
   3736.85     3.482	0.14837E+06
   3743.09     3.493	0.14689E+06
   3749.34     3.504	0.14532E+06
   3755.60     3.516	0.14375E+06
   3761.87     3.528	0.14218E+06
   3768.15     3.499	0.14598E+06
   3774.44     3.470	0.14990E+06
   3780.74     3.442	0.15384E+06
   3787.05     3.415	0.15778E+06
   3793.37     3.391	0.16131E+06
   3799.70     3.367	0.16486E+06
   3806.04     3.344	0.16841E+06
   3812.40     3.325	0.17143E+06
   3818.76     3.357	0.16636E+06
   3825.14     3.391	0.16127E+06
   3831.52     3.426	0.15616E+06
   3837.92     3.447	0.15324E+06
   3844.32     3.376	0.16351E+06
   3850.74     3.310	0.17379E+06
   3857.17     3.247	0.18410E+06
   3863.60     3.219	0.18904E+06
   3870.05     3.285	0.17780E+06
   3876.51     3.356	0.16653E+06
   3882.98     3.433	0.15523E+06
   3889.47     3.453	0.15236E+06
   3895.96     3.378	0.16327E+06
   3902.46     3.307	0.17420E+06
   3908.98     3.241	0.18514E+06
   3915.50     3.211	0.19039E+06
   3922.04     3.209	0.19070E+06
   3928.58     3.207	0.19100E+06
   3935.14     3.206	0.19131E+06
   3941.71     3.247	0.18424E+06
   3948.29     3.307	0.17425E+06
   3954.88     3.371	0.16423E+06
   3961.48     3.440	0.15417E+06
   3968.09     3.405	0.15917E+06
   3974.72     3.363	0.16546E+06
   3981.35     3.323	0.17175E+06
   3988.00     3.287	0.17758E+06
   3994.65     3.268	0.18060E+06
   4005.00     3.415	0.15777E+06
   4010.00     3.401	0.15984E+06
   4015.00     3.365	0.16516E+06
   4020.00     3.326	0.17117E+06
   4025.00     3.314	0.17308E+06
   4030.00     3.312	0.17347E+06
   4035.00     3.299	0.17557E+06
   4040.00     3.272	0.17992E+06
   4045.00     3.263	0.18150E+06
   4050.00     3.251	0.18346E+06
   4055.00     3.233	0.18647E+06
   4060.00     3.213	0.19000E+06
   4065.00     3.211	0.19046E+06
   4070.00     3.211	0.19046E+06
   4075.00     3.224	0.18814E+06
   4080.00     3.249	0.18391E+06
   4085.00     3.263	0.18141E+06
   4090.00     3.258	0.18229E+06
   4095.00     3.287	0.17754E+06
   4100.00     3.331	0.17047E+06
   4105.00     3.377	0.16343E+06
   4110.00     3.375	0.16361E+06
   4115.00     3.328	0.17094E+06
   4120.00     3.295	0.17627E+06
   4125.00     3.274	0.17964E+06
   4130.00     3.273	0.17979E+06
   4135.00     3.257	0.18248E+06
   4140.00     3.252	0.18329E+06
   4145.00     3.262	0.18156E+06
   4150.00     3.272	0.17989E+06
   4155.00     3.274	0.17966E+06
   4160.00     3.248	0.18401E+06
   4165.00     3.243	0.18490E+06
   4170.00     3.240	0.18534E+06
   4175.00     3.243	0.18484E+06
   4180.00     3.235	0.18619E+06
   4185.00     3.233	0.18663E+06
   4190.00     3.228	0.18739E+06
   4195.00     3.231	0.18682E+06
   4200.00     3.236	0.18596E+06
   4205.00     3.244	0.18459E+06
   4210.00     3.231	0.18687E+06
   4215.00     3.227	0.18757E+06
   4220.00     3.223	0.18819E+06
   4225.00     3.222	0.18848E+06
   4230.00     3.218	0.18916E+06
   4235.00     3.227	0.18761E+06
   4240.00     3.235	0.18617E+06
   4245.00     3.235	0.18626E+06
   4250.00     3.241	0.18521E+06
   4255.00     3.225	0.18785E+06
   4260.00     3.230	0.18705E+06
   4265.00     3.230	0.18701E+06
   4270.00     3.244	0.18469E+06
   4275.00     3.245	0.18456E+06
   4280.00     3.233	0.18655E+06
   4285.00     3.235	0.18623E+06
   4290.00     3.233	0.18652E+06
   4295.00     3.230	0.18715E+06
   4300.00     3.234	0.18646E+06
   4305.00     3.248	0.18394E+06
   4310.00     3.256	0.18260E+06
   4315.00     3.253	0.18320E+06
   4320.00     3.272	0.18000E+06
   4325.00     3.297	0.17582E+06
   4330.00     3.322	0.17180E+06
   4335.00     3.386	0.16202E+06
   4340.00     3.486	0.14774E+06
   4345.00     3.503	0.14548E+06
   4350.00     3.414	0.15793E+06
   4355.00     3.341	0.16884E+06
   4360.00     3.307	0.17430E+06
   4365.00     3.283	0.17817E+06
   4370.00     3.282	0.17828E+06
   4375.00     3.285	0.17776E+06
   4380.00     3.287	0.17756E+06
   4385.00     3.313	0.17331E+06
   4390.00     3.348	0.16785E+06
   4395.00     3.318	0.17253E+06
   4400.00     3.295	0.17624E+06
   4405.00     3.289	0.17713E+06
   4410.00     3.290	0.17699E+06
   4415.00     3.302	0.17512E+06
   4420.00     3.304	0.17476E+06
   4425.00     3.292	0.17672E+06
   4430.00     3.300	0.17534E+06
   4435.00     3.317	0.17259E+06
   4440.00     3.320	0.17213E+06
   4445.00     3.314	0.17307E+06
   4450.00     3.317	0.17264E+06
   4455.00     3.320	0.17219E+06
   4460.00     3.326	0.17118E+06
   4465.00     3.358	0.16620E+06
   4470.00     3.405	0.15923E+06
   4475.00     3.411	0.15833E+06
   4480.00     3.381	0.16276E+06
   4485.00     3.350	0.16752E+06
   4490.00     3.332	0.17037E+06
   4495.00     3.328	0.17098E+06
   4500.00     3.331	0.17049E+06
   4505.00     3.335	0.16981E+06
   4510.00     3.332	0.17031E+06
   4515.00     3.331	0.17052E+06
   4520.00     3.335	0.16987E+06
   4525.00     3.347	0.16797E+06
   4530.00     3.360	0.16594E+06
   4535.00     3.348	0.16782E+06
   4540.00     3.342	0.16866E+06
   4545.00     3.345	0.16826E+06
   4550.00     3.350	0.16751E+06
   4555.00     3.350	0.16745E+06
   4560.00     3.344	0.16844E+06
   4565.00     3.341	0.16895E+06
   4570.00     3.340	0.16908E+06
   4575.00     3.355	0.16668E+06
   4580.00     3.357	0.16640E+06
   4585.00     3.348	0.16775E+06
   4590.00     3.351	0.16738E+06
   4595.00     3.350	0.16755E+06
   4600.00     3.371	0.16429E+06
   4605.00     3.378	0.16328E+06
   4610.00     3.370	0.16443E+06
   4615.00     3.372	0.16412E+06
   4620.00     3.369	0.16457E+06
   4625.00     3.362	0.16561E+06
   4630.00     3.370	0.16442E+06
   4635.00     3.373	0.16391E+06
   4640.00     3.374	0.16390E+06
   4645.00     3.376	0.16351E+06
   4650.00     3.382	0.16257E+06
   4655.00     3.369	0.16456E+06
   4660.00     3.366	0.16504E+06
   4665.00     3.365	0.16520E+06
   4670.00     3.362	0.16568E+06
   4675.00     3.369	0.16462E+06
   4680.00     3.365	0.16519E+06
   4685.00     3.363	0.16556E+06
   4690.00     3.365	0.16519E+06
   4695.00     3.379	0.16312E+06
   4700.00     3.388	0.16169E+06
   4705.00     3.392	0.16121E+06
   4710.00     3.400	0.15994E+06
   4715.00     3.402	0.15959E+06
   4720.00     3.396	0.16057E+06
   4725.00     3.401	0.15983E+06
   4730.00     3.393	0.16102E+06
   4735.00     3.391	0.16126E+06
   4740.00     3.389	0.16155E+06
   4745.00     3.402	0.15964E+06
   4750.00     3.403	0.15946E+06
   4755.00     3.402	0.15963E+06
   4760.00     3.404	0.15933E+06
   4765.00     3.416	0.15761E+06
   4770.00     3.425	0.15634E+06
   4775.00     3.429	0.15581E+06
   4780.00     3.423	0.15667E+06
   4785.00     3.415	0.15775E+06
   4790.00     3.418	0.15737E+06
   4795.00     3.426	0.15623E+06
   4800.00     3.425	0.15627E+06
   4805.00     3.439	0.15434E+06
   4810.00     3.446	0.15330E+06
   4815.00     3.443	0.15370E+06
   4820.00     3.440	0.15410E+06
   4825.00     3.438	0.15452E+06
   4830.00     3.446	0.15330E+06
   4835.00     3.460	0.15132E+06
   4840.00     3.465	0.15071E+06
   4845.00     3.480	0.14860E+06
   4850.00     3.540	0.14062E+06
   4855.00     3.633	0.12909E+06
   4860.00     3.740	0.11690E+06
   4865.00     3.725	0.11853E+06
   4870.00     3.609	0.13197E+06
   4875.00     3.527	0.14233E+06
   4880.00     3.486	0.14773E+06
   4885.00     3.463	0.15098E+06
   4890.00     3.470	0.14999E+06
   4895.00     3.476	0.14913E+06
   4900.00     3.467	0.15037E+06
   4905.00     3.459	0.15153E+06
   4910.00     3.466	0.15059E+06
   4915.00     3.497	0.14623E+06
   4920.00     3.535	0.14120E+06
   4925.00     3.531	0.14175E+06
   4930.00     3.489	0.14732E+06
   4935.00     3.468	0.15026E+06
   4940.00     3.470	0.14993E+06
   4945.00     3.466	0.15057E+06
   4950.00     3.458	0.15161E+06
   4955.00     3.461	0.15115E+06
   4960.00     3.467	0.15035E+06
   4965.00     3.471	0.14976E+06
   4970.00     3.473	0.14958E+06
   4975.00     3.469	0.15010E+06
   4980.00     3.472	0.14969E+06
   4985.00     3.481	0.14844E+06
   4990.00     3.478	0.14883E+06
   4995.00     3.481	0.14843E+06
   5000.00     3.488	0.14750E+06
   5005.00     3.499	0.14599E+06
   5010.00     3.522	0.14298E+06
   5015.00     3.537	0.14104E+06
   5020.00     3.520	0.14323E+06
   5025.00     3.498	0.14611E+06
   5030.00     3.506	0.14506E+06
   5035.00     3.509	0.14471E+06
   5040.00     3.506	0.14505E+06
   5045.00     3.515	0.14394E+06
   5050.00     3.514	0.14397E+06
   5055.00     3.505	0.14526E+06
   5060.00     3.498	0.14617E+06
   5065.00     3.503	0.14551E+06
   5070.00     3.505	0.14527E+06
   5075.00     3.498	0.14617E+06
   5080.00     3.499	0.14597E+06
   5085.00     3.501	0.14580E+06
   5090.00     3.499	0.14604E+06
   5095.00     3.507	0.14499E+06
   5100.00     3.513	0.14409E+06
   5105.00     3.513	0.14409E+06
   5110.00     3.517	0.14367E+06
   5115.00     3.517	0.14366E+06
   5120.00     3.519	0.14337E+06
   5125.00     3.524	0.14266E+06
   5130.00     3.523	0.14286E+06
   5135.00     3.526	0.14245E+06
   5140.00     3.529	0.14205E+06
   5145.00     3.534	0.14144E+06
   5150.00     3.530	0.14192E+06
   5155.00     3.526	0.14238E+06
   5160.00     3.535	0.14131E+06
   5165.00     3.527	0.14226E+06
   5170.00     3.518	0.14344E+06
   5175.00     3.526	0.14244E+06
   5180.00     3.529	0.14203E+06
   5185.00     3.528	0.14215E+06
   5190.00     3.525	0.14258E+06
   5195.00     3.535	0.14129E+06
   5200.00     3.538	0.14080E+06
   5205.00     3.541	0.14045E+06
   5210.00     3.547	0.13967E+06
   5215.00     3.548	0.13959E+06
   5220.00     3.549	0.13949E+06
   5225.00     3.548	0.13961E+06
   5230.00     3.550	0.13931E+06
   5235.00     3.558	0.13824E+06
   5240.00     3.564	0.13756E+06
   5245.00     3.562	0.13783E+06
   5250.00     3.559	0.13814E+06
   5255.00     3.559	0.13814E+06
   5260.00     3.560	0.13803E+06
   5265.00     3.565	0.13738E+06
   5270.00     3.568	0.13700E+06
   5275.00     3.568	0.13708E+06
   5280.00     3.574	0.13624E+06
   5285.00     3.579	0.13562E+06
   5290.00     3.577	0.13586E+06
   5295.00     3.579	0.13562E+06
   5300.00     3.577	0.13592E+06
   5305.00     3.575	0.13610E+06
   5310.00     3.569	0.13690E+06
   5315.00     3.576	0.13603E+06
   5320.00     3.587	0.13470E+06
   5325.00     3.585	0.13488E+06
   5330.00     3.579	0.13566E+06
   5335.00     3.584	0.13497E+06
   5340.00     3.596	0.13359E+06
   5345.00     3.600	0.13310E+06
   5350.00     3.595	0.13362E+06
   5355.00     3.594	0.13380E+06
   5360.00     3.592	0.13408E+06
   5365.00     3.594	0.13375E+06
   5370.00     3.601	0.13290E+06
   5375.00     3.600	0.13307E+06
   5380.00     3.604	0.13252E+06
   5385.00     3.602	0.13279E+06
   5390.00     3.599	0.13311E+06
   5395.00     3.614	0.13131E+06
   5400.00     3.615	0.13118E+06
   5405.00     3.614	0.13137E+06
   5410.00     3.613	0.13148E+06
   5415.00     3.614	0.13137E+06
   5420.00     3.624	0.13008E+06
   5425.00     3.625	0.13001E+06
   5430.00     3.631	0.12934E+06
   5435.00     3.624	0.13013E+06
   5440.00     3.619	0.13068E+06
   5445.00     3.623	0.13021E+06
   5450.00     3.629	0.12951E+06
   5455.00     3.638	0.12852E+06
   5460.00     3.636	0.12874E+06
   5465.00     3.631	0.12926E+06
   5470.00     3.637	0.12860E+06
   5475.00     3.641	0.12811E+06
   5480.00     3.643	0.12785E+06
   5485.00     3.643	0.12793E+06
   5490.00     3.643	0.12791E+06
   5495.00     3.649	0.12723E+06
   5500.00     3.646	0.12749E+06
   5505.00     3.644	0.12780E+06
   5510.00     3.651	0.12690E+06
   5515.00     3.649	0.12723E+06
   5520.00     3.646	0.12756E+06
   5525.00     3.654	0.12656E+06
   5530.00     3.659	0.12601E+06
   5535.00     3.655	0.12652E+06
   5540.00     3.645	0.12762E+06
   5545.00     3.650	0.12706E+06
   5550.00     3.658	0.12615E+06
   5555.00     3.657	0.12620E+06
   5560.00     3.658	0.12613E+06
   5565.00     3.662	0.12564E+06
   5570.00     3.665	0.12528E+06
   5575.00     3.666	0.12525E+06
   5580.00     3.670	0.12476E+06
   5585.00     3.665	0.12535E+06
   5590.00     3.661	0.12576E+06
   5595.00     3.661	0.12580E+06
   5600.00     3.665	0.12527E+06
   5605.00     3.664	0.12540E+06
   5610.00     3.669	0.12486E+06
   5615.00     3.668	0.12502E+06
   5620.00     3.668	0.12498E+06
   5625.00     3.668	0.12496E+06
   5630.00     3.672	0.12451E+06
   5635.00     3.681	0.12347E+06
   5640.00     3.688	0.12265E+06
   5645.00     3.686	0.12289E+06
   5650.00     3.678	0.12382E+06
   5655.00     3.680	0.12360E+06
   5660.00     3.690	0.12242E+06
   5665.00     3.692	0.12223E+06
   5670.00     3.688	0.12263E+06
   5675.00     3.691	0.12240E+06
   5680.00     3.694	0.12197E+06
   5685.00     3.699	0.12140E+06
   5690.00     3.697	0.12164E+06
   5695.00     3.694	0.12199E+06
   5700.00     3.698	0.12156E+06
   5705.00     3.698	0.12157E+06
   5710.00     3.695	0.12193E+06
   5715.00     3.702	0.12108E+06
   5720.00     3.713	0.11995E+06
   5725.00     3.709	0.12038E+06
   5730.00     3.697	0.12169E+06
   5735.00     3.695	0.12186E+06
   5740.00     3.708	0.12043E+06
   5745.00     3.715	0.11970E+06
   5750.00     3.707	0.12050E+06
   5755.00     3.702	0.12107E+06
   5760.00     3.713	0.11986E+06
   5765.00     3.713	0.11990E+06
   5770.00     3.712	0.12000E+06
   5775.00     3.716	0.11954E+06
   5780.00     3.716	0.11958E+06
   5785.00     3.712	0.12004E+06
   5790.00     3.710	0.12021E+06
   5795.00     3.718	0.11929E+06
   5800.00     3.725	0.11856E+06
   5805.00     3.719	0.11918E+06
   5810.00     3.715	0.11967E+06
   5815.00     3.714	0.11981E+06
   5820.00     3.715	0.11967E+06
   5825.00     3.712	0.12005E+06
   5830.00     3.719	0.11924E+06
   5835.00     3.716	0.11952E+06
   5840.00     3.717	0.11941E+06
   5845.00     3.718	0.11937E+06
   5850.00     3.727	0.11835E+06
   5855.00     3.726	0.11852E+06
   5860.00     3.731	0.11794E+06
   5865.00     3.749	0.11595E+06
   5870.00     3.770	0.11374E+06
   5875.00     3.789	0.11175E+06
   5880.00     3.779	0.11282E+06
   5885.00     3.752	0.11567E+06
   5890.00     3.739	0.11701E+06
   5895.00     3.740	0.11690E+06
   5900.00     3.739	0.11705E+06
   5905.00     3.739	0.11702E+06
   5910.00     3.740	0.11697E+06
   5915.00     3.740	0.11693E+06
   5920.00     3.741	0.11683E+06
   5925.00     3.744	0.11650E+06
   5930.00     3.743	0.11667E+06
   5935.00     3.741	0.11688E+06
   5940.00     3.749	0.11603E+06
   5945.00     3.753	0.11553E+06
   5950.00     3.750	0.11589E+06
   5955.00     3.755	0.11535E+06
   5960.00     3.756	0.11528E+06
   5965.00     3.756	0.11523E+06
   5970.00     3.761	0.11473E+06
   5975.00     3.759	0.11491E+06
   5980.00     3.760	0.11479E+06
   5985.00     3.763	0.11449E+06
   5990.00     3.770	0.11375E+06
   5995.00     3.771	0.11364E+06
   6000.00     3.766	0.11421E+06
   6005.00     3.767	0.11407E+06
   6010.00     3.766	0.11416E+06
   6015.00     3.766	0.11422E+06
   6020.00     3.774	0.11332E+06
   6025.00     3.766	0.11414E+06
   6030.00     3.775	0.11325E+06
   6035.00     3.782	0.11248E+06
   6040.00     3.781	0.11266E+06
   6045.00     3.783	0.11237E+06
   6050.00     3.785	0.11225E+06
   6055.00     3.785	0.11221E+06
   6060.00     3.785	0.11216E+06
   6065.00     3.786	0.11209E+06
   6070.00     3.786	0.11209E+06
   6075.00     3.783	0.11241E+06
   6080.00     3.786	0.11213E+06
   6085.00     3.799	0.11078E+06
   6090.00     3.808	0.10983E+06
   6095.00     3.810	0.10964E+06
   6100.00     3.803	0.11036E+06
   6105.00     3.802	0.11041E+06
   6110.00     3.800	0.11063E+06
   6115.00     3.805	0.11018E+06
   6120.00     3.807	0.10991E+06
   6125.00     3.809	0.10980E+06
   6130.00     3.810	0.10967E+06
   6135.00     3.813	0.10936E+06
   6140.00     3.821	0.10859E+06
   6145.00     3.828	0.10787E+06
   6150.00     3.831	0.10756E+06
   6155.00     3.830	0.10763E+06
   6160.00     3.830	0.10762E+06
   6165.00     3.831	0.10757E+06
   6170.00     3.826	0.10801E+06
   6175.00     3.834	0.10723E+06
   6180.00     3.834	0.10724E+06
   6185.00     3.830	0.10763E+06
   6190.00     3.835	0.10712E+06
   6195.00     3.840	0.10669E+06
   6200.00     3.857	0.10498E+06
   6205.00     3.861	0.10459E+06
   6210.00     3.863	0.10444E+06
   6215.00     3.863	0.10441E+06
   6220.00     3.858	0.10493E+06
   6225.00     3.855	0.10521E+06
   6230.00     3.860	0.10475E+06
   6235.00     3.866	0.10410E+06
   6240.00     3.867	0.10407E+06
   6245.00     3.865	0.10418E+06
   6250.00     3.867	0.10402E+06
   6255.00     3.872	0.10358E+06
   6260.00     3.875	0.10329E+06
   6265.00     3.878	0.10300E+06
   6270.00     3.885	0.10234E+06
   6275.00     3.890	0.10186E+06
   6280.00     3.894	0.10150E+06
   6285.00     3.897	0.10124E+06
   6290.00     3.893	0.10159E+06
   6295.00     3.891	0.10175E+06
   6300.00     3.892	0.10163E+06
   6305.00     3.886	0.10225E+06
   6310.00     3.881	0.10274E+06
   6315.00     3.881	0.10272E+06
   6320.00     3.883	0.10253E+06
   6325.00     3.884	0.10246E+06
   6330.00     3.882	0.10262E+06
   6335.00     3.881	0.10275E+06
   6340.00     3.881	0.10275E+06
   6345.00     3.880	0.10280E+06
   6350.00     3.881	0.10270E+06
   6355.00     3.880	0.10277E+06
   6360.00     3.879	0.10292E+06
   6365.00     3.883	0.10255E+06
   6370.00     3.889	0.10193E+06
   6375.00     3.891	0.10180E+06
   6380.00     3.889	0.10195E+06
   6385.00     3.892	0.10168E+06
   6390.00     3.897	0.10125E+06
   6395.00     3.898	0.10116E+06
   6400.00     3.895	0.10137E+06
   6405.00     3.891	0.10175E+06
   6410.00     3.893	0.10157E+06
   6415.00     3.902	0.10078E+06
   6420.00     3.900	0.10088E+06
   6425.00     3.898	0.10115E+06
   6430.00     3.896	0.10132E+06
   6435.00     3.898	0.10111E+06
   6440.00     3.897	0.10117E+06
   6445.00     3.898	0.10115E+06
   6450.00     3.902	0.10077E+06
   6455.00     3.903	0.10061E+06
   6460.00     3.906	0.10041E+06
   6465.00     3.913	0.99685E+05
   6470.00     3.921	0.99020E+05
   6475.00     3.924	0.98727E+05
   6480.00     3.928	0.98370E+05
   6485.00     3.932	0.97966E+05
   6490.00     3.931	0.98104E+05
   6495.00     3.928	0.98335E+05
   6500.00     3.932	0.97986E+05
   6501.03     3.941	0.97201E+05
   6511.88     3.945	0.96786E+05
   6522.75     3.950	0.96370E+05
   6533.64     3.968	0.94766E+05
   6544.54     3.991	0.92849E+05
   6555.47     4.013	0.90928E+05
   6566.41     4.036	0.89003E+05
   6577.37     4.051	0.87837E+05
   6588.35     4.031	0.89441E+05
   6599.35     4.012	0.91048E+05
   6610.36     3.993	0.92658E+05
   6621.40     3.974	0.94271E+05
   6632.45     3.970	0.94595E+05
   6643.52     3.974	0.94292E+05
   6654.61     3.977	0.93989E+05
   6665.72     3.981	0.93685E+05
   6676.85     3.984	0.93413E+05
   6687.99     3.985	0.93316E+05
   6699.15     3.986	0.93220E+05
   6710.34     3.987	0.93121E+05
   6721.54     3.989	0.93023E+05
   6732.76     3.991	0.92811E+05
   6744.00     3.994	0.92546E+05
   6755.25     3.997	0.92281E+05
   6766.53     4.000	0.92016E+05
   6777.82     4.003	0.91761E+05
   6789.14     4.006	0.91546E+05
   6800.47     4.008	0.91329E+05
   6811.82     4.011	0.91113E+05
   6823.19     4.014	0.90895E+05
   6834.58     4.016	0.90682E+05
   6845.99     4.019	0.90470E+05
   6857.42     4.021	0.90259E+05
   6868.86     4.024	0.90046E+05
   6880.33     4.026	0.89827E+05
   6891.81     4.029	0.89605E+05
   6903.32     4.032	0.89381E+05
   6914.84     4.035	0.89157E+05
   6926.38     4.037	0.88933E+05
   6937.94     4.040	0.88700E+05
   6949.52     4.043	0.88469E+05
   6961.12     4.046	0.88236E+05
   6972.75     4.049	0.88003E+05
   6984.38     4.051	0.87782E+05
   6996.04     4.054	0.87564E+05
   7007.72     4.057	0.87345E+05
   7019.42     4.060	0.87125E+05
   7031.13     4.063	0.86846E+05
   7042.87     4.067	0.86511E+05
   7054.63     4.072	0.86176E+05
   7066.40     4.076	0.85840E+05
   7078.20     4.079	0.85555E+05
   7090.01     4.081	0.85412E+05
   7101.85     4.083	0.85268E+05
   7113.70     4.085	0.85124E+05
   7125.58     4.087	0.84980E+05
   7137.47     4.089	0.84835E+05
   7149.38     4.090	0.84690E+05
   7161.32     4.094	0.84444E+05
   7173.27     4.097	0.84193E+05
   7185.25     4.100	0.83940E+05
   7197.24     4.103	0.83688E+05
   7209.25     4.107	0.83434E+05
   7221.29     4.110	0.83182E+05
   7233.34     4.113	0.82926E+05
   7245.42     4.117	0.82671E+05
   7257.51     4.119	0.82469E+05
   7269.62     4.122	0.82298E+05
   7281.76     4.124	0.82127E+05
   7293.91     4.126	0.81955E+05
   7306.09     4.128	0.81785E+05
   7318.28     4.131	0.81611E+05
   7330.50     4.133	0.81438E+05
   7342.73     4.135	0.81266E+05
   7354.99     4.138	0.81080E+05
   7367.27     4.140	0.80876E+05
   7379.57     4.143	0.80672E+05
   7391.88     4.146	0.80468E+05
   7404.22     4.149	0.80262E+05
   7416.58     4.152	0.80055E+05
   7428.96     4.154	0.79850E+05
   7441.36     4.157	0.79644E+05
   7453.78     4.160	0.79440E+05
   7466.23     4.163	0.79245E+05
   7478.69     4.165	0.79048E+05
   7491.17     4.168	0.78853E+05
   7503.68     4.171	0.78655E+05
   7516.20     4.173	0.78458E+05
   7528.75     4.176	0.78260E+05
   7541.31     4.179	0.78063E+05
   7553.90     4.182	0.77863E+05
   7566.51     4.184	0.77661E+05
   7579.14     4.187	0.77458E+05
   7591.79     4.190	0.77255E+05
   7604.46     4.193	0.77051E+05
   7617.16     4.196	0.76847E+05
   7629.87     4.199	0.76643E+05
   7642.61     4.202	0.76439E+05
   7655.37     4.205	0.76232E+05
   7668.15     4.208	0.76024E+05
   7680.94     4.211	0.75816E+05
   7693.77     4.214	0.75608E+05
   7706.61     4.217	0.75398E+05
   7719.47     4.220	0.75188E+05
   7732.36     4.223	0.74979E+05
   7745.26     4.226	0.74768E+05
   7758.19     4.228	0.74580E+05
   7771.14     4.231	0.74404E+05
   7784.12     4.234	0.74227E+05
   7797.11     4.236	0.74050E+05
   7810.12     4.239	0.73873E+05
   7823.16     4.241	0.73696E+05
   7836.22     4.244	0.73517E+05
   7849.30     4.247	0.73339E+05
   7862.40     4.249	0.73160E+05
   7875.52     4.252	0.72980E+05
   7888.67     4.255	0.72800E+05
   7901.84     4.257	0.72620E+05
   7915.03     4.260	0.72439E+05
   7928.24     4.263	0.72257E+05
   7941.47     4.266	0.72076E+05
   7954.73     4.268	0.71894E+05
   7968.01     4.271	0.71712E+05
   7981.31     4.274	0.71528E+05
   7994.63     4.277	0.71345E+05
   8007.98     4.279	0.71162E+05
   8021.34     4.282	0.70978E+05
   8034.73     4.285	0.70794E+05
   8048.14     4.288	0.70608E+05
   8061.58     4.291	0.70421E+05
   8075.03     4.294	0.70233E+05
   8088.51     4.297	0.70043E+05
   8102.02     4.300	0.69853E+05
   8115.54     4.302	0.69665E+05
   8129.08     4.305	0.69474E+05
   8142.65     4.308	0.69283E+05
   8156.25     4.311	0.69105E+05
   8169.86     4.314	0.68958E+05
   8183.50     4.316	0.68811E+05
   8197.16     4.318	0.68662E+05
   8210.84     4.321	0.68514E+05
   8224.55     4.323	0.68366E+05
   8238.27     4.325	0.68217E+05
   8252.03     4.328	0.68067E+05
   8265.80     4.330	0.67906E+05
   8279.60     4.333	0.67746E+05
   8293.42     4.335	0.67585E+05
   8307.26     4.338	0.67423E+05
   8321.13     4.341	0.67262E+05
   8335.02     4.343	0.67098E+05
   8348.93     4.346	0.66935E+05
   8362.87     4.349	0.66768E+05
   8376.83     4.351	0.66600E+05
   8390.81     4.354	0.66432E+05
   8404.82     4.357	0.66263E+05
   8418.84     4.360	0.66095E+05
   8432.90     4.362	0.65925E+05
   8446.97     4.365	0.65755E+05
   8461.07     4.369	0.65518E+05
   8475.20     4.373	0.65264E+05
   8489.34     4.378	0.65008E+05
   8503.51     4.382	0.64753E+05
   8517.71     4.386	0.64496E+05
   8531.93     4.390	0.64240E+05
   8546.17     4.395	0.63982E+05
   8560.43     4.399	0.63762E+05
   8574.72     4.402	0.63556E+05
   8589.04     4.406	0.63347E+05
   8603.37     4.409	0.63140E+05
   8617.73     4.413	0.62932E+05
   8632.12     4.416	0.62723E+05
   8646.53     4.420	0.62514E+05
   8660.96     4.422	0.62417E+05
   8675.42     4.423	0.62356E+05
   8689.90     4.424	0.62296E+05
   8704.40     4.425	0.62234E+05
   8718.93     4.426	0.62173E+05
   8733.49     4.427	0.62112E+05
   8748.06     4.428	0.62051E+05
   8762.67     4.432	0.61836E+05
   8777.29     4.436	0.61598E+05
   8791.95     4.440	0.61358E+05
   8806.62     4.445	0.61119E+05
   8821.32     4.449	0.60879E+05
   8836.04     4.453	0.60639E+05
   8850.79     4.457	0.60427E+05
   8865.57     4.452	0.60712E+05
   8880.37     4.447	0.60996E+05
   8895.19     4.442	0.61283E+05
   8910.04     4.437	0.61568E+05
   8924.91     4.432	0.61855E+05
   8939.81     4.427	0.62143E+05
   8954.73     4.426	0.62166E+05
   8969.68     4.436	0.61618E+05
   8984.65     4.445	0.61069E+05
   8999.65     4.455	0.60519E+05
   9014.67     4.465	0.59968E+05
   9029.72     4.475	0.59415E+05
   9044.79     4.485	0.58861E+05
   9059.89     4.485	0.58873E+05
   9075.01     4.480	0.59183E+05
   9090.16     4.474	0.59493E+05
   9105.33     4.468	0.59807E+05
   9120.53     4.462	0.60121E+05
   9135.75     4.457	0.60437E+05
   9151.00     4.452	0.60684E+05
   9166.28     4.465	0.59967E+05
   9181.58     4.478	0.59247E+05
   9196.91     4.492	0.58526E+05
   9212.26     4.505	0.57804E+05
   9227.63     4.519	0.57080E+05
   9243.04     4.533	0.56355E+05
   9258.47     4.534	0.56275E+05
   9273.92     4.526	0.56727E+05
   9289.40     4.517	0.57181E+05
   9304.91     4.508	0.57635E+05
   9320.44     4.500	0.58091E+05
   9336.00     4.491	0.58547E+05
   9351.58     4.484	0.58938E+05
   9367.19     4.488	0.58745E+05
   9382.83     4.491	0.58554E+05
   9398.49     4.495	0.58360E+05
   9414.18     4.498	0.58167E+05
   9429.89     4.502	0.57972E+05
   9445.63     4.506	0.57778E+05
   9461.40     4.517	0.57199E+05
   9477.19     4.530	0.56471E+05
   9493.01     4.545	0.55741E+05
   9508.86     4.559	0.55010E+05
   9524.73     4.573	0.54278E+05
   9540.63     4.588	0.53543E+05
   9556.55     4.593	0.53289E+05
   9572.50     4.585	0.53726E+05
   9588.48     4.576	0.54163E+05
   9604.49     4.567	0.54602E+05
   9620.52     4.558	0.55040E+05
   9636.58     4.550	0.55480E+05
   9652.66     4.543	0.55827E+05
   9668.78     4.545	0.55703E+05
   9684.92     4.548	0.55580E+05
   9701.08     4.550	0.55457E+05
   9717.27     4.553	0.55334E+05
   9733.49     4.555	0.55210E+05
   9749.74     4.557	0.55085E+05
   9766.02     4.560	0.54937E+05
   9782.32     4.563	0.54786E+05
   9798.65     4.566	0.54636E+05
   9815.00     4.569	0.54485E+05
   9831.39     4.572	0.54335E+05
   9847.80     4.575	0.54184E+05
   9864.23     4.579	0.54010E+05
   9880.70     4.582	0.53833E+05
   9897.19     4.586	0.53656E+05
   9913.71     4.590	0.53478E+05
   9930.26     4.593	0.53300E+05
   9946.84     4.597	0.53121E+05
   9963.44     4.609	0.52511E+05
   9980.07     4.624	0.51799E+05
   9996.73     4.639	0.51085E+05
  10013.42     4.655	0.50369E+05
  10030.13     4.670	0.49653E+05
  10046.87     4.686	0.48934E+05
  10063.64     4.681	0.49151E+05
  10080.44     4.672	0.49584E+05
  10097.27     4.662	0.50017E+05
  10114.12     4.653	0.50451E+05
  10131.01     4.644	0.50885E+05
  10147.92     4.634	0.51321E+05
  10164.86     4.635	0.51275E+05
  10181.82     4.638	0.51161E+05
  10198.82     4.640	0.51047E+05
  10215.84     4.643	0.50932E+05
  10232.90     4.645	0.50817E+05
  10249.98     4.647	0.50702E+05
  10267.09     4.651	0.50540E+05
  10284.22     4.654	0.50378E+05
  10301.39     4.658	0.50216E+05
  10318.59     4.661	0.50054E+05
  10335.81     4.665	0.49890E+05
  10353.06     4.668	0.49736E+05
  10370.34     4.671	0.49619E+05
  10387.65     4.673	0.49501E+05
  10404.99     4.676	0.49383E+05
  10422.36     4.679	0.49265E+05
  10439.76     4.681	0.49146E+05
  10457.18     4.684	0.49019E+05
  10474.64     4.687	0.48879E+05
  10492.12     4.690	0.48740E+05
  10509.64     4.693	0.48598E+05
  10527.18     4.697	0.48458E+05
  10544.75     4.700	0.48318E+05
  10562.35     4.703	0.48175E+05
  10579.99     4.706	0.48031E+05
  10597.65     4.709	0.47887E+05
  10615.33     4.713	0.47743E+05
  10633.05     4.716	0.47597E+05
  10650.80     4.719	0.47454E+05
  10668.58     4.722	0.47331E+05
  10686.39     4.725	0.47208E+05
  10704.23     4.728	0.47085E+05
  10722.09     4.731	0.46961E+05
  10739.99     4.734	0.46837E+05
  10757.92     4.737	0.46678E+05
  10775.88     4.742	0.46474E+05
  10793.86     4.747	0.46269E+05
  10811.88     4.752	0.46065E+05
  10829.93     4.756	0.45859E+05
  10848.01     4.761	0.45653E+05
  10866.11     4.775	0.45083E+05
  10884.25     4.790	0.44467E+05
  10902.42     4.805	0.43849E+05
  10920.62     4.821	0.43230E+05
  10938.85     4.836	0.42609E+05
  10957.11     4.842	0.42388E+05
  10975.40     4.831	0.42796E+05
  10993.72     4.821	0.43205E+05
  11012.07     4.811	0.43615E+05
  11030.45     4.801	0.44024E+05
  11048.86     4.791	0.44435E+05
  11067.30     4.792	0.44375E+05
  11085.78     4.794	0.44283E+05
  11104.28     4.797	0.44191E+05
  11122.82     4.799	0.44098E+05
  11141.38     4.801	0.44006E+05
  11159.98     4.804	0.43895E+05
  11178.61     4.807	0.43767E+05
  11197.27     4.810	0.43639E+05
  11215.96     4.814	0.43511E+05
  11234.68     4.817	0.43382E+05
  11253.43     4.820	0.43255E+05
  11272.22     4.823	0.43129E+05
  11291.03     4.826	0.43004E+05
  11309.88     4.829	0.42879E+05
  11328.76     4.833	0.42753E+05
  11347.67     4.836	0.42628E+05
  11366.61     4.839	0.42510E+05
  11385.58     4.842	0.42396E+05
  11404.59     4.845	0.42280E+05
  11423.63     4.848	0.42165E+05
  11442.70     4.851	0.42049E+05
  11461.80     4.854	0.41930E+05
  11480.93     4.857	0.41810E+05
  11500.09     4.860	0.41690E+05
  11519.29     4.863	0.41570E+05
  11538.52     4.866	0.41449E+05
  11557.78     4.869	0.41329E+05
  11577.07     4.873	0.41209E+05
  11596.39     4.876	0.41089E+05
  11615.75     4.879	0.40968E+05
  11635.14     4.882	0.40847E+05
  11654.56     4.885	0.40727E+05
  11674.01     4.888	0.40609E+05
  11693.50     4.892	0.40491E+05
  11713.02     4.895	0.40373E+05
  11732.57     4.898	0.40254E+05
  11752.16     4.901	0.40137E+05
  11771.77     4.904	0.40027E+05
  11791.42     4.907	0.39918E+05
  11811.10     4.910	0.39809E+05
  11830.82     4.913	0.39699E+05
  11850.57     4.916	0.39589E+05
  11870.35     4.920	0.39457E+05
  11890.16     4.923	0.39325E+05
  11910.01     4.927	0.39192E+05
  11929.89     4.931	0.39059E+05
  11949.80     4.934	0.38926E+05
  11969.75     4.937	0.38835E+05
  11989.73     4.939	0.38744E+05
  12009.74     4.942	0.38652E+05
