    909.86     6.562	0.86940E+04
    919.12     5.105	0.33270E+05
    928.38     4.180	0.77962E+05
    937.64     3.773	0.11343E+06
    946.90     3.674	0.12429E+06
    956.16     3.587	0.13464E+06
    965.42     3.587	0.13467E+06
    974.68     3.631	0.12934E+06
    983.94     3.628	0.12964E+06
    993.20     3.586	0.13479E+06
   1002.46     3.622	0.13032E+06
   1011.72     3.651	0.12695E+06
   1020.98     3.591	0.13419E+06
   1030.24     3.559	0.13819E+06
   1039.50     3.500	0.14587E+06
   1048.76     3.470	0.14991E+06
   1058.02     3.489	0.14732E+06
   1067.28     3.474	0.14942E+06
   1076.54     3.482	0.14827E+06
   1085.80     3.540	0.14065E+06
   1095.06     3.544	0.14008E+06
   1104.32     3.560	0.13802E+06
   1113.58     3.512	0.14426E+06
   1122.84     3.477	0.14904E+06
   1132.10     3.574	0.13621E+06
   1141.36     3.576	0.13596E+06
   1155.80     3.590	0.13427E+06
   1157.00     3.540	0.14061E+06
   1158.20     3.606	0.13227E+06
   1159.20     3.596	0.13348E+06
   1160.40     3.580	0.13554E+06
   1161.60     3.542	0.14029E+06
   1162.80     3.573	0.13645E+06
   1164.00     3.609	0.13196E+06
   1165.20     3.641	0.12808E+06
   1166.40     3.650	0.12704E+06
   1167.60     3.635	0.12877E+06
   1168.80     3.653	0.12665E+06
   1170.00     3.700	0.12135E+06
   1171.00     3.787	0.11195E+06
   1172.20     3.837	0.10700E+06
   1173.40     3.901	0.10080E+06
   1174.60     3.948	0.96524E+05
   1175.80     3.879	0.10288E+06
   1177.00     3.807	0.10997E+06
   1178.20     3.723	0.11883E+06
   1179.40     3.649	0.12716E+06
   1180.60     3.621	0.13049E+06
   1181.60     3.613	0.13152E+06
   1182.80     3.575	0.13612E+06
   1184.00     3.542	0.14036E+06
   1185.20     3.536	0.14108E+06
   1186.40     3.577	0.13594E+06
   1187.60     3.553	0.13891E+06
   1188.80     3.596	0.13355E+06
   1190.00     3.622	0.13042E+06
   1191.20     3.602	0.13283E+06
   1192.40     3.620	0.13058E+06
   1193.40     3.682	0.12336E+06
   1194.60     3.712	0.12003E+06
   1195.80     3.733	0.11766E+06
   1197.00     3.737	0.11729E+06
   1198.20     3.756	0.11529E+06
   1199.40     3.772	0.11353E+06
   1200.60     3.756	0.11525E+06
   1201.80     3.714	0.11981E+06
   1203.00     3.716	0.11952E+06
   1204.20     3.746	0.11636E+06
   1205.20     3.771	0.11361E+06
   1206.40     3.775	0.11321E+06
   1207.60     3.749	0.11601E+06
   1208.80     3.844	0.10629E+06
   1210.00     3.974	0.94254E+05
   1211.20     4.146	0.80463E+05
   1212.40     4.415	0.62800E+05
   1213.60     4.575	0.54181E+05
   1214.80     4.684	0.49030E+05
   1216.00     4.527	0.56639E+05
   1217.00     4.196	0.76854E+05
   1218.20     3.995	0.92504E+05
   1219.40     3.778	0.11292E+06
   1220.60     3.625	0.13005E+06
   1221.80     3.568	0.13709E+06
   1223.00     3.554	0.13875E+06
   1224.20     3.508	0.14476E+06
   1225.40     3.541	0.14051E+06
   1226.60     3.576	0.13599E+06
   1227.80     3.573	0.13643E+06
   1228.80     3.565	0.13737E+06
   1230.00     3.525	0.14253E+06
   1231.20     3.549	0.13939E+06
   1232.40     3.521	0.14311E+06
   1233.60     3.559	0.13819E+06
   1234.80     3.652	0.12685E+06
   1236.00     3.602	0.13285E+06
   1237.20     3.637	0.12855E+06
   1238.40     3.691	0.12234E+06
   1239.60     3.654	0.12658E+06
   1240.60     3.604	0.13257E+06
   1241.80     3.628	0.12961E+06
   1243.00     3.581	0.13538E+06
   1244.20     3.590	0.13428E+06
   1245.40     3.626	0.12990E+06
   1246.60     3.636	0.12876E+06
   1247.80     3.631	0.12932E+06
   1249.00     3.623	0.13024E+06
   1250.20     3.623	0.13024E+06
   1251.40     3.642	0.12805E+06
   1252.40     3.668	0.12500E+06
   1253.60     3.648	0.12729E+06
   1254.80     3.659	0.12596E+06
   1256.00     3.628	0.12965E+06
   1257.20     3.612	0.13157E+06
   1258.40     3.633	0.12902E+06
   1259.60     3.591	0.13413E+06
   1260.80     3.521	0.14313E+06
   1262.00     3.519	0.14339E+06
   1263.20     3.519	0.14335E+06
   1264.20     3.488	0.14754E+06
   1265.40     3.541	0.14052E+06
   1266.60     3.536	0.14107E+06
   1267.80     3.508	0.14477E+06
   1269.00     3.523	0.14287E+06
   1270.20     3.533	0.14148E+06
   1271.40     3.524	0.14265E+06
   1272.60     3.491	0.14716E+06
   1273.80     3.442	0.15395E+06
   1275.00     3.427	0.15604E+06
   1276.00     3.480	0.14862E+06
   1277.20     3.486	0.14774E+06
   1278.40     3.470	0.14993E+06
   1279.60     3.461	0.15123E+06
   1280.80     3.486	0.14781E+06
   1282.00     3.484	0.14805E+06
   1283.20     3.507	0.14494E+06
   1284.40     3.500	0.14584E+06
   1285.60     3.490	0.14722E+06
   1286.80     3.517	0.14362E+06
   1287.80     3.508	0.14480E+06
   1289.00     3.484	0.14802E+06
   1290.20     3.468	0.15019E+06
   1291.40     3.467	0.15033E+06
   1292.60     3.448	0.15297E+06
   1293.80     3.486	0.14772E+06
   1295.00     3.514	0.14395E+06
   1296.20     3.537	0.14094E+06
   1297.40     3.546	0.13979E+06
   1298.60     3.543	0.14019E+06
   1299.60     3.552	0.13908E+06
   1300.80     3.558	0.13832E+06
   1302.00     3.583	0.13520E+06
   1303.20     3.569	0.13686E+06
   1304.40     3.592	0.13404E+06
   1305.60     3.570	0.13672E+06
   1306.80     3.512	0.14423E+06
   1308.00     3.525	0.14250E+06
   1309.20     3.517	0.14356E+06
   1310.40     3.469	0.15009E+06
   1311.40     3.482	0.14831E+06
   1312.60     3.506	0.14514E+06
   1313.80     3.515	0.14392E+06
   1315.00     3.518	0.14345E+06
   1316.20     3.489	0.14732E+06
   1317.40     3.519	0.14330E+06
   1318.60     3.500	0.14591E+06
   1319.80     3.521	0.14312E+06
   1321.00     3.572	0.13651E+06
   1322.20     3.555	0.13863E+06
   1323.20     3.537	0.14100E+06
   1324.40     3.536	0.14116E+06
   1325.60     3.530	0.14191E+06
   1326.80     3.536	0.14117E+06
   1328.00     3.531	0.14178E+06
   1329.20     3.496	0.14644E+06
   1330.40     3.506	0.14505E+06
   1331.60     3.540	0.14055E+06
   1332.80     3.534	0.14145E+06
   1334.00     3.607	0.13224E+06
   1335.00     3.657	0.12625E+06
   1336.20     3.619	0.13071E+06
   1337.40     3.582	0.13522E+06
   1338.60     3.600	0.13306E+06
   1339.80     3.609	0.13194E+06
   1341.00     3.607	0.13216E+06
   1342.20     3.590	0.13431E+06
   1343.40     3.611	0.13170E+06
   1344.60     3.626	0.12991E+06
   1345.80     3.599	0.13321E+06
   1346.80     3.596	0.13349E+06
   1348.00     3.570	0.13674E+06
   1349.20     3.601	0.13296E+06
   1350.40     3.575	0.13618E+06
   1351.60     3.562	0.13778E+06
   1352.80     3.548	0.13956E+06
   1354.00     3.541	0.14053E+06
   1355.20     3.539	0.14072E+06
   1356.40     3.596	0.13349E+06
   1357.60     3.611	0.13168E+06
   1358.60     3.610	0.13182E+06
   1359.80     3.624	0.13016E+06
   1361.00     3.624	0.13017E+06
   1362.20     3.634	0.12894E+06
   1363.40     3.637	0.12861E+06
   1364.60     3.639	0.12832E+06
   1365.80     3.596	0.13350E+06
   1367.00     3.599	0.13322E+06
   1368.20     3.589	0.13441E+06
   1369.20     3.593	0.13389E+06
   1370.40     3.613	0.13141E+06
   1371.60     3.646	0.12750E+06
   1372.80     3.627	0.12982E+06
   1374.00     3.605	0.13247E+06
   1375.20     3.594	0.13381E+06
   1376.40     3.583	0.13514E+06
   1377.60     3.617	0.13101E+06
   1378.80     3.641	0.12812E+06
   1380.00     3.627	0.12972E+06
   1381.00     3.622	0.13041E+06
   1382.20     3.635	0.12877E+06
   1383.40     3.686	0.12289E+06
   1384.60     3.665	0.12528E+06
   1385.80     3.685	0.12299E+06
   1387.00     3.695	0.12195E+06
   1388.20     3.723	0.11882E+06
   1389.40     3.742	0.11678E+06
   1390.60     3.750	0.11585E+06
   1391.80     3.823	0.10830E+06
   1392.80     3.924	0.98740E+05
   1394.00     3.937	0.97583E+05
   1395.20     3.876	0.10321E+06
   1396.40     3.897	0.10120E+06
   1397.60     3.848	0.10589E+06
   1398.80     3.816	0.10902E+06
   1400.00     3.842	0.10649E+06
   1401.20     3.875	0.10328E+06
   1402.40     3.944	0.96958E+05
   1403.60     3.909	0.10011E+06
   1404.60     3.823	0.10838E+06
   1405.80     3.762	0.11464E+06
   1407.00     3.774	0.11334E+06
   1408.20     3.786	0.11206E+06
   1409.40     3.742	0.11672E+06
   1410.60     3.735	0.11744E+06
   1411.80     3.700	0.12129E+06
   1413.00     3.680	0.12364E+06
   1414.20     3.681	0.12353E+06
   1415.40     3.670	0.12478E+06
   1416.40     3.714	0.11977E+06
   1417.60     3.739	0.11708E+06
   1418.80     3.761	0.11468E+06
   1420.00     3.775	0.11322E+06
   1421.20     3.763	0.11449E+06
   1422.40     3.726	0.11843E+06
   1423.60     3.740	0.11690E+06
   1424.80     3.787	0.11195E+06
   1426.00     3.857	0.10499E+06
   1427.20     3.905	0.10048E+06
   1428.20     3.881	0.10272E+06
   1429.40     3.825	0.10813E+06
   1430.60     3.799	0.11081E+06
   1431.80     3.743	0.11660E+06
   1433.00     3.697	0.12173E+06
   1434.20     3.702	0.12116E+06
   1435.40     3.689	0.12253E+06
   1436.60     3.711	0.12011E+06
   1437.80     3.709	0.12031E+06
   1439.00     3.711	0.12013E+06
   1440.00     3.734	0.11758E+06
   1441.20     3.761	0.11471E+06
   1442.40     3.708	0.12048E+06
   1443.60     3.708	0.12044E+06
   1444.80     3.721	0.11905E+06
   1446.00     3.722	0.11892E+06
   1447.20     3.703	0.12104E+06
   1448.40     3.720	0.11911E+06
   1449.60     3.739	0.11708E+06
   1450.80     3.729	0.11810E+06
   1451.80     3.752	0.11568E+06
   1453.00     3.761	0.11476E+06
   1454.20     3.765	0.11432E+06
   1455.40     3.771	0.11368E+06
   1456.60     3.748	0.11613E+06
   1457.80     3.776	0.11309E+06
   1459.00     3.778	0.11292E+06
   1460.20     3.765	0.11425E+06
   1461.40     3.764	0.11440E+06
   1462.60     3.730	0.11801E+06
   1463.60     3.722	0.11893E+06
   1464.80     3.706	0.12068E+06
   1466.00     3.683	0.12323E+06
   1467.20     3.705	0.12083E+06
   1468.40     3.705	0.12080E+06
   1469.60     3.694	0.12203E+06
   1470.80     3.688	0.12270E+06
   1472.00     3.695	0.12185E+06
   1473.20     3.686	0.12290E+06
   1474.40     3.671	0.12461E+06
   1475.40     3.688	0.12263E+06
   1476.60     3.718	0.11929E+06
   1477.80     3.710	0.12019E+06
   1479.00     3.727	0.11833E+06
   1480.20     3.676	0.12408E+06
   1481.40     3.664	0.12540E+06
   1482.60     3.677	0.12390E+06
   1483.80     3.661	0.12576E+06
   1485.00     3.663	0.12557E+06
   1486.20     3.648	0.12724E+06
   1487.20     3.617	0.13098E+06
   1488.40     3.632	0.12912E+06
   1489.60     3.637	0.12859E+06
   1490.80     3.628	0.12963E+06
   1492.00     3.648	0.12731E+06
   1493.20     3.671	0.12463E+06
   1494.40     3.671	0.12464E+06
   1495.60     3.663	0.12553E+06
   1496.80     3.672	0.12451E+06
   1498.00     3.721	0.11904E+06
   1499.00     3.762	0.11459E+06
   1500.20     3.779	0.11280E+06
   1501.40     3.786	0.11209E+06
   1502.60     3.792	0.11146E+06
   1503.80     3.768	0.11397E+06
   1505.00     3.716	0.11957E+06
   1506.20     3.697	0.12172E+06
   1507.40     3.679	0.12365E+06
   1508.60     3.657	0.12623E+06
   1509.80     3.667	0.12514E+06
   1510.80     3.696	0.12182E+06
   1512.00     3.699	0.12143E+06
   1513.20     3.700	0.12137E+06
   1514.40     3.716	0.11958E+06
   1515.60     3.699	0.12148E+06
   1516.80     3.672	0.12450E+06
   1518.00     3.674	0.12423E+06
   1519.20     3.660	0.12585E+06
   1520.40     3.667	0.12504E+06
   1521.60     3.659	0.12597E+06
   1522.60     3.651	0.12690E+06
   1523.80     3.721	0.11903E+06
   1525.00     3.786	0.11209E+06
   1526.20     3.847	0.10602E+06
   1527.40     3.876	0.10322E+06
   1528.60     3.878	0.10299E+06
   1529.80     3.871	0.10362E+06
   1531.00     3.930	0.98159E+05
   1532.20     3.971	0.94579E+05
   1533.40     3.993	0.92653E+05
   1534.40     3.977	0.93974E+05
   1535.60     3.948	0.96520E+05
   1536.80     3.938	0.97480E+05
   1538.00     3.928	0.98338E+05
   1539.20     3.907	0.10023E+06
   1540.40     3.947	0.96659E+05
   1541.60     4.018	0.90537E+05
   1542.80     4.109	0.83250E+05
   1544.00     4.238	0.73960E+05
   1545.00     4.447	0.60987E+05
   1546.20     4.599	0.53000E+05
   1547.40     4.724	0.47253E+05
   1548.60     4.765	0.45511E+05
   1549.80     4.668	0.49772E+05
   1551.00     4.451	0.60782E+05
   1552.20     4.252	0.72962E+05
   1553.40     4.108	0.83298E+05
   1554.60     4.010	0.91194E+05
   1555.80     3.971	0.94534E+05
   1556.80     3.934	0.97858E+05
   1558.00     3.945	0.96810E+05
   1559.20     3.969	0.94728E+05
   1560.40     3.998	0.92228E+05
   1561.60     4.001	0.91947E+05
   1562.80     4.052	0.87773E+05
   1564.00     4.040	0.88731E+05
   1565.20     4.015	0.90824E+05
   1566.40     3.988	0.93049E+05
   1567.60     3.987	0.93152E+05
   1568.60     3.993	0.92614E+05
   1569.80     3.957	0.95736E+05
   1571.00     3.904	0.10059E+06
   1572.20     3.887	0.10212E+06
   1573.40     3.873	0.10346E+06
   1574.60     3.899	0.10102E+06
   1575.80     3.941	0.97195E+05
   1577.00     3.945	0.96800E+05
   1578.20     3.952	0.96213E+05
   1579.40     3.942	0.97103E+05
   1580.40     3.905	0.10049E+06
   1581.60     3.890	0.10188E+06
   1582.80     3.895	0.10138E+06
   1584.00     3.893	0.10160E+06
   1585.20     3.870	0.10376E+06
   1586.40     3.868	0.10392E+06
   1587.60     3.860	0.10469E+06
   1588.80     3.853	0.10543E+06
   1590.00     3.868	0.10397E+06
   1591.20     3.899	0.10099E+06
   1592.20     3.929	0.98293E+05
   1593.40     3.914	0.99646E+05
   1594.60     3.891	0.10178E+06
   1595.80     3.904	0.10052E+06
   1597.00     3.908	0.10020E+06
   1598.20     3.894	0.10144E+06
   1599.40     3.883	0.10254E+06
   1600.60     3.899	0.10100E+06
   1601.80     3.943	0.96973E+05
   1603.00     3.959	0.95544E+05
   1604.00     3.973	0.94392E+05
   1605.20     3.990	0.92888E+05
   1606.40     4.007	0.91439E+05
   1607.60     4.029	0.89578E+05
   1608.80     4.062	0.86923E+05
   1610.00     4.099	0.84017E+05
   1611.20     4.099	0.84034E+05
   1612.40     4.074	0.85961E+05
   1613.60     4.070	0.86264E+05
   1614.80     4.052	0.87755E+05
   1615.80     4.057	0.87321E+05
   1617.00     4.051	0.87794E+05
   1618.20     4.046	0.88218E+05
   1619.40     4.044	0.88425E+05
   1620.60     4.065	0.86720E+05
   1621.80     4.088	0.84841E+05
   1623.00     4.080	0.85540E+05
   1624.20     4.040	0.88721E+05
   1625.40     4.041	0.88658E+05
   1626.60     4.050	0.87898E+05
   1627.60     4.025	0.89934E+05
   1628.80     4.054	0.87599E+05
   1630.00     4.073	0.86058E+05
   1631.20     4.066	0.86586E+05
   1632.40     4.059	0.87209E+05
   1633.60     4.029	0.89632E+05
   1634.80     3.990	0.92884E+05
   1636.00     3.981	0.93646E+05
   1637.20     3.981	0.93689E+05
   1638.40     3.958	0.95660E+05
   1639.40     4.024	0.89993E+05
   1640.60     4.056	0.87441E+05
   1641.80     4.053	0.87637E+05
   1643.00     4.012	0.91056E+05
   1644.20     3.955	0.95983E+05
   1645.40     3.887	0.10218E+06
   1646.60     3.861	0.10463E+06
   1647.80     3.870	0.10373E+06
   1649.00     3.860	0.10476E+06
   1650.20     3.870	0.10371E+06
   1651.20     3.876	0.10315E+06
   1652.40     3.883	0.10250E+06
   1653.60     3.898	0.10107E+06
   1654.80     3.909	0.10006E+06
   1656.00     3.927	0.98475E+05
   1657.20     3.954	0.96044E+05
   1658.40     3.971	0.94534E+05
   1659.60     3.934	0.97789E+05
   1660.80     3.929	0.98249E+05
   1662.00     3.915	0.99517E+05
   1663.00     3.950	0.96381E+05
   1664.20     3.931	0.98110E+05
   1665.40     3.904	0.10051E+06
   1666.60     3.912	0.99819E+05
   1667.80     3.901	0.10085E+06
   1669.00     3.940	0.97266E+05
   1670.20     3.991	0.92851E+05
   1671.40     4.015	0.90781E+05
   1672.60     4.026	0.89835E+05
   1673.80     3.995	0.92506E+05
   1674.80     3.939	0.97367E+05
   1676.00     3.897	0.10117E+06
   1677.20     3.857	0.10503E+06
   1678.40     3.822	0.10845E+06
   1679.60     3.814	0.10924E+06
   1680.80     3.817	0.10894E+06
   1682.00     3.822	0.10847E+06
   1683.20     3.821	0.10855E+06
   1684.40     3.824	0.10828E+06
   1685.60     3.826	0.10800E+06
   1686.60     3.862	0.10453E+06
   1687.80     3.873	0.10349E+06
   1689.00     3.874	0.10335E+06
   1690.20     3.881	0.10272E+06
   1691.40     3.874	0.10340E+06
   1692.60     3.871	0.10368E+06
   1693.80     3.883	0.10253E+06
   1695.00     3.868	0.10398E+06
   1696.20     3.894	0.10153E+06
   1697.40     3.913	0.99753E+05
   1698.40     3.900	0.10088E+06
   1699.60     3.895	0.10142E+06
   1700.80     3.895	0.10136E+06
   1702.00     3.887	0.10211E+06
   1703.20     3.880	0.10281E+06
   1704.40     3.880	0.10278E+06
   1705.60     3.876	0.10316E+06
   1706.80     3.860	0.10475E+06
   1708.00     3.889	0.10193E+06
   1709.20     3.889	0.10197E+06
   1710.20     3.881	0.10274E+06
   1711.40     3.872	0.10352E+06
   1712.60     3.864	0.10436E+06
   1713.80     3.869	0.10386E+06
   1715.00     3.879	0.10287E+06
   1716.20     3.913	0.99765E+05
   1717.40     3.970	0.94627E+05
   1718.60     3.971	0.94569E+05
   1719.80     3.994	0.92538E+05
   1720.80     4.012	0.91051E+05
   1722.00     3.997	0.92328E+05
   1723.20     4.022	0.90228E+05
   1724.40     4.009	0.91299E+05
   1725.60     3.994	0.92552E+05
   1726.80     3.976	0.94135E+05
   1728.00     3.936	0.97676E+05
   1729.20     3.920	0.99105E+05
   1730.40     3.903	0.10063E+06
   1731.60     3.889	0.10197E+06
   1732.60     3.878	0.10303E+06
   1733.80     3.864	0.10429E+06
   1735.00     3.853	0.10540E+06
   1736.20     3.833	0.10737E+06
   1737.40     3.835	0.10716E+06
   1738.60     3.866	0.10413E+06
   1739.80     3.876	0.10317E+06
   1741.00     3.870	0.10375E+06
   1742.20     3.863	0.10440E+06
   1743.40     3.850	0.10566E+06
   1744.40     3.829	0.10777E+06
   1745.60     3.812	0.10941E+06
   1746.80     3.808	0.10989E+06
   1748.00     3.820	0.10865E+06
   1749.20     3.851	0.10561E+06
   1750.40     3.872	0.10356E+06
   1751.60     3.871	0.10370E+06
   1752.80     3.862	0.10449E+06
   1754.00     3.846	0.10611E+06
   1755.20     3.837	0.10691E+06
   1756.20     3.838	0.10685E+06
   1757.40     3.823	0.10836E+06
   1758.60     3.794	0.11125E+06
   1759.80     3.804	0.11030E+06
   1761.00     3.840	0.10665E+06
   1762.20     3.850	0.10568E+06
   1763.40     3.854	0.10526E+06
   1764.60     3.850	0.10569E+06
   1765.80     3.854	0.10525E+06
   1767.00     3.854	0.10530E+06
   1768.00     3.845	0.10615E+06
   1769.20     3.857	0.10500E+06
   1770.40     3.853	0.10539E+06
   1771.60     3.841	0.10659E+06
   1772.80     3.849	0.10582E+06
   1774.00     3.843	0.10636E+06
   1775.20     3.844	0.10623E+06
   1776.40     3.859	0.10480E+06
   1777.60     3.847	0.10594E+06
   1778.80     3.849	0.10581E+06
   1779.80     3.852	0.10550E+06
   1781.00     3.856	0.10511E+06
   1782.20     3.862	0.10456E+06
   1783.40     3.856	0.10514E+06
   1784.60     3.861	0.10463E+06
   1785.80     3.871	0.10361E+06
   1787.00     3.872	0.10360E+06
   1788.20     3.879	0.10290E+06
   1789.40     3.892	0.10170E+06
   1790.60     3.878	0.10299E+06
   1791.60     3.880	0.10279E+06
   1792.80     3.878	0.10303E+06
   1794.00     3.876	0.10322E+06
   1795.20     3.873	0.10343E+06
   1796.40     3.910	0.99982E+05
   1797.60     3.891	0.10172E+06
   1798.80     3.877	0.10305E+06
   1800.00     3.874	0.10336E+06
   1801.20     3.873	0.10351E+06
   1802.40     3.876	0.10315E+06
   1803.40     3.877	0.10304E+06
   1804.60     3.894	0.10153E+06
   1805.80     3.895	0.10138E+06
   1807.00     3.891	0.10175E+06
   1808.20     3.888	0.10203E+06
   1809.40     3.886	0.10225E+06
   1810.60     3.885	0.10232E+06
   1811.80     3.886	0.10221E+06
   1813.00     3.884	0.10246E+06
   1814.20     3.874	0.10333E+06
   1815.20     3.865	0.10420E+06
   1816.40     3.866	0.10415E+06
   1817.60     3.854	0.10531E+06
   1818.80     3.844	0.10629E+06
   1820.00     3.842	0.10649E+06
   1821.20     3.839	0.10673E+06
   1822.40     3.837	0.10696E+06
   1823.60     3.861	0.10460E+06
   1824.80     3.866	0.10413E+06
   1826.00     3.868	0.10393E+06
   1827.00     3.863	0.10442E+06
   1828.20     3.870	0.10376E+06
   1829.40     3.869	0.10381E+06
   1830.60     3.856	0.10512E+06
   1831.80     3.845	0.10621E+06
   1833.00     3.844	0.10629E+06
   1834.20     3.832	0.10749E+06
   1835.40     3.837	0.10692E+06
   1836.60     3.840	0.10671E+06
   1837.80     3.840	0.10668E+06
   1838.80     3.863	0.10442E+06
   1840.00     3.884	0.10245E+06
   1841.20     3.904	0.10060E+06
   1842.40     3.905	0.10046E+06
   1843.60     3.897	0.10122E+06
   1844.80     3.889	0.10193E+06
   1846.00     3.881	0.10275E+06
   1847.20     3.876	0.10316E+06
   1848.40     3.887	0.10219E+06
   1849.60     3.903	0.10065E+06
   1850.60     3.914	0.99670E+05
   1851.80     3.920	0.99051E+05
   1853.00     3.923	0.98827E+05
   1854.20     3.921	0.99021E+05
   1855.40     3.914	0.99613E+05
   1856.60     3.905	0.10043E+06
   1857.80     3.920	0.99085E+05
   1859.00     3.908	0.10022E+06
   1860.20     3.913	0.99740E+05
   1861.40     3.916	0.99470E+05
   1862.40     3.912	0.99832E+05
   1863.60     3.905	0.10042E+06
   1864.80     3.894	0.10149E+06
   1866.00     3.875	0.10332E+06
   1867.20     3.871	0.10362E+06
   1868.40     3.883	0.10254E+06
   1869.60     3.900	0.10091E+06
   1870.80     3.912	0.99815E+05
   1872.00     3.929	0.98234E+05
   1873.20     3.949	0.96469E+05
   1874.20     3.966	0.94950E+05
   1875.40     3.964	0.95117E+05
   1876.60     3.951	0.96301E+05
   1877.80     3.924	0.98764E+05
   1879.00     3.923	0.98823E+05
   1880.20     3.926	0.98574E+05
   1881.40     3.912	0.99790E+05
   1882.60     3.919	0.99133E+05
   1883.80     3.938	0.97496E+05
   1885.00     3.952	0.96219E+05
   1886.00     3.971	0.94507E+05
   1887.20     3.976	0.94078E+05
   1888.40     3.970	0.94655E+05
   1889.60     3.970	0.94650E+05
   1890.80     3.962	0.95333E+05
   1892.00     3.950	0.96417E+05
   1893.20     3.950	0.96425E+05
   1894.40     3.948	0.96594E+05
   1895.60     3.942	0.97062E+05
   1896.80     3.934	0.97795E+05
   1897.80     3.940	0.97276E+05
   1899.00     3.927	0.98452E+05
   1900.20     3.925	0.98633E+05
   1901.40     3.924	0.98724E+05
   1902.60     3.921	0.99000E+05
   1903.80     3.929	0.98240E+05
   1905.00     3.941	0.97177E+05
   1906.20     3.938	0.97451E+05
   1907.40     3.941	0.97223E+05
   1908.40     3.936	0.97618E+05
   1909.60     3.942	0.97062E+05
   1910.80     3.940	0.97313E+05
   1912.00     3.948	0.96533E+05
   1913.20     3.956	0.95867E+05
   1914.40     3.962	0.95306E+05
   1915.60     3.964	0.95142E+05
   1916.80     3.968	0.94826E+05
   1918.00     3.960	0.95498E+05
   1919.20     3.968	0.94755E+05
   1920.20     3.979	0.93838E+05
   1921.40     3.962	0.95341E+05
   1922.60     3.945	0.96811E+05
   1923.80     3.946	0.96694E+05
   1925.00     3.944	0.96922E+05
   1926.20     3.966	0.94960E+05
   1927.40     3.983	0.93518E+05
   1928.60     3.965	0.95042E+05
   1929.80     3.926	0.98494E+05
   1931.00     3.913	0.99764E+05
   1932.00     3.904	0.10054E+06
   1933.20     3.942	0.97138E+05
   1934.40     3.925	0.98603E+05
   1935.60     3.928	0.98366E+05
   1936.80     3.934	0.97777E+05
   1938.00     3.931	0.98042E+05
   1939.20     3.937	0.97574E+05
   1940.40     3.933	0.97901E+05
   1941.60     3.919	0.99157E+05
   1942.80     3.918	0.99292E+05
   1943.80     3.918	0.99261E+05
   1945.00     3.933	0.97879E+05
   1946.20     3.933	0.97928E+05
   1947.40     3.923	0.98789E+05
   1948.60     3.912	0.99776E+05
   1949.80     3.923	0.98826E+05
   1951.00     3.941	0.97214E+05
   1952.20     3.954	0.96014E+05
   1953.40     3.956	0.95887E+05
   1954.60     3.961	0.95428E+05
   1955.60     3.966	0.95012E+05
   1956.80     3.965	0.95066E+05
   1958.00     3.993	0.92626E+05
   1959.20     3.982	0.93601E+05
   1960.40     3.974	0.94270E+05
   1961.60     3.975	0.94188E+05
   1962.80     3.962	0.95317E+05
   1964.00     3.956	0.95853E+05
   1965.20     3.959	0.95562E+05
   1966.40     3.956	0.95828E+05
   1967.40     3.953	0.96074E+05
   1968.60     3.931	0.98093E+05
   1969.80     3.913	0.99707E+05
   1970.20     3.916	0.99483E+05
   1972.00     3.924	0.98750E+05
   1973.80     3.872	0.10353E+06
   1975.80     3.848	0.10592E+06
   1977.60     3.908	0.10015E+06
   1979.40     3.913	0.99765E+05
   1981.40     3.904	0.10059E+06
   1983.20     3.932	0.97982E+05
   1985.00     3.913	0.99748E+05
   1987.00     3.893	0.10158E+06
   1988.80     3.908	0.10014E+06
   1990.60     3.907	0.10026E+06
   1992.60     3.910	0.10000E+06
   1994.40     3.909	0.10014E+06
   1996.20     3.885	0.10237E+06
   1998.20     3.954	0.96008E+05
   2000.00     3.985	0.93306E+05
   2001.80     3.920	0.99067E+05
   2003.80     3.914	0.99588E+05
   2005.60     3.907	0.10032E+06
   2007.40     3.920	0.99107E+05
   2009.40     3.890	0.10186E+06
   2011.20     3.878	0.10296E+06
   2013.20     3.922	0.98888E+05
   2015.00     3.932	0.98011E+05
   2016.80     3.964	0.95114E+05
   2018.80     3.921	0.99007E+05
   2020.60     3.893	0.10157E+06
   2022.40     3.845	0.10621E+06
   2024.40     3.877	0.10306E+06
   2026.20     3.920	0.99117E+05
   2028.00     3.940	0.97300E+05
   2030.00     3.911	0.99876E+05
   2031.80     3.896	0.10130E+06
   2033.60     3.894	0.10150E+06
   2035.60     3.933	0.97879E+05
   2037.40     3.935	0.97736E+05
   2039.20     3.884	0.10238E+06
   2041.20     3.869	0.10385E+06
   2043.00     3.885	0.10229E+06
   2044.80     3.919	0.99167E+05
   2046.80     3.913	0.99685E+05
   2048.60     3.905	0.10051E+06
   2050.40     3.922	0.98922E+05
   2052.40     3.919	0.99209E+05
   2054.20     3.923	0.98833E+05
   2056.00     3.929	0.98245E+05
   2058.00     3.934	0.97847E+05
   2059.80     3.940	0.97245E+05
   2061.80     3.948	0.96604E+05
   2063.60     3.915	0.99523E+05
   2065.40     3.921	0.98966E+05
   2067.40     3.910	0.99988E+05
   2069.20     3.941	0.97175E+05
   2071.00     3.950	0.96373E+05
   2073.00     3.952	0.96204E+05
   2074.80     3.953	0.96081E+05
   2076.60     3.976	0.94139E+05
   2078.60     3.924	0.98752E+05
   2080.40     3.904	0.10055E+06
   2082.20     3.886	0.10227E+06
   2084.20     3.939	0.97376E+05
   2086.00     3.974	0.94252E+05
   2087.80     3.911	0.99869E+05
   2089.80     3.907	0.10027E+06
   2091.60     3.900	0.10091E+06
   2093.40     3.914	0.99660E+05
   2095.40     3.914	0.99598E+05
   2097.20     3.948	0.96554E+05
   2099.00     3.940	0.97251E+05
   2101.00     3.923	0.98771E+05
   2102.80     3.951	0.96294E+05
   2104.80     3.935	0.97740E+05
   2106.60     3.959	0.95594E+05
   2108.40     3.922	0.98895E+05
   2110.40     3.904	0.10059E+06
   2112.20     3.898	0.10108E+06
   2114.00     3.920	0.99084E+05
   2116.00     3.914	0.99608E+05
   2117.80     3.943	0.96980E+05
   2119.60     3.956	0.95865E+05
   2121.60     3.967	0.94857E+05
   2123.40     3.907	0.10028E+06
   2125.20     3.922	0.98910E+05
   2127.20     3.893	0.10154E+06
   2129.00     3.950	0.96402E+05
   2130.80     3.917	0.99382E+05
   2132.80     3.891	0.10180E+06
   2134.60     3.937	0.97553E+05
   2136.40     3.907	0.10028E+06
   2138.40     3.913	0.99760E+05
   2140.20     3.956	0.95861E+05
   2142.00     3.961	0.95438E+05
   2144.00     3.946	0.96703E+05
   2145.80     3.938	0.97431E+05
   2147.60     3.910	0.10001E+06
   2149.60     3.942	0.97138E+05
   2151.40     3.977	0.94000E+05
   2153.40     3.981	0.93698E+05
   2155.20     3.951	0.96312E+05
   2157.00     3.902	0.10071E+06
   2159.00     3.914	0.99657E+05
   2160.80     3.995	0.92430E+05
   2162.60     4.005	0.91628E+05
   2164.60     3.969	0.94743E+05
   2166.40     4.007	0.91464E+05
   2168.20     4.012	0.91072E+05
   2170.20     3.971	0.94526E+05
   2172.00     3.972	0.94449E+05
   2173.80     3.979	0.93817E+05
   2175.80     3.951	0.96274E+05
   2177.60     3.917	0.99339E+05
   2179.40     3.940	0.97275E+05
   2181.40     3.944	0.96929E+05
   2183.20     3.955	0.95904E+05
   2185.00     3.965	0.95024E+05
   2187.00     3.983	0.93487E+05
   2188.80     3.942	0.97105E+05
   2190.60     3.922	0.98865E+05
   2192.60     3.952	0.96164E+05
   2194.40     3.962	0.95364E+05
   2196.20     3.958	0.95691E+05
   2198.20     3.934	0.97856E+05
   2200.00     3.977	0.94030E+05
   2202.00     3.987	0.93188E+05
   2203.80     3.971	0.94569E+05
   2205.60     3.985	0.93328E+05
   2207.60     3.961	0.95412E+05
   2209.40     3.959	0.95589E+05
   2211.20     3.999	0.92155E+05
   2213.20     3.981	0.93679E+05
   2215.00     3.994	0.92564E+05
   2216.80     3.995	0.92443E+05
   2218.80     4.009	0.91295E+05
   2220.60     4.035	0.89134E+05
   2222.40     4.051	0.87844E+05
   2224.40     4.019	0.90455E+05
   2226.20     3.976	0.94077E+05
   2228.00     3.989	0.92957E+05
   2230.00     4.006	0.91509E+05
   2231.80     4.015	0.90761E+05
   2233.60     4.019	0.90451E+05
   2235.60     4.008	0.91368E+05
   2237.40     4.028	0.89670E+05
   2239.20     4.043	0.88507E+05
   2241.20     4.004	0.91688E+05
   2243.00     4.019	0.90441E+05
   2245.00     4.027	0.89768E+05
   2246.80     4.022	0.90174E+05
   2248.60     3.988	0.93065E+05
   2250.60     4.001	0.91978E+05
   2252.40     3.997	0.92327E+05
   2254.20     4.022	0.90191E+05
   2256.20     4.030	0.89520E+05
   2258.00     4.018	0.90552E+05
   2259.80     3.974	0.94282E+05
   2261.80     3.959	0.95619E+05
   2263.60     4.012	0.91001E+05
   2265.40     4.016	0.90704E+05
   2267.40     4.036	0.89047E+05
   2269.20     4.023	0.90144E+05
   2271.00     4.009	0.91307E+05
   2273.00     3.994	0.92564E+05
   2274.80     3.991	0.92772E+05
   2276.60     3.950	0.96381E+05
   2278.60     4.002	0.91839E+05
   2280.40     3.976	0.94097E+05
   2282.20     3.952	0.96172E+05
   2284.20     3.999	0.92153E+05
   2286.00     4.019	0.90411E+05
   2287.80     4.062	0.86952E+05
   2289.80     3.995	0.92506E+05
   2291.60     4.024	0.90002E+05
   2293.60     4.053	0.87656E+05
   2295.40     4.037	0.88979E+05
   2297.20     4.037	0.88979E+05
   2299.20     4.103	0.83753E+05
   2301.00     4.119	0.82504E+05
   2302.80     4.126	0.81972E+05
   2304.80     4.067	0.86572E+05
   2306.60     4.048	0.88052E+05
   2308.40     4.054	0.87571E+05
   2310.40     4.069	0.86386E+05
   2312.20     4.049	0.87961E+05
   2314.00     4.005	0.91646E+05
   2316.00     3.989	0.92989E+05
   2317.80     3.961	0.95400E+05
   2319.60     3.981	0.93664E+05
   2321.60     4.050	0.87893E+05
   2323.40     4.022	0.90234E+05
   2325.20     3.957	0.95741E+05
   2327.20     4.034	0.89172E+05
   2329.00     4.022	0.90226E+05
   2330.80     4.007	0.91428E+05
   2332.80     4.038	0.88893E+05
   2334.60     3.972	0.94458E+05
   2336.40     3.970	0.94640E+05
   2338.40     4.016	0.90660E+05
   2340.20     4.033	0.89300E+05
   2342.20     4.059	0.87181E+05
   2344.00     4.028	0.89712E+05
   2345.80     4.041	0.88604E+05
   2347.80     4.026	0.89839E+05
   2349.60     3.983	0.93494E+05
   2351.40     3.973	0.94364E+05
   2353.40     4.017	0.90647E+05
   2355.20     4.020	0.90405E+05
   2357.00     3.999	0.92114E+05
   2359.00     3.953	0.96099E+05
   2360.80     3.974	0.94300E+05
   2362.60     4.023	0.90106E+05
   2364.60     3.987	0.93154E+05
   2366.40     4.022	0.90167E+05
   2368.20     3.988	0.93072E+05
   2370.20     3.986	0.93218E+05
   2372.00     3.992	0.92756E+05
   2373.80     4.048	0.88050E+05
   2375.80     4.054	0.87600E+05
   2377.60     4.050	0.87908E+05
   2379.40     4.041	0.88666E+05
   2381.40     4.081	0.85439E+05
   2383.20     4.108	0.83311E+05
   2385.20     4.114	0.82899E+05
   2387.00     4.175	0.78361E+05
   2388.80     4.118	0.82600E+05
   2390.80     4.079	0.85580E+05
   2392.60     4.132	0.81479E+05
   2394.40     4.088	0.84913E+05
   2396.40     4.105	0.83540E+05
   2398.20     4.049	0.87958E+05
   2400.00     4.099	0.84007E+05
   2402.00     4.065	0.86676E+05
   2403.80     4.072	0.86149E+05
   2405.60     4.027	0.89753E+05
   2407.60     4.073	0.86069E+05
   2409.40     4.033	0.89313E+05
   2411.20     4.036	0.89081E+05
   2413.20     4.019	0.90469E+05
   2415.00     4.084	0.85163E+05
   2416.80     4.035	0.89096E+05
   2418.80     4.025	0.89973E+05
   2420.60     4.006	0.91543E+05
   2422.40     4.038	0.88919E+05
   2424.40     4.060	0.87119E+05
   2426.20     4.025	0.89920E+05
   2428.00     4.034	0.89214E+05
   2430.00     3.996	0.92347E+05
   2431.80     3.949	0.96428E+05
   2433.80     3.990	0.92871E+05
   2435.60     4.026	0.89884E+05
   2437.40     4.021	0.90272E+05
   2439.40     4.036	0.89028E+05
   2441.20     4.010	0.91226E+05
   2443.00     4.019	0.90483E+05
   2445.00     4.064	0.86804E+05
   2446.80     4.043	0.88465E+05
   2448.60     4.039	0.88801E+05
   2450.60     4.003	0.91751E+05
   2452.40     4.008	0.91354E+05
   2454.20     4.015	0.90777E+05
   2456.20     4.030	0.89499E+05
   2458.00     3.999	0.92126E+05
   2459.80     4.030	0.89508E+05
   2461.80     4.033	0.89285E+05
   2463.60     4.032	0.89395E+05
   2465.40     4.007	0.91433E+05
   2467.40     3.987	0.93133E+05
   2469.20     4.039	0.88833E+05
   2471.00     4.084	0.85227E+05
   2473.00     4.115	0.82786E+05
   2474.80     4.080	0.85490E+05
   2476.60     4.077	0.85750E+05
   2478.60     4.046	0.88249E+05
   2480.40     4.025	0.89981E+05
   2482.40     3.986	0.93228E+05
   2484.20     4.021	0.90291E+05
   2486.00     4.046	0.88203E+05
   2488.00     4.084	0.85208E+05
   2489.80     4.078	0.85674E+05
   2491.60     4.070	0.86298E+05
   2493.60     4.058	0.87234E+05
   2495.40     4.076	0.85860E+05
   2497.20     4.053	0.87650E+05
   2499.20     4.033	0.89282E+05
   2501.00     4.023	0.90141E+05
   2502.80     4.003	0.91799E+05
   2504.80     4.026	0.89882E+05
   2506.60     4.040	0.88686E+05
   2508.40     4.068	0.86451E+05
   2510.40     4.059	0.87181E+05
   2512.20     4.134	0.81362E+05
   2514.00     4.146	0.80459E+05
   2516.00     4.132	0.81532E+05
   2517.80     4.109	0.83237E+05
   2519.60     4.103	0.83735E+05
   2521.60     4.108	0.83341E+05
   2523.40     4.095	0.84366E+05
   2525.40     4.112	0.83035E+05
   2527.20     4.101	0.83888E+05
   2529.00     4.033	0.89289E+05
   2531.00     4.046	0.88250E+05
   2532.80     4.095	0.84324E+05
   2534.60     4.046	0.88217E+05
   2536.60     4.067	0.86538E+05
   2538.40     4.055	0.87521E+05
   2540.20     4.067	0.86569E+05
   2542.20     4.067	0.86520E+05
   2544.00     4.075	0.85921E+05
   2545.80     4.078	0.85677E+05
   2547.80     4.083	0.85261E+05
   2549.60     4.053	0.87664E+05
   2551.40     4.056	0.87415E+05
   2553.40     4.100	0.83936E+05
   2555.20     4.082	0.85367E+05
   2557.00     4.121	0.82312E+05
   2559.00     4.141	0.80863E+05
   2560.80     4.109	0.83251E+05
   2562.60     4.065	0.86690E+05
   2564.60     4.089	0.84813E+05
   2566.40     4.098	0.84096E+05
   2568.20     4.083	0.85299E+05
   2570.20     4.085	0.85147E+05
   2572.00     4.069	0.86348E+05
   2574.00     4.096	0.84229E+05
   2575.80     4.086	0.85013E+05
   2577.60     4.093	0.84523E+05
   2579.60     4.119	0.82524E+05
   2581.40     4.133	0.81454E+05
   2583.20     4.140	0.80941E+05
   2585.20     4.143	0.80705E+05
   2587.00     4.143	0.80699E+05
   2588.80     4.160	0.79457E+05
   2590.80     4.184	0.77683E+05
   2592.60     4.183	0.77798E+05
   2594.40     4.143	0.80716E+05
   2596.40     4.100	0.83914E+05
   2598.20     4.108	0.83360E+05
   2600.00     4.137	0.81102E+05
   2602.00     4.163	0.79201E+05
   2603.80     4.142	0.80770E+05
   2605.60     4.159	0.79518E+05
   2607.60     4.136	0.81179E+05
   2609.40     4.103	0.83689E+05
   2611.20     4.100	0.83956E+05
   2613.20     4.111	0.83111E+05
   2615.00     4.130	0.81686E+05
   2616.80     4.098	0.84067E+05
   2618.80     4.100	0.83944E+05
   2620.60     4.135	0.81301E+05
   2622.60     4.138	0.81036E+05
   2624.40     4.102	0.83810E+05
   2626.20     4.104	0.83651E+05
   2628.20     4.113	0.82978E+05
   2630.00     4.097	0.84169E+05
   2631.80     4.124	0.82127E+05
   2633.80     4.098	0.84135E+05
   2635.60     4.111	0.83100E+05
   2637.40     4.112	0.83007E+05
   2639.40     4.132	0.81501E+05
   2641.20     4.149	0.80250E+05
   2643.00     4.161	0.79394E+05
   2645.00     4.149	0.80264E+05
   2646.80     4.158	0.79616E+05
   2648.60     4.150	0.80180E+05
   2650.60     4.143	0.80712E+05
   2652.40     4.159	0.79518E+05
   2654.20     4.129	0.81750E+05
   2656.20     4.130	0.81686E+05
   2658.00     4.123	0.82202E+05
   2659.80     4.129	0.81719E+05
   2661.80     4.137	0.81162E+05
   2663.60     4.116	0.82728E+05
   2665.60     4.150	0.80138E+05
   2667.40     4.163	0.79217E+05
   2669.20     4.152	0.80048E+05
   2671.20     4.158	0.79561E+05
   2673.00     4.156	0.79709E+05
   2674.80     4.155	0.79815E+05
   2676.80     4.173	0.78503E+05
   2678.60     4.154	0.79837E+05
   2680.40     4.140	0.80887E+05
   2682.40     4.146	0.80460E+05
   2684.20     4.136	0.81221E+05
   2686.00     4.111	0.83074E+05
   2688.00     4.136	0.81203E+05
   2689.80     4.134	0.81376E+05
   2691.60     4.123	0.82220E+05
   2693.60     4.155	0.79812E+05
   2695.40     4.195	0.76894E+05
   2697.20     4.207	0.76041E+05
   2699.20     4.204	0.76274E+05
   2701.00     4.198	0.76714E+05
   2702.80     4.161	0.79390E+05
   2704.80     4.140	0.80921E+05
   2706.60     4.135	0.81247E+05
   2708.40     4.185	0.77606E+05
   2710.40     4.167	0.78888E+05
   2712.20     4.149	0.80268E+05
   2714.20     4.179	0.78043E+05
   2716.00     4.201	0.76461E+05
   2717.80     4.191	0.77223E+05
   2719.80     4.173	0.78488E+05
   2721.60     4.192	0.77145E+05
   2723.40     4.189	0.77361E+05
   2725.40     4.222	0.75047E+05
   2727.20     4.211	0.75820E+05
   2729.00     4.193	0.77022E+05
   2731.00     4.194	0.77012E+05
   2732.80     4.197	0.76741E+05
   2734.60     4.211	0.75762E+05
   2736.60     4.198	0.76724E+05
   2738.40     4.215	0.75508E+05
   2740.20     4.210	0.75882E+05
   2742.20     4.223	0.74954E+05
   2744.00     4.201	0.76458E+05
   2745.80     4.186	0.77565E+05
   2747.80     4.156	0.79705E+05
   2749.60     4.171	0.78624E+05
   2751.40     4.179	0.78049E+05
   2753.40     4.190	0.77234E+05
   2755.20     4.175	0.78357E+05
   2757.00     4.176	0.78292E+05
   2759.00     4.201	0.76472E+05
   2760.80     4.202	0.76429E+05
   2762.80     4.214	0.75571E+05
   2764.60     4.208	0.76023E+05
   2766.40     4.217	0.75337E+05
   2768.40     4.215	0.75488E+05
   2770.20     4.215	0.75493E+05
   2772.00     4.235	0.74157E+05
   2774.00     4.212	0.75742E+05
   2775.80     4.201	0.76487E+05
   2777.60     4.207	0.76075E+05
   2779.60     4.206	0.76126E+05
   2781.40     4.210	0.75883E+05
   2783.20     4.231	0.74407E+05
   2785.20     4.238	0.73931E+05
   2787.00     4.241	0.73735E+05
   2788.80     4.227	0.74655E+05
   2790.80     4.224	0.74908E+05
   2792.60     4.273	0.71560E+05
   2794.40     4.278	0.71273E+05
   2796.40     4.278	0.71246E+05
   2798.20     4.320	0.68580E+05
   2800.00     4.317	0.68720E+05
   2802.00     4.304	0.69598E+05
   2803.80     4.274	0.71528E+05
   2805.80     4.271	0.71725E+05
   2807.60     4.290	0.70451E+05
   2809.40     4.250	0.73112E+05
   2811.40     4.213	0.75678E+05
   2813.20     4.217	0.75338E+05
   2815.00     4.225	0.74795E+05
   2817.00     4.203	0.76356E+05
   2818.80     4.216	0.75444E+05
   2820.60     4.202	0.76447E+05
   2822.60     4.208	0.75965E+05
   2824.40     4.259	0.72504E+05
   2826.20     4.215	0.75498E+05
   2828.20     4.196	0.76841E+05
   2830.00     4.245	0.73437E+05
   2831.80     4.296	0.70094E+05
   2833.80     4.280	0.71116E+05
   2835.60     4.245	0.73471E+05
   2837.40     4.233	0.74293E+05
   2839.40     4.258	0.72581E+05
   2841.20     4.244	0.73494E+05
   2843.00     4.239	0.73863E+05
   2845.00     4.229	0.74575E+05
   2846.80     4.257	0.72629E+05
   2848.60     4.251	0.73016E+05
   2850.60     4.229	0.74554E+05
   2852.40     4.236	0.74074E+05
   2854.40     4.279	0.71218E+05
   2856.20     4.283	0.70947E+05
   2858.00     4.254	0.72841E+05
   2860.00     4.244	0.73521E+05
   2861.80     4.244	0.73532E+05
   2863.60     4.268	0.71941E+05
   2865.60     4.271	0.71687E+05
   2867.40     4.249	0.73185E+05
   2869.20     4.239	0.73876E+05
   2871.20     4.254	0.72851E+05
   2873.00     4.276	0.71365E+05
   2874.80     4.249	0.73207E+05
   2876.80     4.242	0.73629E+05
   2878.60     4.252	0.72980E+05
   2880.40     4.249	0.73208E+05
   2882.40     4.246	0.73411E+05
   2884.20     4.281	0.71050E+05
   2886.00     4.280	0.71120E+05
   2888.00     4.261	0.72361E+05
   2889.80     4.295	0.70119E+05
   2891.60     4.250	0.73114E+05
   2893.60     4.241	0.73697E+05
   2895.40     4.275	0.71464E+05
   2897.20     4.273	0.71581E+05
   2899.20     4.292	0.70315E+05
   2901.00     4.328	0.68061E+05
   2903.00     4.323	0.68341E+05
   2904.80     4.318	0.68668E+05
   2906.60     4.302	0.69723E+05
   2908.60     4.315	0.68875E+05
   2910.40     4.300	0.69821E+05
   2912.20     4.323	0.68372E+05
   2914.20     4.311	0.69151E+05
   2916.00     4.280	0.71114E+05
   2917.80     4.276	0.71408E+05
   2919.80     4.292	0.70310E+05
   2921.60     4.286	0.70736E+05
   2923.40     4.317	0.68738E+05
   2925.40     4.325	0.68257E+05
   2927.20     4.341	0.67262E+05
   2929.00     4.296	0.70054E+05
   2931.00     4.311	0.69125E+05
   2932.80     4.312	0.69067E+05
   2934.60     4.302	0.69666E+05
   2936.60     4.314	0.68913E+05
   2938.40     4.306	0.69436E+05
   2940.20     4.272	0.71669E+05
   2942.20     4.262	0.72312E+05
   2944.00     4.313	0.69003E+05
   2946.00     4.334	0.67698E+05
   2947.80     4.369	0.65496E+05
   2949.60     4.350	0.66652E+05
   2951.60     4.346	0.66906E+05
   2953.40     4.292	0.70368E+05
   2955.20     4.281	0.71033E+05
   2957.20     4.266	0.72017E+05
   2959.00     4.272	0.71640E+05
   2960.80     4.288	0.70624E+05
   2962.80     4.350	0.66708E+05
   2964.60     4.346	0.66954E+05
   2966.40     4.350	0.66675E+05
   2968.40     4.269	0.71824E+05
   2970.20     4.295	0.70158E+05
   2972.00     4.318	0.68644E+05
   2974.00     4.322	0.68404E+05
   2975.80     4.316	0.68819E+05
   2977.60     4.326	0.68178E+05
   2979.60     4.307	0.69378E+05
   2981.40     4.322	0.68401E+05
   2983.20     4.336	0.67560E+05
   2985.20     4.371	0.65387E+05
   2987.00     4.392	0.64166E+05
   2988.80     4.367	0.65644E+05
   2990.80     4.350	0.66691E+05
   2992.60     4.372	0.65337E+05
   2994.60     4.376	0.65127E+05
   2996.40     4.381	0.64808E+05
   2998.20     4.357	0.66246E+05
   3000.20     4.334	0.67676E+05
   3002.00     4.378	0.65001E+05
   3003.80     4.397	0.63874E+05
   3005.80     4.371	0.65385E+05
   3007.60     4.366	0.65703E+05
   3009.40     4.343	0.67122E+05
   3011.40     4.328	0.68022E+05
   3013.20     4.378	0.65006E+05
   3015.00     4.359	0.66147E+05
   3017.00     4.360	0.66054E+05
   3018.80     4.361	0.66002E+05
   3020.60     4.337	0.67502E+05
   3022.60     4.351	0.66633E+05
   3024.40     4.372	0.65339E+05
   3026.20     4.377	0.65052E+05
   3028.20     4.353	0.66516E+05
   3030.00     4.376	0.65085E+05
   3031.80     4.306	0.69445E+05
   3033.80     4.369	0.65511E+05
   3035.60     4.416	0.62770E+05
   3037.40     4.366	0.65719E+05
   3039.40     4.355	0.66376E+05
   3041.20     4.377	0.65025E+05
   3043.20     4.347	0.66859E+05
   3045.00     4.350	0.66662E+05
   3046.80     4.389	0.64300E+05
   3048.80     4.358	0.66202E+05
   3050.60     4.342	0.67164E+05
   3052.40     4.301	0.69765E+05
   3054.40     4.351	0.66621E+05
   3056.20     4.382	0.64729E+05
   3058.00     4.354	0.66417E+05
   3060.00     4.365	0.65758E+05
   3061.80     4.368	0.65608E+05
   3063.60     4.388	0.64369E+05
   3065.60     4.372	0.65325E+05
   3067.40     4.378	0.64956E+05
   3069.20     4.383	0.64698E+05
   3071.20     4.370	0.65491E+05
   3073.00     4.393	0.64066E+05
   3074.80     4.369	0.65509E+05
   3076.80     4.370	0.65459E+05
   3078.60     4.373	0.65294E+05
   3080.40     4.353	0.66513E+05
   3082.40     4.321	0.68456E+05
   3084.20     4.348	0.66824E+05
   3086.20     4.374	0.65207E+05
   3088.00     4.350	0.66673E+05
   3089.80     4.359	0.66139E+05
   3091.80     4.385	0.64578E+05
   3093.60     4.380	0.64844E+05
   3095.40     4.363	0.65872E+05
   3097.40     4.454	0.60617E+05
   3099.20     4.422	0.62395E+05
   3100.14     4.450	0.60795E+05
   3105.32     4.451	0.60759E+05
   3110.50     4.452	0.60724E+05
   3115.69     4.454	0.60611E+05
   3120.89     4.456	0.60465E+05
   3126.10     4.459	0.60320E+05
   3131.32     4.461	0.60175E+05
   3136.55     4.464	0.60029E+05
   3141.78     4.466	0.59902E+05
   3147.03     4.469	0.59776E+05
   3152.28     4.471	0.59649E+05
   3157.54     4.473	0.59522E+05
   3162.81     4.476	0.59390E+05
   3168.09     4.479	0.59221E+05
   3173.38     4.482	0.59051E+05
   3178.68     4.485	0.58883E+05
   3183.99     4.488	0.58713E+05
   3189.30     4.490	0.58587E+05
   3194.62     4.492	0.58518E+05
   3199.96     4.493	0.58451E+05
   3205.30     4.494	0.58382E+05
   3210.65     4.496	0.58314E+05
   3216.01     4.498	0.58181E+05
   3221.38     4.501	0.58028E+05
   3226.75     4.504	0.57874E+05
   3232.14     4.507	0.57721E+05
   3237.53     4.510	0.57570E+05
   3242.94     4.512	0.57442E+05
   3248.35     4.514	0.57315E+05
   3253.77     4.517	0.57187E+05
   3259.20     4.519	0.57059E+05
   3264.64     4.522	0.56918E+05
   3270.09     4.525	0.56767E+05
   3275.55     4.528	0.56616E+05
   3281.02     4.531	0.56464E+05
   3286.50     4.533	0.56312E+05
   3291.98     4.536	0.56193E+05
   3297.48     4.538	0.56076E+05
   3302.98     4.540	0.55959E+05
   3308.50     4.543	0.55842E+05
   3314.02     4.545	0.55721E+05
   3319.55     4.547	0.55596E+05
   3325.09     4.550	0.55469E+05
   3330.64     4.552	0.55342E+05
   3336.20     4.555	0.55215E+05
   3341.77     4.557	0.55101E+05
   3347.35     4.559	0.54989E+05
   3352.93     4.562	0.54877E+05
   3358.53     4.564	0.54764E+05
   3364.14     4.566	0.54659E+05
   3369.75     4.568	0.54567E+05
   3375.38     4.570	0.54474E+05
   3381.01     4.571	0.54383E+05
   3386.66     4.573	0.54289E+05
   3392.31     4.576	0.54167E+05
   3397.97     4.578	0.54040E+05
   3403.64     4.581	0.53914E+05
   3409.32     4.583	0.53788E+05
   3415.01     4.585	0.53726E+05
   3420.72     4.585	0.53724E+05
   3426.43     4.585	0.53719E+05
   3432.15     4.585	0.53715E+05
   3437.87     4.585	0.53696E+05
   3443.61     4.587	0.53593E+05
   3449.36     4.589	0.53490E+05
   3455.12     4.591	0.53386E+05
   3460.89     4.594	0.53282E+05
   3466.66     4.596	0.53167E+05
   3472.45     4.598	0.53049E+05
   3478.25     4.601	0.52931E+05
   3484.05     4.603	0.52812E+05
   3489.87     4.606	0.52697E+05
   3495.69     4.608	0.52585E+05
   3501.53     4.610	0.52474E+05
   3507.37     4.612	0.52362E+05
   3513.23     4.615	0.52252E+05
   3519.09     4.617	0.52150E+05
   3524.97     4.619	0.52048E+05
   3530.85     4.621	0.51945E+05
   3536.74     4.623	0.51843E+05
   3542.65     4.627	0.51652E+05
   3548.56     4.631	0.51459E+05
   3554.48     4.635	0.51264E+05
   3560.42     4.640	0.51069E+05
   3566.36     4.643	0.50899E+05
   3572.31     4.647	0.50739E+05
   3578.27     4.650	0.50579E+05
   3584.25     4.654	0.50419E+05
   3590.23     4.656	0.50299E+05
   3596.22     4.658	0.50214E+05
   3602.23     4.660	0.50128E+05
   3608.24     4.662	0.50044E+05
   3614.26     4.664	0.49939E+05
   3620.29     4.667	0.49806E+05
   3626.34     4.670	0.49670E+05
   3632.39     4.673	0.49536E+05
   3638.46     4.674	0.49462E+05
   3644.53     4.674	0.49475E+05
   3650.61     4.674	0.49489E+05
   3656.71     4.673	0.49502E+05
   3662.81     4.674	0.49495E+05
   3668.92     4.675	0.49437E+05
   3675.05     4.676	0.49379E+05
   3681.18     4.677	0.49322E+05
   3687.33     4.679	0.49242E+05
   3693.48     4.690	0.48752E+05
   3699.65     4.701	0.48261E+05
   3705.82     4.712	0.47771E+05
   3712.01     4.723	0.47279E+05
   3718.20     4.717	0.47560E+05
   3724.41     4.710	0.47841E+05
   3730.63     4.704	0.48123E+05
   3736.85     4.698	0.48405E+05
   3743.09     4.712	0.47795E+05
   3749.34     4.726	0.47164E+05
   3755.60     4.741	0.46531E+05
   3761.87     4.756	0.45898E+05
   3768.15     4.739	0.46600E+05
   3774.44     4.722	0.47332E+05
   3780.74     4.705	0.48065E+05
   3787.05     4.689	0.48797E+05
   3793.37     4.675	0.49440E+05
   3799.70     4.661	0.50083E+05
   3806.04     4.647	0.50727E+05
   3812.40     4.635	0.51263E+05
   3818.76     4.659	0.50156E+05
   3825.14     4.683	0.49047E+05
   3831.52     4.708	0.47936E+05
   3837.92     4.724	0.47266E+05
   3844.32     4.679	0.49256E+05
   3850.74     4.636	0.51248E+05
   3857.17     4.594	0.53240E+05
   3863.60     4.576	0.54143E+05
   3870.05     4.625	0.51756E+05
   3876.51     4.677	0.49361E+05
   3882.98     4.731	0.46962E+05
   3889.47     4.746	0.46296E+05
   3895.96     4.696	0.48465E+05
   3902.46     4.649	0.50635E+05
   3908.98     4.603	0.52807E+05
   3915.50     4.583	0.53820E+05
   3922.04     4.582	0.53828E+05
   3928.58     4.582	0.53835E+05
   3935.14     4.582	0.53844E+05
   3941.71     4.614	0.52296E+05
   3948.29     4.660	0.50130E+05
   3954.88     4.708	0.47961E+05
   3961.48     4.758	0.45786E+05
   3968.09     4.733	0.46878E+05
   3974.72     4.701	0.48251E+05
   3981.35     4.671	0.49626E+05
   3988.00     4.644	0.50863E+05
   3994.65     4.634	0.51316E+05
   4001.32     4.625	0.51766E+05
   4008.00     4.615	0.52220E+05
   4014.69     4.612	0.52395E+05
   4021.39     4.617	0.52158E+05
   4028.10     4.622	0.51920E+05
   4034.83     4.627	0.51681E+05
   4041.56     4.629	0.51569E+05
   4048.31     4.630	0.51516E+05
   4055.07     4.631	0.51464E+05
   4061.84     4.632	0.51410E+05
   4068.62     4.652	0.50479E+05
   4075.41     4.673	0.49525E+05
   4082.21     4.694	0.48567E+05
   4089.02     4.717	0.47550E+05
   4095.85     4.744	0.46389E+05
   4102.69     4.771	0.45228E+05
   4109.54     4.800	0.44063E+05
   4116.40     4.784	0.44711E+05
   4123.27     4.744	0.46378E+05
   4130.15     4.706	0.48049E+05
   4137.04     4.669	0.49710E+05
   4143.95     4.669	0.49718E+05
   4150.87     4.669	0.49727E+05
   4157.79     4.668	0.49735E+05
   4164.73     4.669	0.49720E+05
   4171.69     4.670	0.49667E+05
   4178.65     4.671	0.49616E+05
   4185.62     4.672	0.49563E+05
   4192.61     4.675	0.49453E+05
   4199.61     4.677	0.49327E+05
   4206.62     4.680	0.49202E+05
   4213.64     4.683	0.49060E+05
   4220.67     4.688	0.48863E+05
   4227.72     4.692	0.48666E+05
   4234.78     4.696	0.48469E+05
   4241.85     4.702	0.48216E+05
   4248.93     4.708	0.47937E+05
   4256.02     4.715	0.47658E+05
   4263.12     4.720	0.47402E+05
   4270.24     4.723	0.47273E+05
   4277.37     4.726	0.47143E+05
   4284.51     4.729	0.47013E+05
   4291.66     4.735	0.46782E+05
   4298.82     4.741	0.46496E+05
   4306.00     4.748	0.46211E+05
   4313.19     4.762	0.45632E+05
   4320.38     4.812	0.43580E+05
   4327.60     4.864	0.41521E+05
   4334.82     4.920	0.39457E+05
   4342.06     4.904	0.40041E+05
   4349.30     4.858	0.41772E+05
   4356.56     4.814	0.43504E+05
   4363.84     4.781	0.44841E+05
   4371.12     4.777	0.45001E+05
   4378.42     4.773	0.45163E+05
   4385.73     4.769	0.45324E+05
   4393.04     4.769	0.45317E+05
   4400.38     4.770	0.45275E+05
   4407.72     4.771	0.45233E+05
   4415.08     4.774	0.45142E+05
   4422.45     4.777	0.44981E+05
   4429.83     4.781	0.44823E+05
   4437.23     4.785	0.44661E+05
   4444.63     4.790	0.44479E+05
   4452.05     4.794	0.44295E+05
   4459.48     4.799	0.44111E+05
   4466.93     4.800	0.44041E+05
   4474.38     4.801	0.44027E+05
   4481.85     4.801	0.44013E+05
   4489.33     4.802	0.43982E+05
   4496.83     4.804	0.43912E+05
   4504.33     4.805	0.43842E+05
   4511.85     4.807	0.43772E+05
   4519.38     4.810	0.43662E+05
   4526.93     4.812	0.43552E+05
   4534.48     4.815	0.43441E+05
   4542.05     4.819	0.43276E+05
   4549.63     4.824	0.43083E+05
   4557.23     4.829	0.42889E+05
   4564.84     4.833	0.42744E+05
   4572.46     4.834	0.42678E+05
   4580.09     4.836	0.42614E+05
   4587.73     4.838	0.42537E+05
   4595.39     4.843	0.42356E+05
   4603.06     4.847	0.42176E+05
   4610.75     4.852	0.41994E+05
   4618.44     4.857	0.41786E+05
   4626.15     4.863	0.41572E+05
   4633.87     4.869	0.41357E+05
   4641.61     4.873	0.41206E+05
   4649.35     4.875	0.41097E+05
   4657.12     4.878	0.40988E+05
   4664.89     4.880	0.40924E+05
   4672.68     4.880	0.40935E+05
   4680.48     4.879	0.40948E+05
   4688.29     4.880	0.40933E+05
   4696.12     4.884	0.40784E+05
   4703.95     4.888	0.40634E+05
   4711.81     4.892	0.40483E+05
   4719.67     4.892	0.40491E+05
   4727.55     4.891	0.40504E+05
   4735.44     4.891	0.40517E+05
   4743.34     4.893	0.40440E+05
   4751.26     4.896	0.40339E+05
   4759.19     4.898	0.40239E+05
   4767.14     4.902	0.40117E+05
   4775.09     4.905	0.39982E+05
   4783.06     4.909	0.39847E+05
   4791.05     4.914	0.39674E+05
   4799.05     4.920	0.39462E+05
   4807.06     4.925	0.39250E+05
   4815.08     4.931	0.39041E+05
   4823.12     4.937	0.38837E+05
   4831.17     4.943	0.38633E+05
   4839.23     4.961	0.37976E+05
   4847.31     5.015	0.36133E+05
   4855.40     5.072	0.34286E+05
   4863.51     5.111	0.33088E+05
   4871.62     5.057	0.34754E+05
   4879.76     5.007	0.36421E+05
   4887.90     4.964	0.37896E+05
   4896.06     4.966	0.37824E+05
   4904.23     4.968	0.37751E+05
   4912.42     4.970	0.37684E+05
   4920.62     4.968	0.37726E+05
   4928.83     4.967	0.37768E+05
   4937.06     4.966	0.37809E+05
   4945.30     4.969	0.37711E+05
   4953.56     4.972	0.37611E+05
   4961.83     4.975	0.37512E+05
   4970.11     4.978	0.37392E+05
   4978.40     4.982	0.37272E+05
   4986.71     4.985	0.37152E+05
   4995.04     4.991	0.36956E+05
   5003.38     4.997	0.36757E+05
   5011.73     5.003	0.36557E+05
   5020.09     5.009	0.36357E+05
   5028.47     5.012	0.36228E+05
   5036.87     5.013	0.36199E+05
   5045.27     5.014	0.36170E+05
   5053.69     5.015	0.36140E+05
   5062.13     5.016	0.36111E+05
   5070.58     5.017	0.36082E+05
   5079.04     5.019	0.36008E+05
   5087.52     5.023	0.35886E+05
   5096.01     5.026	0.35764E+05
   5104.52     5.030	0.35641E+05
   5113.04     5.034	0.35518E+05
   5121.58     5.038	0.35394E+05
   5130.12     5.041	0.35300E+05
   5138.69     5.043	0.35222E+05
   5147.27     5.045	0.35145E+05
   5155.86     5.048	0.35068E+05
   5164.46     5.050	0.34992E+05
   5173.08     5.052	0.34914E+05
   5181.72     5.055	0.34820E+05
   5190.37     5.058	0.34722E+05
   5199.03     5.062	0.34622E+05
   5207.71     5.065	0.34524E+05
   5216.40     5.068	0.34424E+05
   5225.11     5.071	0.34326E+05
   5233.83     5.074	0.34230E+05
   5242.57     5.077	0.34133E+05
   5251.32     5.080	0.34037E+05
   5260.08     5.083	0.33940E+05
   5268.87     5.086	0.33843E+05
   5277.66     5.089	0.33746E+05
   5286.47     5.093	0.33650E+05
   5295.29     5.096	0.33554E+05
   5304.13     5.099	0.33457E+05
   5312.99     5.102	0.33360E+05
   5321.85     5.105	0.33263E+05
   5330.74     5.108	0.33172E+05
   5339.64     5.111	0.33085E+05
   5348.55     5.114	0.32996E+05
   5357.48     5.117	0.32909E+05
   5366.42     5.120	0.32821E+05
   5375.38     5.123	0.32733E+05
   5384.35     5.126	0.32641E+05
   5393.34     5.129	0.32548E+05
   5402.34     5.132	0.32456E+05
   5411.36     5.135	0.32364E+05
   5420.39     5.138	0.32271E+05
   5429.44     5.141	0.32178E+05
   5438.50     5.144	0.32085E+05
   5447.58     5.147	0.31992E+05
   5456.67     5.151	0.31898E+05
   5465.78     5.154	0.31805E+05
   5474.90     5.157	0.31711E+05
   5484.04     5.160	0.31627E+05
   5493.20     5.163	0.31542E+05
   5502.37     5.166	0.31457E+05
   5511.55     5.169	0.31373E+05
   5520.75     5.172	0.31288E+05
   5529.97     5.175	0.31202E+05
   5539.20     5.178	0.31116E+05
   5548.44     5.181	0.31029E+05
   5557.71     5.184	0.30943E+05
   5566.98     5.187	0.30856E+05
   5576.27     5.190	0.30768E+05
   5585.58     5.193	0.30678E+05
   5594.91     5.196	0.30588E+05
   5604.25     5.199	0.30498E+05
   5613.60     5.203	0.30408E+05
   5622.97     5.206	0.30318E+05
   5632.36     5.210	0.30208E+05
   5641.76     5.214	0.30094E+05
   5651.17     5.218	0.29979E+05
   5660.61     5.222	0.29864E+05
   5670.06     5.226	0.29749E+05
   5679.52     5.230	0.29656E+05
   5689.00     5.232	0.29587E+05
   5698.50     5.235	0.29519E+05
   5708.01     5.237	0.29450E+05
   5717.54     5.240	0.29381E+05
   5727.08     5.242	0.29313E+05
   5736.64     5.245	0.29246E+05
   5746.22     5.247	0.29179E+05
   5755.81     5.250	0.29113E+05
   5765.42     5.252	0.29045E+05
   5775.04     5.255	0.28979E+05
   5784.68     5.258	0.28892E+05
   5794.34     5.261	0.28806E+05
   5804.01     5.265	0.28719E+05
   5813.70     5.268	0.28632E+05
   5823.40     5.271	0.28546E+05
   5833.12     5.276	0.28413E+05
   5842.86     5.282	0.28273E+05
   5852.61     5.287	0.28132E+05
   5862.38     5.292	0.27990E+05
   5872.17     5.298	0.27848E+05
   5881.97     5.300	0.27785E+05
   5891.79     5.302	0.27754E+05
   5901.62     5.303	0.27723E+05
   5911.47     5.304	0.27692E+05
   5921.34     5.305	0.27659E+05
   5931.22     5.308	0.27601E+05
   5941.12     5.311	0.27524E+05
   5951.04     5.314	0.27449E+05
   5960.97     5.317	0.27372E+05
   5970.92     5.320	0.27296E+05
   5980.89     5.323	0.27207E+05
   5990.87     5.327	0.27110E+05
   6000.87     5.331	0.27012E+05
   6010.89     5.335	0.26914E+05
   6020.92     5.339	0.26815E+05
   6030.97     5.342	0.26744E+05
   6041.04     5.344	0.26691E+05
   6051.12     5.346	0.26637E+05
   6061.23     5.348	0.26584E+05
   6071.34     5.351	0.26531E+05
   6081.48     5.354	0.26457E+05
   6091.63     5.357	0.26373E+05
   6101.80     5.361	0.26288E+05
   6111.98     5.364	0.26203E+05
   6122.19     5.368	0.26119E+05
   6132.40     5.371	0.26047E+05
   6142.64     5.373	0.25980E+05
   6152.89     5.376	0.25913E+05
   6163.16     5.379	0.25845E+05
   6173.45     5.382	0.25778E+05
   6183.76     5.385	0.25706E+05
   6194.08     5.388	0.25632E+05
   6204.42     5.391	0.25558E+05
   6214.77     5.394	0.25484E+05
   6225.15     5.398	0.25409E+05
   6235.54     5.402	0.25316E+05
   6245.95     5.406	0.25222E+05
   6256.37     5.410	0.25128E+05
   6266.82     5.414	0.25033E+05
   6277.28     5.417	0.24951E+05
   6287.75     5.419	0.24909E+05
   6298.25     5.421	0.24868E+05
   6308.76     5.423	0.24826E+05
   6319.29     5.425	0.24784E+05
   6329.84     5.427	0.24730E+05
   6340.41     5.430	0.24659E+05
   6350.99     5.433	0.24587E+05
   6361.59     5.436	0.24517E+05
   6372.21     5.439	0.24446E+05
   6382.85     5.443	0.24377E+05
   6393.50     5.446	0.24310E+05
   6404.17     5.449	0.24243E+05
   6414.87     5.452	0.24176E+05
   6425.57     5.455	0.24107E+05
   6436.30     5.458	0.24025E+05
   6447.04     5.462	0.23942E+05
   6457.80     5.466	0.23861E+05
   6468.58     5.470	0.23778E+05
   6479.38     5.473	0.23694E+05
   6490.20     5.477	0.23607E+05
   6501.03     5.481	0.23521E+05
   6511.88     5.485	0.23433E+05
   6522.75     5.489	0.23346E+05
   6533.64     5.504	0.23037E+05
   6544.54     5.521	0.22670E+05
   6555.47     5.539	0.22301E+05
   6566.41     5.557	0.21933E+05
   6577.37     5.569	0.21698E+05
   6588.35     5.556	0.21953E+05
   6599.35     5.544	0.22209E+05
   6610.36     5.531	0.22464E+05
   6621.40     5.519	0.22719E+05
   6632.45     5.518	0.22746E+05
   6643.52     5.522	0.22663E+05
   6654.61     5.526	0.22579E+05
   6665.72     5.530	0.22495E+05
   6676.85     5.533	0.22418E+05
   6687.99     5.535	0.22380E+05
   6699.15     5.537	0.22342E+05
   6710.34     5.539	0.22303E+05
   6721.54     5.541	0.22265E+05
   6732.76     5.544	0.22203E+05
   6744.00     5.548	0.22131E+05
   6755.25     5.551	0.22057E+05
   6766.53     5.555	0.21985E+05
   6777.82     5.558	0.21916E+05
   6789.14     5.561	0.21860E+05
   6800.47     5.564	0.21805E+05
   6811.82     5.566	0.21749E+05
   6823.19     5.569	0.21693E+05
   6834.58     5.572	0.21633E+05
   6845.99     5.575	0.21572E+05
   6857.42     5.578	0.21511E+05
   6868.86     5.581	0.21450E+05
   6880.33     5.585	0.21388E+05
   6891.81     5.588	0.21327E+05
   6903.32     5.591	0.21264E+05
   6914.84     5.594	0.21201E+05
   6926.38     5.597	0.21139E+05
   6937.94     5.600	0.21080E+05
   6949.52     5.603	0.21022E+05
   6961.12     5.606	0.20962E+05
   6972.75     5.610	0.20903E+05
   6984.38     5.613	0.20842E+05
   6996.04     5.616	0.20781E+05
   7007.72     5.619	0.20721E+05
   7019.42     5.622	0.20659E+05
   7031.13     5.626	0.20586E+05
   7042.87     5.631	0.20500E+05
   7054.63     5.635	0.20414E+05
   7066.40     5.640	0.20327E+05
   7078.20     5.644	0.20254E+05
   7090.01     5.646	0.20211E+05
   7101.85     5.648	0.20169E+05
   7113.70     5.651	0.20127E+05
   7125.58     5.653	0.20085E+05
   7137.47     5.655	0.20043E+05
   7149.38     5.657	0.20000E+05
   7161.32     5.661	0.19935E+05
   7173.27     5.665	0.19868E+05
   7185.25     5.668	0.19801E+05
   7197.24     5.672	0.19735E+05
   7209.25     5.676	0.19668E+05
   7221.29     5.679	0.19601E+05
   7233.34     5.683	0.19534E+05
   7245.42     5.687	0.19466E+05
   7257.51     5.690	0.19412E+05
   7269.62     5.692	0.19364E+05
   7281.76     5.695	0.19317E+05
   7293.91     5.698	0.19270E+05
   7306.09     5.700	0.19222E+05
   7318.28     5.703	0.19175E+05
   7330.50     5.706	0.19127E+05
   7342.73     5.709	0.19079E+05
   7354.99     5.712	0.19027E+05
   7367.27     5.715	0.18970E+05
   7379.57     5.718	0.18912E+05
   7391.88     5.721	0.18855E+05
   7404.22     5.725	0.18797E+05
   7416.58     5.728	0.18739E+05
   7428.96     5.731	0.18681E+05
   7441.36     5.735	0.18623E+05
   7453.78     5.738	0.18567E+05
   7466.23     5.741	0.18516E+05
   7478.69     5.744	0.18463E+05
   7491.17     5.747	0.18412E+05
   7503.68     5.750	0.18360E+05
   7516.20     5.753	0.18308E+05
   7528.75     5.756	0.18256E+05
   7541.31     5.760	0.18204E+05
   7553.90     5.763	0.18151E+05
   7566.51     5.766	0.18098E+05
   7579.14     5.769	0.18044E+05
   7591.79     5.772	0.17990E+05
   7604.46     5.776	0.17936E+05
   7617.16     5.779	0.17882E+05
   7629.87     5.782	0.17828E+05
   7642.61     5.786	0.17774E+05
   7655.37     5.789	0.17720E+05
   7668.15     5.792	0.17668E+05
   7680.94     5.795	0.17617E+05
   7693.77     5.798	0.17564E+05
   7706.61     5.802	0.17512E+05
   7719.47     5.805	0.17458E+05
   7732.36     5.808	0.17405E+05
   7745.26     5.812	0.17353E+05
   7758.19     5.815	0.17304E+05
   7771.14     5.818	0.17256E+05
   7784.12     5.821	0.17209E+05
   7797.11     5.824	0.17160E+05
   7810.12     5.827	0.17113E+05
   7823.16     5.830	0.17064E+05
   7836.22     5.833	0.17017E+05
   7849.30     5.836	0.16969E+05
   7862.40     5.839	0.16920E+05
   7875.52     5.842	0.16872E+05
   7888.67     5.845	0.16822E+05
   7901.84     5.848	0.16774E+05
   7915.03     5.852	0.16724E+05
   7928.24     5.855	0.16675E+05
   7941.47     5.858	0.16626E+05
   7954.73     5.861	0.16577E+05
   7968.01     5.864	0.16530E+05
   7981.31     5.868	0.16481E+05
   7994.63     5.871	0.16433E+05
   8007.98     5.874	0.16385E+05
   8021.34     5.877	0.16337E+05
   8034.73     5.880	0.16288E+05
   8048.14     5.884	0.16240E+05
   8061.58     5.887	0.16189E+05
   8075.03     5.890	0.16139E+05
   8088.51     5.894	0.16087E+05
   8102.02     5.897	0.16037E+05
   8115.54     5.901	0.15986E+05
   8129.08     5.904	0.15935E+05
   8142.65     5.908	0.15884E+05
   8156.25     5.911	0.15835E+05
   8169.86     5.914	0.15794E+05
   8183.50     5.917	0.15751E+05
   8197.16     5.920	0.15709E+05
   8210.84     5.923	0.15667E+05
   8224.55     5.926	0.15624E+05
   8238.27     5.928	0.15582E+05
   8252.03     5.931	0.15538E+05
   8265.80     5.934	0.15498E+05
   8279.60     5.937	0.15457E+05
   8293.42     5.940	0.15415E+05
   8307.26     5.943	0.15374E+05
   8321.13     5.946	0.15332E+05
   8335.02     5.949	0.15291E+05
   8348.93     5.952	0.15250E+05
   8362.87     5.955	0.15207E+05
   8376.83     5.958	0.15164E+05
   8390.81     5.961	0.15122E+05
   8404.82     5.964	0.15078E+05
   8418.84     5.967	0.15035E+05
   8432.90     5.970	0.14991E+05
   8446.97     5.974	0.14948E+05
   8461.07     5.977	0.14895E+05
   8475.20     5.981	0.14839E+05
   8489.34     5.986	0.14784E+05
   8503.51     5.990	0.14727E+05
   8517.71     5.994	0.14672E+05
   8531.93     5.998	0.14615E+05
   8546.17     6.002	0.14558E+05
   8560.43     6.006	0.14507E+05
   8574.72     6.010	0.14456E+05
   8589.04     6.014	0.14405E+05
   8603.37     6.018	0.14354E+05
   8617.73     6.021	0.14303E+05
   8632.12     6.025	0.14252E+05
   8646.53     6.029	0.14200E+05
   8660.96     6.032	0.14165E+05
   8675.42     6.034	0.14134E+05
   8689.90     6.037	0.14102E+05
   8704.40     6.039	0.14071E+05
   8718.93     6.042	0.14040E+05
   8733.49     6.044	0.14008E+05
   8748.06     6.046	0.13977E+05
   8762.67     6.051	0.13925E+05
   8777.29     6.055	0.13869E+05
   8791.95     6.059	0.13813E+05
   8806.62     6.064	0.13756E+05
   8821.32     6.068	0.13701E+05
   8836.04     6.073	0.13644E+05
   8850.79     6.077	0.13593E+05
   8865.57     6.074	0.13621E+05
   8880.37     6.072	0.13650E+05
   8895.19     6.070	0.13678E+05
   8910.04     6.068	0.13708E+05
   8924.91     6.065	0.13737E+05
   8939.81     6.063	0.13765E+05
   8954.73     6.064	0.13753E+05
   8969.68     6.072	0.13650E+05
   8984.65     6.080	0.13548E+05
   8999.65     6.089	0.13445E+05
   9014.67     6.097	0.13342E+05
   9029.72     6.105	0.13239E+05
   9044.79     6.114	0.13135E+05
   9059.89     6.115	0.13122E+05
   9075.01     6.112	0.13157E+05
   9090.16     6.109	0.13191E+05
   9105.33     6.106	0.13225E+05
   9120.53     6.104	0.13261E+05
   9135.75     6.101	0.13295E+05
   9151.00     6.099	0.13318E+05
   9166.28     6.110	0.13188E+05
   9181.58     6.120	0.13057E+05
   9196.91     6.131	0.12926E+05
   9212.26     6.142	0.12794E+05
   9227.63     6.154	0.12662E+05
   9243.04     6.165	0.12530E+05
   9258.47     6.167	0.12503E+05
   9273.92     6.163	0.12559E+05
   9289.40     6.158	0.12618E+05
   9304.91     6.153	0.12675E+05
   9320.44     6.148	0.12733E+05
   9336.00     6.143	0.12790E+05
   9351.58     6.139	0.12838E+05
   9367.19     6.142	0.12795E+05
   9382.83     6.146	0.12753E+05
   9398.49     6.150	0.12709E+05
   9414.18     6.153	0.12667E+05
   9429.89     6.157	0.12624E+05
   9445.63     6.161	0.12580E+05
   9461.40     6.170	0.12474E+05
   9477.19     6.181	0.12343E+05
   9493.01     6.193	0.12213E+05
   9508.86     6.205	0.12082E+05
   9524.73     6.217	0.11950E+05
   9540.63     6.229	0.11818E+05
   9556.55     6.234	0.11765E+05
   9572.50     6.228	0.11822E+05
   9588.48     6.223	0.11881E+05
   9604.49     6.218	0.11939E+05
   9620.52     6.212	0.11998E+05
   9636.58     6.207	0.12057E+05
   9652.66     6.203	0.12100E+05
   9668.78     6.206	0.12066E+05
   9684.92     6.209	0.12032E+05
   9701.08     6.212	0.11998E+05
   9717.27     6.215	0.11965E+05
   9733.49     6.218	0.11930E+05
   9749.74     6.221	0.11897E+05
   9766.02     6.225	0.11861E+05
   9782.32     6.228	0.11825E+05
   9798.65     6.231	0.11789E+05
   9815.00     6.235	0.11754E+05
   9831.39     6.238	0.11717E+05
   9847.80     6.241	0.11681E+05
   9864.23     6.245	0.11641E+05
   9880.70     6.249	0.11599E+05
   9897.19     6.253	0.11558E+05
   9913.71     6.257	0.11517E+05
   9930.26     6.261	0.11475E+05
   9946.84     6.265	0.11434E+05
   9963.44     6.275	0.11324E+05
   9980.07     6.287	0.11198E+05
   9996.73     6.300	0.11070E+05
  10013.42     6.312	0.10944E+05
  10030.13     6.325	0.10817E+05
  10046.87     6.338	0.10690E+05
  10063.64     6.335	0.10716E+05
  10080.44     6.329	0.10777E+05
  10097.27     6.323	0.10838E+05
  10114.12     6.316	0.10900E+05
  10131.01     6.310	0.10961E+05
  10147.92     6.304	0.11024E+05
  10164.86     6.306	0.11004E+05
  10181.82     6.309	0.10974E+05
  10198.82     6.312	0.10943E+05
  10215.84     6.315	0.10912E+05
  10232.90     6.318	0.10882E+05
  10249.98     6.321	0.10850E+05
  10267.09     6.325	0.10813E+05
  10284.22     6.329	0.10775E+05
  10301.39     6.333	0.10736E+05
  10318.59     6.337	0.10698E+05
  10335.81     6.341	0.10660E+05
  10353.06     6.344	0.10623E+05
  10370.34     6.347	0.10596E+05
  10387.65     6.350	0.10569E+05
  10404.99     6.353	0.10543E+05
  10422.36     6.355	0.10515E+05
  10439.76     6.358	0.10488E+05
  10457.18     6.361	0.10458E+05
  10474.64     6.365	0.10427E+05
  10492.12     6.368	0.10394E+05
  10509.64     6.371	0.10362E+05
  10527.18     6.375	0.10329E+05
  10544.75     6.378	0.10296E+05
  10562.35     6.382	0.10263E+05
  10579.99     6.385	0.10230E+05
  10597.65     6.389	0.10195E+05
  10615.33     6.393	0.10162E+05
  10633.05     6.396	0.10128E+05
  10650.80     6.400	0.10095E+05
  10668.58     6.403	0.10065E+05
  10686.39     6.406	0.10035E+05
  10704.23     6.409	0.10006E+05
  10722.09     6.413	0.99765E+04
  10739.99     6.416	0.99471E+04
  10757.92     6.420	0.99124E+04
  10775.88     6.424	0.98712E+04
  10793.86     6.429	0.98298E+04
  10811.88     6.433	0.97884E+04
  10829.93     6.438	0.97471E+04
  10848.01     6.442	0.97055E+04
  10866.11     6.454	0.96000E+04
  10884.25     6.467	0.94863E+04
  10902.42     6.480	0.93725E+04
  10920.62     6.494	0.92585E+04
  10938.85     6.507	0.91442E+04
  10957.11     6.513	0.90982E+04
  10975.40     6.505	0.91598E+04
  10993.72     6.498	0.92215E+04
  11012.07     6.491	0.92832E+04
  11030.45     6.484	0.93449E+04
  11048.86     6.476	0.94069E+04
  11067.30     6.479	0.93882E+04
  11085.78     6.481	0.93641E+04
  11104.28     6.484	0.93402E+04
  11122.82     6.487	0.93161E+04
  11141.38     6.490	0.92919E+04
  11159.98     6.493	0.92651E+04
  11178.61     6.496	0.92360E+04
  11197.27     6.500	0.92069E+04
  11215.96     6.503	0.91778E+04
  11234.68     6.507	0.91485E+04
  11253.43     6.510	0.91193E+04
  11272.22     6.514	0.90905E+04
  11291.03     6.517	0.90615E+04
  11309.88     6.520	0.90327E+04
  11328.76     6.524	0.90038E+04
  11347.67     6.527	0.89747E+04
  11366.61     6.531	0.89475E+04
  11385.58     6.534	0.89206E+04
  11404.59     6.537	0.88938E+04
  11423.63     6.541	0.88669E+04
  11442.70     6.544	0.88399E+04
  11461.80     6.547	0.88119E+04
  11480.93     6.551	0.87830E+04
  11500.09     6.554	0.87542E+04
  11519.29     6.558	0.87253E+04
  11538.52     6.562	0.86964E+04
  11557.78     6.565	0.86688E+04
  11577.07     6.568	0.86430E+04
  11596.39     6.572	0.86173E+04
  11615.75     6.575	0.85915E+04
  11635.14     6.578	0.85657E+04
  11654.56     6.581	0.85399E+04
  11674.01     6.585	0.85143E+04
  11693.50     6.588	0.84885E+04
  11713.02     6.591	0.84628E+04
  11732.57     6.595	0.84371E+04
  11752.16     6.598	0.84113E+04
  11771.77     6.601	0.83854E+04
  11791.42     6.605	0.83594E+04
  11811.10     6.608	0.83335E+04
  11830.82     6.611	0.83074E+04
  11850.57     6.615	0.82812E+04
  11870.35     6.619	0.82504E+04
  11890.16     6.623	0.82197E+04
  11910.01     6.627	0.81887E+04
  11929.89     6.631	0.81577E+04
  11949.80     6.635	0.81268E+04
  11969.75     6.638	0.81066E+04
  11989.73     6.641	0.80865E+04
  12009.74     6.643	0.80664E+04
