    500.00     0.000	0.00000E+00
    500.83     0.000	0.00000E+00
    501.67     0.000	0.00000E+00
    502.51     0.000	0.00000E+00
    503.35     0.000	0.00000E+00
    504.19     0.000	0.00000E+00
    505.03     0.000	0.00000E+00
    505.87     0.000	0.00000E+00
    506.72     0.000	0.00000E+00
    507.56     0.000	0.00000E+00
    508.41     0.000	0.00000E+00
    509.26     0.000	0.00000E+00
    510.11     0.000	0.00000E+00
    510.96     0.000	0.00000E+00
    511.81     0.000	0.00000E+00
    512.67     0.000	0.00000E+00
    513.52     0.000	0.00000E+00
    514.38     0.000	0.00000E+00
    515.24     0.000	0.00000E+00
    516.10     0.000	0.00000E+00
    516.96     0.000	0.00000E+00
    517.82     0.000	0.00000E+00
    518.69     0.000	0.00000E+00
    519.55     0.000	0.00000E+00
    520.42     0.000	0.00000E+00
    521.29     0.000	0.00000E+00
    522.16     0.000	0.00000E+00
    523.03     0.000	0.00000E+00
    523.90     0.000	0.00000E+00
    524.78     0.000	0.00000E+00
    525.65     0.000	0.00000E+00
    526.53     0.000	0.00000E+00
    527.41     0.000	0.00000E+00
    528.29     0.000	0.00000E+00
    529.17     0.000	0.00000E+00
    530.06     0.000	0.00000E+00
    530.94     0.000	0.00000E+00
    531.83     0.000	0.00000E+00
    532.71     0.000	0.00000E+00
    533.60     0.000	0.00000E+00
    534.49     0.000	0.00000E+00
    535.39     0.000	0.00000E+00
    536.28     0.000	0.00000E+00
    537.18     0.000	0.00000E+00
    538.07     0.000	0.00000E+00
    538.97     0.000	0.00000E+00
    539.87     0.000	0.00000E+00
    540.77     0.000	0.00000E+00
    541.67     0.000	0.00000E+00
    542.58     0.000	0.00000E+00
    543.48     0.000	0.00000E+00
    544.39     0.000	0.00000E+00
    545.30     0.000	0.00000E+00
    546.21     0.000	0.00000E+00
    547.12     0.000	0.00000E+00
    548.03     0.000	0.00000E+00
    548.95     0.000	0.00000E+00
    549.87     0.000	0.00000E+00
    550.78     0.000	0.00000E+00
    551.70     0.000	0.00000E+00
    552.62     0.000	0.00000E+00
    553.55     0.000	0.00000E+00
    554.47     0.000	0.00000E+00
    555.40     0.000	0.00000E+00
    556.32     0.000	0.00000E+00
    557.25     0.000	0.00000E+00
    558.18     0.000	0.00000E+00
    559.11     0.000	0.00000E+00
    560.05     0.000	0.00000E+00
    560.98     0.000	0.00000E+00
    561.92     0.000	0.00000E+00
    562.86     0.000	0.00000E+00
    563.80     0.000	0.00000E+00
    564.74     0.000	0.00000E+00
    565.68     0.000	0.00000E+00
    566.62     0.000	0.00000E+00
    567.57     0.000	0.00000E+00
    568.52     0.000	0.00000E+00
    569.47     0.000	0.00000E+00
    570.42     0.000	0.00000E+00
    571.37     0.000	0.00000E+00
    572.32     0.000	0.00000E+00
    573.28     0.000	0.00000E+00
    574.23     0.000	0.00000E+00
    575.19     0.000	0.00000E+00
    576.15     0.000	0.00000E+00
    577.11     0.000	0.00000E+00
    578.08     0.000	0.00000E+00
    579.04     0.000	0.00000E+00
    580.01     0.000	0.00000E+00
    580.98     0.000	0.00000E+00
    581.95     0.000	0.00000E+00
    582.92     0.000	0.00000E+00
    583.89     0.000	0.00000E+00
    584.87     0.000	0.00000E+00
    585.84     0.000	0.00000E+00
    586.82     0.000	0.00000E+00
    587.80     0.000	0.00000E+00
    588.78     0.000	0.00000E+00
    589.76     0.000	0.00000E+00
    590.75     0.000	0.00000E+00
    591.73     0.000	0.00000E+00
    592.72     0.000	0.00000E+00
    593.71     0.000	0.00000E+00
    594.70     0.000	0.00000E+00
    595.70     0.000	0.00000E+00
    596.69     0.000	0.00000E+00
    597.69     0.000	0.00000E+00
    598.68     0.000	0.00000E+00
    599.68     0.000	0.00000E+00
    600.68     0.000	0.00000E+00
    601.69     0.000	0.00000E+00
    602.69     0.000	0.00000E+00
    603.70     0.000	0.00000E+00
    604.70     0.000	0.00000E+00
    605.71     0.000	0.00000E+00
    606.72     0.000	0.00000E+00
    607.74     0.000	0.00000E+00
    608.75     0.000	0.00000E+00
    609.77     0.000	0.00000E+00
    610.79     0.000	0.00000E+00
    611.81     0.000	0.00000E+00
    612.83     0.000	0.00000E+00
    613.85     0.000	0.00000E+00
    614.87     0.000	0.00000E+00
    615.90     0.000	0.00000E+00
    616.93     0.000	0.00000E+00
    617.96     0.000	0.00000E+00
    618.99     0.000	0.00000E+00
    620.02     0.000	0.00000E+00
    621.06     0.000	0.00000E+00
    622.09     0.000	0.00000E+00
    623.13     0.000	0.00000E+00
    624.17     0.000	0.00000E+00
    625.22     0.000	0.00000E+00
    626.26     0.000	0.00000E+00
    627.30     0.000	0.00000E+00
    628.35     0.000	0.00000E+00
    629.40     0.000	0.00000E+00
    630.45     0.000	0.00000E+00
    631.50     0.000	0.00000E+00
    632.56     0.000	0.00000E+00
    633.61     0.000	0.00000E+00
    634.67     0.000	0.00000E+00
    635.73     0.000	0.00000E+00
    636.79     0.000	0.00000E+00
    637.85     0.000	0.00000E+00
    638.92     0.000	0.00000E+00
    639.99     0.000	0.00000E+00
    641.05     0.000	0.00000E+00
    642.12     0.000	0.00000E+00
    643.20     0.000	0.00000E+00
    644.27     0.000	0.00000E+00
    645.34     0.000	0.00000E+00
    646.42     0.000	0.00000E+00
    647.50     0.000	0.00000E+00
    648.58     0.000	0.00000E+00
    649.66     0.000	0.00000E+00
    650.75     0.000	0.00000E+00
    651.84     0.000	0.00000E+00
    652.92     0.000	0.00000E+00
    654.01     0.000	0.00000E+00
    655.10     0.000	0.00000E+00
    656.20     0.000	0.00000E+00
    657.29     0.000	0.00000E+00
    658.39     0.000	0.00000E+00
    659.49     0.000	0.00000E+00
    660.59     0.000	0.00000E+00
    661.69     0.000	0.00000E+00
    662.80     0.000	0.00000E+00
    663.90     0.000	0.00000E+00
    665.01     0.000	0.00000E+00
    666.12     0.000	0.00000E+00
    667.23     0.000	0.00000E+00
    668.35     0.000	0.00000E+00
    669.46     0.000	0.00000E+00
    670.58     0.000	0.00000E+00
    671.70     0.000	0.00000E+00
    672.82     0.000	0.00000E+00
    673.94     0.000	0.00000E+00
    675.07     0.000	0.00000E+00
    676.20     0.000	0.00000E+00
    677.33     0.000	0.00000E+00
    678.46     0.000	0.00000E+00
    679.59     0.000	0.00000E+00
    680.72     0.000	0.00000E+00
    681.86     0.000	0.00000E+00
    683.00     0.000	0.00000E+00
    684.14     0.000	0.00000E+00
    685.28     0.000	0.00000E+00
    686.42     0.000	0.00000E+00
    687.57     0.000	0.00000E+00
    688.72     0.000	0.00000E+00
    689.87     0.000	0.00000E+00
    691.02     0.000	0.00000E+00
    692.17     0.000	0.00000E+00
    693.33     0.000	0.00000E+00
    694.48     0.000	0.00000E+00
    695.64     0.000	0.00000E+00
    696.80     0.000	0.00000E+00
    697.97     0.000	0.00000E+00
    699.13     0.000	0.00000E+00
    700.30     0.000	0.00000E+00
    701.47     0.000	0.00000E+00
    702.64     0.000	0.00000E+00
    703.81     0.000	0.00000E+00
    704.99     0.000	0.00000E+00
    706.16     0.000	0.00000E+00
    707.34     0.000	0.00000E+00
    708.52     0.000	0.00000E+00
    709.71     0.000	0.00000E+00
    710.89     0.000	0.00000E+00
    712.08     0.000	0.00000E+00
    713.27     0.000	0.00000E+00
    714.46     0.000	0.00000E+00
    715.65     0.000	0.00000E+00
    716.84     0.000	0.00000E+00
    718.04     0.000	0.00000E+00
    719.24     0.000	0.00000E+00
    720.44     0.000	0.00000E+00
    721.64     0.000	0.00000E+00
    722.85     0.000	0.00000E+00
    724.05     0.000	0.00000E+00
    725.26     0.000	0.00000E+00
    726.47     0.000	0.00000E+00
    727.68     0.000	0.00000E+00
    728.90     0.000	0.00000E+00
    730.12     0.000	0.00000E+00
    731.33     0.000	0.00000E+00
    732.56     0.000	0.00000E+00
    733.78     0.000	0.00000E+00
    735.00     0.000	0.00000E+00
    736.23     0.000	0.00000E+00
    737.46     0.000	0.00000E+00
    738.69     0.000	0.00000E+00
    739.92     0.000	0.00000E+00
    741.16     0.000	0.00000E+00
    742.40     0.000	0.00000E+00
    743.63     0.000	0.00000E+00
    744.88     0.000	0.00000E+00
    746.12     0.000	0.00000E+00
    747.36     0.000	0.00000E+00
    748.61     0.000	0.00000E+00
    749.86     0.000	0.00000E+00
    751.11     0.000	0.00000E+00
    752.37     0.000	0.00000E+00
    753.62     0.000	0.00000E+00
    754.88     0.000	0.00000E+00
    756.14     0.000	0.00000E+00
    757.40     0.000	0.00000E+00
    758.67     0.000	0.00000E+00
    759.93     0.000	0.00000E+00
    761.20     0.000	0.00000E+00
    762.47     0.000	0.00000E+00
    763.75     0.000	0.00000E+00
    765.02     0.000	0.00000E+00
    766.30     0.000	0.00000E+00
    767.58     0.000	0.00000E+00
    768.86     0.000	0.00000E+00
    770.14     0.000	0.00000E+00
    771.43     0.000	0.00000E+00
    772.71     0.000	0.00000E+00
    774.00     0.000	0.00000E+00
    775.30     0.000	0.00000E+00
    776.59     0.000	0.00000E+00
    777.89     0.000	0.00000E+00
    779.18     0.000	0.00000E+00
    780.49     0.000	0.00000E+00
    781.79     0.000	0.00000E+00
    783.09     0.000	0.00000E+00
    784.40     0.000	0.00000E+00
    785.71     0.000	0.00000E+00
    787.02     0.000	0.00000E+00
    788.34     0.000	0.00000E+00
    789.65     0.000	0.00000E+00
    790.97     0.000	0.00000E+00
    792.29     0.000	0.00000E+00
    793.61     0.000	0.00000E+00
    794.94     0.000	0.00000E+00
    796.26     0.000	0.00000E+00
    797.59     0.000	0.00000E+00
    798.92     0.000	0.00000E+00
    800.26     0.000	0.00000E+00
    801.59     0.000	0.00000E+00
    802.93     0.000	0.00000E+00
    804.27     0.000	0.00000E+00
    805.61     0.000	0.00000E+00
    806.96     0.000	0.00000E+00
    808.31     0.000	0.00000E+00
    809.66     0.000	0.00000E+00
    811.01     0.000	0.00000E+00
    812.36     0.000	0.00000E+00
    813.72     0.000	0.00000E+00
    815.07     0.000	0.00000E+00
    816.44     0.000	0.00000E+00
    817.80     0.000	0.00000E+00
    819.16     0.000	0.00000E+00
    820.53     0.000	0.00000E+00
    821.90     0.000	0.00000E+00
    823.27     0.000	0.00000E+00
    824.65     0.000	0.00000E+00
    826.02     0.000	0.00000E+00
    827.40     0.000	0.00000E+00
    828.78     0.000	0.00000E+00
    830.17     0.000	0.00000E+00
    831.55     0.000	0.00000E+00
    832.94     0.000	0.00000E+00
    834.33     0.000	0.00000E+00
    835.72     0.000	0.00000E+00
    837.12     0.000	0.00000E+00
    838.52     0.000	0.00000E+00
    839.91     0.000	0.00000E+00
    841.32     0.000	0.00000E+00
    842.72     0.000	0.00000E+00
    844.13     0.000	0.00000E+00
    845.54     0.000	0.00000E+00
    846.95     0.000	0.00000E+00
    848.36     0.000	0.00000E+00
    849.78     0.000	0.00000E+00
    851.20     0.000	0.00000E+00
    852.62     0.000	0.00000E+00
    854.04     0.000	0.00000E+00
    855.47     0.000	0.00000E+00
    856.89     0.000	0.00000E+00
    858.32     0.000	0.00000E+00
    859.76     0.000	0.00000E+00
    861.19     0.000	0.00000E+00
    862.63     0.000	0.00000E+00
    864.07     0.000	0.00000E+00
    865.51     0.000	0.00000E+00
    866.96     0.000	0.00000E+00
    868.40     0.000	0.00000E+00
    869.85     0.000	0.00000E+00
    871.31     0.000	0.00000E+00
    872.76     0.000	0.00000E+00
    874.22     0.000	0.00000E+00
    875.68     0.000	0.00000E+00
    877.14     0.000	0.00000E+00
    878.60     0.000	0.00000E+00
    880.07     0.000	0.00000E+00
    881.54     0.000	0.00000E+00
    883.01     0.000	0.00000E+00
    884.48     0.000	0.00000E+00
    885.96     0.000	0.00000E+00
    887.44     0.000	0.00000E+00
    888.92     0.000	0.00000E+00
    890.40     0.000	0.00000E+00
    891.89     0.000	0.00000E+00
    893.38     0.000	0.00000E+00
    894.87    22.606	0.33241E-02
    896.36    22.333	0.42749E-02
    897.86    22.114	0.52273E-02
    899.36    21.932	0.61813E-02
    900.86    21.776	0.71368E-02
    902.36    21.640	0.80938E-02
    903.87    21.518	0.90526E-02
    905.38    21.409	0.10013E-01
    906.89    21.309	0.10975E-01
    908.40    21.218	0.11938E-01
    909.92    21.133	0.12903E-01
    911.44    21.055	0.13870E-01
    912.96    20.981	0.14839E-01
    914.48    20.913	0.15809E-01
    916.01    20.848	0.16780E-01
    917.54    20.787	0.17754E-01
    919.07    20.729	0.18728E-01
    920.60    20.577	0.21529E-01
    922.14    20.326	0.27147E-01
    923.68    20.121	0.32772E-01
    925.22    19.949	0.38407E-01
    926.77    19.800	0.44051E-01
    928.31    19.669	0.49703E-01
    929.86    19.552	0.55367E-01
    931.42    19.446	0.61037E-01
    932.97    19.349	0.66719E-01
    934.53    19.261	0.72410E-01
    936.09    19.178	0.78109E-01
    937.65    19.102	0.83817E-01
    939.21    19.030	0.89537E-01
    940.78    18.965	0.95054E-01
    942.35    18.906	0.10037E+00
    943.93    18.850	0.10570E+00
    945.50    18.796	0.11104E+00
    947.08    18.745	0.11639E+00
    948.66    18.696	0.12174E+00
    950.24    18.650	0.12710E+00
    951.83    18.605	0.13247E+00
    953.42    18.561	0.13785E+00
    955.01    18.520	0.14324E+00
    956.60    18.480	0.14864E+00
    958.20    18.441	0.15405E+00
    959.80    18.403	0.15946E+00
    961.40    18.367	0.16489E+00
    963.01    18.315	0.17306E+00
    964.62    18.255	0.18286E+00
    966.23    18.198	0.19268E+00
    967.84    18.144	0.20251E+00
    969.45    18.092	0.21235E+00
    971.07    18.043	0.22222E+00
    972.69    17.996	0.23211E+00
    974.32    17.950	0.24200E+00
    975.94    17.907	0.25192E+00
    977.57    17.865	0.26185E+00
    979.20    17.824	0.27179E+00
    980.84    17.785	0.28176E+00
    982.48    17.748	0.29173E+00
    984.12    17.711	0.30174E+00
    985.76    17.675	0.31176E+00
    987.40    17.640	0.32209E+00
    989.05    17.603	0.33339E+00
    990.70    17.566	0.34470E+00
    992.36    17.531	0.35603E+00
    994.01    17.497	0.36739E+00
    995.67    17.464	0.37875E+00
    997.33    17.432	0.39014E+00
    999.00    17.401	0.40155E+00
   1000.67    17.370	0.41297E+00
   1002.34    17.341	0.42441E+00
   1004.01    17.312	0.43587E+00
   1005.69    17.283	0.44736E+00
   1007.36    17.256	0.45886E+00
   1009.05    17.229	0.47038E+00
   1010.73    17.203	0.48191E+00
   1012.42    17.175	0.49424E+00
   1014.11    17.143	0.50894E+00
   1015.80    17.112	0.52367E+00
   1017.50    17.082	0.53841E+00
   1019.19    17.053	0.55319E+00
   1020.90    17.024	0.56799E+00
   1022.60    16.996	0.58281E+00
   1024.31    16.969	0.59766E+00
   1026.02    16.942	0.61252E+00
   1027.73    16.916	0.62742E+00
   1029.44    16.891	0.64234E+00
   1031.16    16.866	0.65728E+00
   1032.88    16.841	0.67224E+00
   1034.61    16.817	0.68723E+00
   1036.33    16.794	0.70226E+00
   1038.06    16.757	0.72642E+00
   1039.80    16.713	0.75632E+00
   1041.53    16.671	0.78629E+00
   1043.27    16.630	0.81628E+00
   1045.01    16.591	0.84634E+00
   1046.76    16.553	0.87644E+00
   1048.51    16.516	0.90660E+00
   1050.26    16.481	0.93680E+00
   1052.01    16.446	0.96706E+00
   1053.76    16.413	0.99735E+00
   1055.52    16.380	0.10277E+01
   1057.29    16.349	0.10581E+01
   1059.05    16.318	0.10886E+01
   1060.82    16.288	0.11191E+01
   1062.59    16.257	0.11517E+01
   1064.36    16.223	0.11884E+01
   1066.14    16.190	0.12251E+01
   1067.92    16.157	0.12620E+01
   1069.70    16.126	0.12989E+01
   1071.49    16.096	0.13358E+01
   1073.28    16.066	0.13729E+01
   1075.07    16.037	0.14099E+01
   1076.86    16.009	0.14471E+01
   1078.66    15.981	0.14843E+01
   1080.46    15.954	0.15216E+01
   1082.26    15.928	0.15589E+01
   1084.07    15.902	0.15962E+01
   1085.88    15.877	0.16337E+01
   1087.69    15.565	0.21784E+01
   1089.51    15.035	0.35483E+01
   1091.32    14.680	0.49207E+01
   1093.15    14.412	0.62952E+01
   1094.97    14.198	0.76719E+01
   1096.80    14.018	0.90510E+01
   1098.63    13.864	0.10433E+02
   1100.46    13.729	0.11816E+02
   1102.30    13.608	0.13202E+02
   1104.14    13.500	0.14591E+02
   1105.98    13.401	0.15981E+02
   1107.83    13.310	0.17374E+02
   1109.68    13.226	0.18769E+02
   1111.53    13.148	0.20167E+02
   1113.39    13.123	0.20643E+02
   1115.24    13.114	0.20808E+02
   1117.11    13.106	0.20971E+02
   1118.97    13.098	0.21134E+02
   1120.84    13.089	0.21296E+02
   1122.71    13.081	0.21457E+02
   1124.58    13.073	0.21617E+02
   1126.46    13.065	0.21777E+02
   1128.34    13.057	0.21936E+02
   1130.22    13.049	0.22095E+02
   1132.11    13.042	0.22253E+02
   1134.00    13.034	0.22410E+02
   1135.90    13.026	0.22567E+02
   1137.79    13.013	0.22852E+02
   1139.69    12.991	0.23314E+02
   1141.59    12.970	0.23774E+02
   1143.50    12.949	0.24234E+02
   1145.41    12.929	0.24694E+02
   1147.32    12.909	0.25154E+02
   1149.23    12.889	0.25612E+02
   1151.15    12.870	0.26070E+02
   1153.07    12.851	0.26528E+02
   1155.00    12.832	0.26986E+02
   1156.93    12.814	0.27444E+02
   1158.86    12.796	0.27901E+02
   1160.79    12.778	0.28358E+02
   1162.73    12.766	0.28680E+02
   1164.67    12.763	0.28774E+02
   1166.61    12.759	0.28866E+02
   1168.56    12.756	0.28955E+02
   1171.00    10.614	0.20824E+03
   1175.80    11.291	0.11159E+03
   1200.60    11.488	0.93077E+02
   1201.80    11.733	0.74266E+02
   1203.00    10.663	0.19901E+03
   1204.00     9.662	0.50010E+03
   1205.20     9.212	0.75728E+03
   1206.40     9.018	0.90499E+03
   1207.60     8.850	0.10568E+04
   1208.80     8.723	0.11882E+04
   1210.00     8.618	0.13087E+04
   1211.20     8.587	0.13463E+04
   1212.40     8.629	0.12955E+04
   1213.60     8.856	0.10505E+04
   1214.80     9.017	0.90615E+03
   1215.80     9.224	0.74857E+03
   1217.00     9.575	0.54195E+03
   1218.20    10.024	0.35847E+03
   1219.40    10.657	0.20003E+03
   1220.60    11.546	0.88187E+02
   1223.00    11.438	0.97478E+02
   1224.20    11.082	0.13530E+03
   1225.40    11.209	0.12030E+03
   1226.60    11.309	0.10975E+03
   1227.60    11.307	0.10993E+03
   1228.80    11.323	0.10833E+03
   1230.00    11.251	0.11578E+03
   1231.20    11.062	0.13776E+03
   1232.40    11.032	0.14166E+03
   1233.60    11.262	0.11464E+03
   1234.80    11.457	0.95720E+02
   1236.00    11.415	0.99560E+02
   1237.20    11.453	0.96093E+02
   1238.40    12.420	0.39428E+02
   1240.60    11.302	0.11042E+03
   1241.80    10.539	0.22313E+03
   1243.00    10.127	0.32609E+03
   1244.20     9.957	0.38133E+03
   1245.40     9.800	0.44049E+03
   1246.60     9.625	0.51752E+03
   1247.80     9.477	0.59299E+03
   1249.00     9.224	0.74896E+03
   1250.20     9.031	0.89433E+03
   1251.20     8.975	0.94162E+03
   1252.40     8.921	0.99032E+03
   1253.60     8.888	0.10204E+04
   1254.80     8.962	0.95363E+03
   1256.00     8.981	0.93660E+03
   1257.20     8.757	0.11511E+04
   1258.40     8.568	0.13701E+04
   1259.60     8.574	0.13622E+04
   1260.80     8.580	0.13553E+04
   1262.00     8.128	0.20558E+04
   1263.00     7.827	0.27114E+04
   1264.20     7.591	0.33683E+04
   1265.40     7.462	0.37941E+04
   1266.60     7.378	0.41005E+04
   1267.80     7.449	0.38402E+04
   1269.00     7.513	0.36212E+04
   1270.20     7.535	0.35479E+04
   1271.40     7.556	0.34793E+04
   1272.60     7.358	0.41782E+04
   1273.60     7.212	0.47773E+04
   1274.80     7.067	0.54577E+04
   1276.00     6.895	0.63967E+04
   1277.20     6.748	0.73245E+04
   1278.40     6.683	0.77751E+04
   1279.60     6.612	0.82998E+04
   1280.80     6.652	0.80025E+04
   1282.00     6.693	0.77049E+04
   1283.20     6.705	0.76180E+04
   1284.40     6.712	0.75750E+04
   1285.40     6.707	0.76056E+04
   1286.60     6.588	0.84857E+04
   1287.80     6.477	0.94020E+04
   1289.00     6.433	0.97931E+04
   1290.20     6.391	0.10180E+05
   1291.40     6.387	0.10214E+05
   1292.60     6.347	0.10593E+05
   1293.80     6.376	0.10317E+05
   1295.00     6.414	0.99657E+04
   1296.20     6.459	0.95572E+04
   1297.20     6.573	0.86040E+04
   1298.40     6.695	0.76937E+04
   1299.60     6.816	0.68778E+04
   1300.80     6.954	0.60589E+04
   1302.00     6.935	0.61654E+04
   1303.20     6.968	0.59808E+04
   1304.40     6.899	0.63733E+04
   1305.60     6.829	0.67998E+04
   1306.80     6.651	0.80130E+04
   1308.00     6.461	0.95376E+04
   1309.00     6.309	0.10980E+05
   1310.20     6.170	0.12477E+05
   1311.40     6.046	0.13988E+05
   1312.60     5.996	0.14643E+05
   1313.80     5.969	0.15011E+05
   1315.00     5.980	0.14858E+05
   1316.20     5.998	0.14609E+05
   1317.40     6.000	0.14585E+05
   1318.60     5.989	0.14734E+05
   1319.80     5.987	0.14764E+05
   1320.80     5.985	0.14794E+05
   1322.00     5.982	0.14826E+05
   1323.20     5.993	0.14684E+05
   1324.40     5.991	0.14716E+05
   1325.60     5.988	0.14750E+05
   1326.80     5.986	0.14784E+05
   1328.00     5.996	0.14637E+05
   1329.20     6.077	0.13591E+05
   1330.40     6.164	0.12539E+05
   1331.60     6.063	0.13765E+05
   1332.60     5.947	0.15314E+05
   1333.80     5.834	0.17000E+05
   1335.00     5.725	0.18794E+05
   1336.20     5.673	0.19717E+05
   1337.40     5.643	0.20261E+05
   1338.60     5.672	0.19732E+05
   1339.80     5.663	0.19900E+05
   1341.00     5.653	0.20074E+05
   1342.20     5.670	0.19770E+05
   1343.40     5.689	0.19425E+05
   1344.40     5.717	0.18923E+05
   1345.60     5.747	0.18409E+05
   1346.80     5.782	0.17830E+05
   1348.00     5.810	0.17382E+05
   1349.20     5.827	0.17114E+05
   1350.40     5.833	0.17010E+05
   1351.60     5.840	0.16906E+05
   1352.80     5.821	0.17204E+05
   1354.00     5.817	0.17266E+05
   1355.20     5.794	0.17633E+05
   1356.20     5.766	0.18096E+05
   1357.40     5.770	0.18027E+05
   1358.60     5.789	0.17710E+05
   1359.80     5.808	0.17403E+05
   1361.00     5.817	0.17273E+05
   1362.20     5.825	0.17142E+05
   1363.40     5.836	0.16965E+05
   1364.60     5.844	0.16840E+05
   1365.80     5.823	0.17171E+05
   1366.80     5.784	0.17792E+05
   1368.00     5.767	0.18077E+05
   1369.20     5.746	0.18428E+05
   1370.40     5.718	0.18921E+05
   1371.60     5.683	0.19538E+05
   1372.80     5.671	0.19756E+05
   1374.00     5.677	0.19640E+05
   1375.20     5.684	0.19524E+05
   1376.40     5.692	0.19376E+05
   1377.60     5.687	0.19467E+05
   1378.60     5.687	0.19472E+05
   1379.80     5.679	0.19611E+05
   1381.00     5.670	0.19769E+05
   1382.20     5.661	0.19943E+05
   1383.40     5.658	0.19997E+05
   1384.60     5.651	0.20116E+05
   1385.80     5.644	0.20241E+05
   1387.00     5.640	0.20320E+05
   1388.20     5.610	0.20900E+05
   1389.40     5.615	0.20801E+05
   1390.40     5.631	0.20497E+05
   1391.60     5.646	0.20216E+05
   1392.80     5.689	0.19430E+05
   1394.00     5.694	0.19342E+05
   1395.20     5.683	0.19537E+05
   1396.40     5.672	0.19734E+05
   1397.60     5.634	0.20439E+05
   1398.80     5.600	0.21095E+05
   1400.00     5.566	0.21766E+05
   1401.20     5.531	0.22463E+05
   1402.20     5.521	0.22684E+05
   1403.40     5.561	0.21848E+05
   1404.60     5.579	0.21492E+05
   1405.80     5.590	0.21272E+05
   1407.00     5.602	0.21052E+05
   1408.20     5.598	0.21117E+05
   1409.40     5.585	0.21380E+05
   1410.60     5.571	0.21663E+05
   1411.80     5.556	0.21966E+05
   1413.00     5.501	0.23106E+05
   1414.00     5.491	0.23306E+05
   1415.20     5.481	0.23527E+05
   1416.40     5.469	0.23795E+05
   1417.60     5.494	0.23248E+05
   1418.80     5.474	0.23683E+05
   1420.00     5.447	0.24286E+05
   1421.20     5.421	0.24862E+05
   1422.40     5.399	0.25364E+05
   1423.60     5.373	0.25996E+05
   1424.80     5.405	0.25244E+05
   1425.80     5.444	0.24338E+05
   1427.00     5.507	0.22982E+05
   1428.20     5.589	0.21293E+05
   1429.40     5.622	0.20658E+05
   1430.60     5.588	0.21328E+05
   1431.80     5.547	0.22132E+05
   1433.00     5.494	0.23248E+05
   1434.20     5.448	0.24259E+05
   1435.40     5.410	0.25117E+05
   1436.60     5.381	0.25799E+05
   1437.60     5.371	0.26048E+05
   1438.80     5.363	0.26228E+05
   1440.00     5.336	0.26889E+05
   1441.20     5.309	0.27565E+05
   1442.40     5.293	0.27984E+05
   1443.60     5.295	0.27934E+05
   1444.80     5.285	0.28175E+05
   1446.00     5.248	0.29167E+05
   1447.20     5.215	0.30075E+05
   1448.40     5.201	0.30448E+05
   1449.40     5.198	0.30533E+05
   1450.60     5.191	0.30722E+05
   1451.80     5.185	0.30913E+05
   1453.00     5.190	0.30749E+05
   1454.20     5.203	0.30383E+05
   1455.40     5.212	0.30151E+05
   1456.60     5.192	0.30698E+05
   1457.80     5.188	0.30816E+05
   1459.00     5.209	0.30225E+05
   1460.00     5.232	0.29594E+05
   1461.20     5.264	0.28736E+05
   1462.40     5.297	0.27867E+05
   1463.60     5.314	0.27445E+05
   1464.80     5.285	0.28187E+05
   1466.00     5.263	0.28766E+05
   1467.20     5.274	0.28480E+05
   1468.40     5.307	0.27620E+05
   1469.60     5.320	0.27280E+05
   1470.80     5.334	0.26935E+05
   1471.80     5.312	0.27487E+05
   1473.00     5.266	0.28674E+05
   1474.20     5.251	0.29092E+05
   1475.40     5.267	0.28653E+05
   1476.60     5.277	0.28400E+05
   1477.80     5.269	0.28605E+05
   1479.00     5.245	0.29240E+05
   1480.20     5.229	0.29671E+05
   1481.40     5.214	0.30101E+05
   1482.60     5.138	0.32279E+05
   1483.60     5.067	0.34448E+05
   1484.80     5.021	0.35931E+05
   1486.00     5.049	0.35020E+05
   1487.20     5.078	0.34105E+05
   1488.40     5.091	0.33686E+05
   1489.60     5.115	0.32957E+05
   1490.80     5.062	0.34597E+05
   1492.00     5.011	0.36267E+05
   1493.20     4.972	0.37598E+05
   1494.40     4.948	0.38455E+05
   1495.40     4.926	0.39210E+05
   1496.60     4.937	0.38819E+05
   1497.80     4.949	0.38403E+05
   1499.00     4.952	0.38288E+05
   1500.20     4.956	0.38158E+05
   1501.40     4.997	0.36754E+05
   1502.60     5.044	0.35186E+05
   1503.80     5.079	0.34079E+05
   1505.00     5.112	0.33042E+05
   1506.20     5.144	0.32094E+05
   1507.20     5.141	0.32172E+05
   1508.40     5.113	0.33026E+05
   1509.60     5.109	0.33147E+05
   1510.80     5.105	0.33259E+05
   1512.00     5.065	0.34506E+05
   1513.20     5.031	0.35606E+05
   1514.40     4.999	0.36685E+05
   1515.60     4.970	0.37684E+05
   1516.80     4.976	0.37472E+05
   1518.00     5.003	0.36531E+05
   1519.00     5.020	0.35975E+05
   1520.20     5.072	0.34307E+05
   1521.40     5.130	0.32496E+05
   1522.60     5.119	0.32835E+05
   1523.80     5.116	0.32930E+05
   1525.00     5.101	0.33389E+05
   1526.20     5.084	0.33907E+05
   1527.40     5.095	0.33577E+05
   1528.60     5.160	0.31628E+05
   1529.80     5.188	0.30819E+05
   1530.80     5.160	0.31620E+05
   1532.00     5.128	0.32574E+05
   1533.20     5.059	0.34715E+05
   1534.40     4.991	0.36961E+05
   1535.60     4.966	0.37794E+05
   1536.80     4.962	0.37955E+05
   1538.00     4.950	0.38380E+05
   1539.20     4.959	0.38057E+05
   1540.40     4.968	0.37731E+05
   1541.40     4.959	0.38047E+05
   1542.60     4.964	0.37875E+05
   1543.80     4.949	0.38402E+05
   1545.00     4.933	0.38986E+05
   1546.20     4.941	0.38673E+05
   1547.40     4.961	0.37967E+05
   1548.60     4.980	0.37337E+05
   1549.80     4.974	0.37529E+05
   1551.00     4.968	0.37725E+05
   1552.20     4.982	0.37268E+05
   1553.20     5.005	0.36482E+05
   1554.40     5.044	0.35181E+05
   1555.60     5.093	0.33647E+05
   1556.80     5.094	0.33604E+05
   1558.00     5.030	0.35637E+05
   1559.20     4.996	0.36780E+05
   1560.40     4.948	0.38457E+05
   1561.60     4.901	0.40131E+05
   1562.80     4.931	0.39052E+05
   1564.00     4.936	0.38867E+05
   1565.00     4.946	0.38522E+05
   1566.20     4.957	0.38128E+05
   1567.40     4.983	0.37236E+05
   1568.60     5.040	0.35307E+05
   1569.80     5.032	0.35576E+05
   1571.00     4.982	0.37260E+05
   1572.20     4.934	0.38942E+05
   1573.40     4.875	0.41133E+05
   1574.60     4.824	0.43101E+05
   1575.80     4.803	0.43950E+05
   1576.80     4.800	0.44055E+05
   1578.00     4.775	0.45101E+05
   1579.20     4.765	0.45500E+05
   1580.40     4.778	0.44954E+05
   1581.60     4.812	0.43584E+05
   1582.80     4.852	0.41987E+05
   1584.00     4.836	0.42631E+05
   1585.20     4.819	0.43276E+05
   1586.40     4.817	0.43381E+05
   1587.60     4.804	0.43905E+05
   1588.60     4.819	0.43297E+05
   1589.80     4.841	0.42442E+05
   1591.00     4.845	0.42277E+05
   1592.20     4.820	0.43237E+05
   1593.40     4.790	0.44460E+05
   1594.60     4.776	0.45027E+05
   1595.80     4.763	0.45591E+05
   1597.00     4.770	0.45282E+05
   1598.20     4.787	0.44572E+05
   1599.40     4.800	0.44071E+05
   1600.40     4.802	0.43972E+05
   1601.60     4.806	0.43817E+05
   1602.80     4.808	0.43723E+05
   1604.00     4.810	0.43671E+05
   1605.20     4.802	0.43983E+05
   1606.40     4.794	0.44288E+05
   1607.60     4.802	0.43991E+05
   1608.80     4.814	0.43483E+05
   1610.00     4.811	0.43613E+05
   1611.20     4.788	0.44542E+05
   1612.20     4.775	0.45076E+05
   1613.40     4.800	0.44073E+05
   1614.60     4.800	0.44044E+05
   1615.80     4.804	0.43913E+05
   1617.00     4.807	0.43782E+05
   1618.20     4.800	0.44065E+05
   1619.40     4.793	0.44338E+05
   1620.60     4.794	0.44310E+05
   1621.80     4.803	0.43928E+05
   1623.00     4.817	0.43383E+05
   1624.00     4.833	0.42740E+05
   1625.20     4.845	0.42258E+05
   1626.40     4.844	0.42309E+05
   1627.60     4.820	0.43247E+05
   1628.80     4.810	0.43640E+05
   1630.00     4.793	0.44358E+05
   1631.20     4.778	0.44938E+05
   1632.40     4.772	0.45198E+05
   1633.60     4.746	0.46297E+05
   1634.60     4.748	0.46228E+05
   1635.80     4.750	0.46148E+05
   1637.00     4.753	0.46011E+05
   1638.20     4.800	0.44073E+05
   1639.40     4.793	0.44325E+05
   1640.60     4.770	0.45277E+05
   1641.80     4.753	0.45986E+05
   1643.00     4.766	0.45439E+05
   1644.20     4.764	0.45521E+05
   1645.40     4.769	0.45315E+05
   1646.40     4.784	0.44721E+05
   1647.60     4.777	0.45001E+05
   1648.80     4.818	0.43317E+05
   1650.00     4.810	0.43656E+05
   1651.20     4.802	0.43991E+05
   1652.40     4.797	0.44195E+05
   1653.60     4.780	0.44888E+05
   1654.80     4.781	0.44831E+05
   1656.00     4.782	0.44774E+05
   1657.20     4.784	0.44718E+05
   1658.20     4.799	0.44091E+05
   1659.40     4.801	0.44034E+05
   1660.60     4.802	0.43974E+05
   1661.80     4.804	0.43913E+05
   1663.00     4.823	0.43132E+05
   1664.20     4.819	0.43282E+05
   1665.40     4.824	0.43087E+05
   1666.60     4.881	0.40886E+05
   1667.80     4.918	0.39508E+05
   1669.00     4.890	0.40536E+05
   1670.00     4.862	0.41627E+05
   1671.20     4.811	0.43602E+05
   1672.40     4.763	0.45571E+05
   1673.60     4.757	0.45844E+05
   1674.80     4.736	0.46733E+05
   1676.00     4.717	0.47573E+05
   1677.20     4.703	0.48153E+05
   1678.40     4.667	0.49787E+05
   1679.60     4.672	0.49567E+05
   1680.80     4.677	0.49345E+05
   1681.80     4.681	0.49137E+05
   1683.00     4.689	0.48800E+05
   1684.20     4.690	0.48737E+05
   1685.40     4.681	0.49156E+05
   1686.60     4.672	0.49565E+05
   1687.80     4.676	0.49378E+05
   1689.00     4.685	0.48962E+05
   1690.20     4.691	0.48717E+05
   1691.40     4.696	0.48473E+05
   1692.60     4.711	0.47831E+05
   1693.60     4.706	0.48050E+05
   1694.80     4.701	0.48262E+05
   1696.00     4.703	0.48174E+05
   1697.20     4.705	0.48088E+05
   1698.40     4.691	0.48701E+05
   1699.60     4.687	0.48880E+05
   1700.80     4.694	0.48565E+05
   1702.00     4.701	0.48242E+05
   1703.20     4.681	0.49144E+05
   1704.40     4.680	0.49219E+05
   1705.40     4.678	0.49296E+05
   1706.60     4.671	0.49593E+05
   1707.80     4.663	0.49965E+05
   1709.00     4.666	0.49850E+05
   1710.20     4.668	0.49739E+05
   1711.40     4.644	0.50857E+05
   1712.60     4.613	0.52339E+05
   1713.80     4.618	0.52095E+05
   1715.00     4.630	0.51511E+05
   1716.20     4.650	0.50578E+05
   1717.20     4.673	0.49528E+05
   1718.40     4.703	0.48154E+05
   1719.60     4.707	0.47992E+05
   1720.80     4.708	0.47946E+05
   1722.00     4.693	0.48637E+05
   1723.20     4.696	0.48490E+05
   1724.40     4.677	0.49336E+05
   1725.60     4.658	0.50188E+05
   1726.80     4.654	0.50416E+05
   1727.80     4.670	0.49643E+05
   1729.00     4.669	0.49693E+05
   1730.20     4.669	0.49720E+05
   1731.40     4.668	0.49744E+05
   1732.60     4.627	0.51645E+05
   1733.80     4.615	0.52255E+05
   1735.00     4.609	0.52542E+05
   1736.20     4.604	0.52769E+05
   1737.40     4.605	0.52726E+05
   1738.60     4.610	0.52485E+05
   1739.60     4.614	0.52268E+05
   1740.80     4.621	0.51944E+05
   1742.00     4.628	0.51609E+05
   1743.20     4.622	0.51909E+05
   1744.40     4.605	0.52699E+05
   1745.60     4.588	0.53566E+05
   1746.80     4.570	0.54466E+05
   1748.00     4.543	0.55827E+05
   1749.20     4.528	0.56596E+05
   1750.40     4.513	0.57364E+05
   1751.40     4.504	0.57886E+05
   1752.60     4.482	0.59039E+05
   1753.80     4.493	0.58475E+05
   1755.00     4.510	0.57520E+05
   1756.20     4.540	0.55974E+05
   1757.40     4.576	0.54163E+05
   1758.60     4.600	0.52979E+05
   1759.80     4.611	0.52408E+05
   1761.00     4.623	0.51845E+05
   1762.20     4.614	0.52269E+05
   1763.20     4.631	0.51481E+05
   1764.40     4.615	0.52223E+05
   1765.60     4.600	0.52989E+05
   1766.80     4.586	0.53670E+05
   1768.00     4.548	0.55581E+05
   1769.20     4.535	0.56214E+05
   1770.40     4.524	0.56832E+05
   1771.60     4.512	0.57450E+05
   1772.80     4.509	0.57588E+05
   1774.00     4.495	0.58368E+05
   1775.00     4.485	0.58883E+05
   1776.20     4.477	0.59343E+05
   1777.40     4.475	0.59440E+05
   1778.60     4.471	0.59664E+05
   1779.80     4.466	0.59911E+05
   1781.00     4.454	0.60593E+05
   1782.20     4.448	0.60910E+05
   1783.40     4.445	0.61121E+05
   1784.60     4.446	0.61041E+05
   1785.80     4.447	0.60966E+05
   1786.80     4.449	0.60879E+05
   1788.00     4.459	0.60287E+05
   1789.20     4.461	0.60213E+05
   1790.40     4.462	0.60147E+05
   1791.60     4.463	0.60094E+05
   1792.80     4.464	0.60040E+05
   1794.00     4.448	0.60899E+05
   1795.20     4.433	0.61759E+05
   1796.40     4.427	0.62133E+05
   1797.60     4.415	0.62795E+05
   1798.60     4.423	0.62360E+05
   1799.80     4.436	0.61588E+05
   1801.00     4.450	0.60823E+05
   1802.20     4.464	0.60055E+05
   1803.40     4.455	0.60525E+05
   1804.60     4.455	0.60549E+05
   1805.80     4.454	0.60585E+05
   1807.00     4.439	0.61432E+05
   1808.20     4.406	0.63320E+05
   1809.40     4.393	0.64101E+05
   1810.40     4.393	0.64117E+05
   1811.60     4.397	0.63827E+05
   1812.80     4.426	0.62171E+05
   1814.00     4.436	0.61611E+05
   1815.20     4.438	0.61485E+05
   1816.40     4.440	0.61369E+05
   1817.60     4.441	0.61339E+05
   1818.80     4.432	0.61838E+05
   1820.00     4.428	0.62043E+05
   1821.00     4.431	0.61870E+05
   1822.20     4.437	0.61541E+05
   1823.40     4.457	0.60443E+05
   1824.60     4.466	0.59907E+05
   1825.80     4.473	0.59544E+05
   1827.00     4.480	0.59182E+05
   1828.20     4.490	0.58599E+05
   1829.40     4.497	0.58230E+05
   1830.60     4.500	0.58081E+05
   1831.80     4.498	0.58192E+05
   1832.80     4.483	0.59017E+05
   1834.00     4.495	0.58355E+05
   1835.20     4.509	0.57601E+05
   1836.40     4.530	0.56519E+05
   1837.60     4.535	0.56237E+05
   1838.80     4.543	0.55803E+05
   1840.00     4.539	0.56029E+05
   1841.20     4.535	0.56252E+05
   1842.40     4.531	0.56434E+05
   1843.60     4.540	0.55992E+05
   1844.60     4.529	0.56543E+05
   1845.80     4.520	0.57026E+05
   1847.00     4.516	0.57245E+05
   1848.20     4.491	0.58537E+05
   1849.40     4.493	0.58433E+05
   1850.60     4.495	0.58337E+05
   1851.80     4.496	0.58316E+05
   1853.00     4.511	0.57472E+05
   1854.20     4.508	0.57642E+05
   1855.40     4.503	0.57905E+05
   1856.40     4.498	0.58167E+05
   1857.60     4.507	0.57681E+05
   1858.80     4.501	0.58010E+05
   1860.00     4.496	0.58289E+05
   1861.20     4.491	0.58568E+05
   1862.40     4.486	0.58844E+05
   1863.60     4.485	0.58865E+05
   1864.80     4.479	0.59188E+05
   1866.00     4.466	0.59899E+05
   1867.20     4.454	0.60588E+05
   1868.20     4.432	0.61820E+05
   1869.40     4.425	0.62215E+05
   1870.60     4.434	0.61730E+05
   1871.80     4.442	0.61248E+05
   1873.00     4.447	0.60976E+05
   1874.20     4.443	0.61193E+05
   1875.40     4.440	0.61400E+05
   1876.60     4.437	0.61543E+05
   1877.80     4.414	0.62836E+05
   1879.00     4.412	0.62961E+05
   1880.00     4.410	0.63072E+05
   1881.20     4.412	0.62969E+05
   1882.40     4.414	0.62837E+05
   1883.60     4.417	0.62661E+05
   1884.80     4.420	0.62516E+05
   1886.00     4.423	0.62348E+05
   1887.20     4.427	0.62098E+05
   1888.40     4.434	0.61721E+05
   1889.60     4.435	0.61651E+05
   1890.80     4.436	0.61598E+05
   1891.80     4.446	0.61047E+05
   1893.00     4.476	0.59354E+05
   1894.20     4.484	0.58923E+05
   1895.40     4.482	0.59043E+05
   1896.60     4.480	0.59158E+05
   1897.80     4.475	0.59430E+05
   1899.00     4.474	0.59466E+05
   1900.20     4.474	0.59487E+05
   1901.40     4.473	0.59514E+05
   1902.40     4.480	0.59140E+05
   1903.60     4.480	0.59137E+05
   1904.80     4.487	0.58757E+05
   1906.00     4.488	0.58697E+05
   1907.20     4.489	0.58646E+05
   1908.40     4.482	0.59030E+05
   1909.60     4.473	0.59519E+05
   1910.80     4.468	0.59790E+05
   1912.00     4.464	0.60059E+05
   1913.20     4.448	0.60905E+05
   1914.20     4.437	0.61535E+05
   1915.40     4.427	0.62138E+05
   1916.60     4.425	0.62205E+05
   1917.80     4.425	0.62256E+05
   1919.00     4.423	0.62323E+05
   1920.20     4.422	0.62393E+05
   1921.40     4.421	0.62469E+05
   1922.60     4.419	0.62553E+05
   1923.80     4.418	0.62629E+05
   1925.00     4.417	0.62705E+05
   1926.00     4.416	0.62768E+05
   1927.20     4.414	0.62844E+05
   1928.40     4.414	0.62862E+05
   1929.60     4.413	0.62938E+05
   1930.80     4.411	0.63010E+05
   1932.00     4.402	0.63555E+05
   1933.20     4.419	0.62588E+05
   1934.40     4.410	0.63122E+05
   1935.60     4.401	0.63644E+05
   1936.80     4.394	0.64007E+05
   1937.80     4.384	0.64653E+05
   1939.00     4.378	0.64972E+05
   1940.20     4.377	0.65020E+05
   1941.40     4.377	0.65029E+05
   1942.60     4.385	0.64577E+05
   1943.80     4.390	0.64250E+05
   1945.00     4.394	0.64055E+05
   1946.20     4.396	0.63933E+05
   1947.40     4.399	0.63719E+05
   1948.60     4.399	0.63725E+05
   1949.60     4.404	0.63440E+05
   1950.80     4.396	0.63910E+05
   1952.00     4.387	0.64458E+05
   1953.20     4.372	0.65365E+05
   1954.40     4.366	0.65715E+05
   1955.60     4.358	0.66214E+05
   1956.80     4.348	0.66790E+05
   1958.00     4.369	0.65525E+05
   1959.20     4.370	0.65487E+05
   1960.40     4.370	0.65451E+05
   1961.40     4.370	0.65464E+05
   1962.60     4.387	0.64436E+05
   1963.80     4.385	0.64562E+05
   1965.00     4.382	0.64717E+05
   1966.20     4.381	0.64828E+05
   1967.40     4.379	0.64917E+05
   1968.60     4.408	0.63214E+05
   1969.80     4.410	0.63105E+05
   1970.20     4.377	0.65018E+05
   1972.00     4.357	0.66229E+05
   1973.80     4.382	0.64718E+05
   1975.80     4.408	0.63241E+05
   1977.60     4.404	0.63432E+05
   1979.40     4.365	0.65780E+05
   1981.40     4.395	0.63967E+05
   1983.20     4.406	0.63330E+05
   1985.00     4.367	0.65663E+05
   1987.00     4.362	0.65966E+05
   1988.80     4.373	0.65276E+05
   1990.60     4.410	0.63116E+05
   1992.60     4.407	0.63299E+05
   1994.40     4.416	0.62754E+05
   1996.20     4.393	0.64099E+05
   1998.20     4.357	0.66227E+05
   2000.00     4.348	0.66798E+05
   2001.80     4.290	0.70472E+05
   2003.80     4.305	0.69525E+05
   2005.60     4.403	0.63520E+05
   2007.40     4.469	0.59745E+05
   2009.40     4.405	0.63395E+05
   2011.20     4.341	0.67217E+05
   2013.20     4.388	0.64382E+05
   2015.00     4.416	0.62759E+05
   2016.80     4.414	0.62882E+05
   2018.80     4.368	0.65561E+05
   2020.60     4.394	0.64037E+05
   2022.40     4.437	0.61572E+05
   2024.40     4.425	0.62252E+05
   2026.20     4.438	0.61494E+05
   2028.00     4.469	0.59765E+05
   2030.00     4.431	0.61898E+05
   2031.80     4.408	0.63232E+05
   2033.60     4.452	0.60702E+05
   2035.60     4.433	0.61771E+05
   2037.40     4.412	0.62954E+05
   2039.20     4.385	0.64580E+05
   2041.20     4.404	0.63433E+05
   2043.00     4.415	0.62786E+05
   2044.80     4.382	0.64728E+05
   2046.80     4.349	0.66756E+05
   2048.60     4.368	0.65612E+05
   2050.40     4.407	0.63292E+05
   2052.40     4.397	0.63831E+05
   2054.20     4.385	0.64580E+05
   2056.00     4.377	0.65043E+05
   2058.00     4.376	0.65132E+05
   2059.80     4.358	0.66187E+05
   2061.80     4.376	0.65082E+05
   2063.60     4.385	0.64583E+05
   2065.40     4.387	0.64456E+05
   2067.40     4.377	0.65069E+05
   2069.20     4.394	0.64026E+05
   2071.00     4.404	0.63428E+05
   2073.00     4.431	0.61891E+05
   2074.80     4.419	0.62594E+05
   2076.60     4.360	0.66041E+05
   2078.60     4.287	0.70685E+05
   2080.40     4.296	0.70057E+05
   2082.20     4.340	0.67277E+05
   2084.20     4.363	0.65874E+05
   2086.00     4.320	0.68536E+05
   2087.80     4.266	0.72023E+05
   2089.80     4.263	0.72259E+05
   2091.60     4.304	0.69568E+05
   2093.40     4.327	0.68138E+05
   2095.40     4.320	0.68563E+05
   2097.20     4.314	0.68944E+05
   2099.00     4.355	0.66344E+05
   2101.00     4.373	0.65283E+05
   2102.80     4.325	0.68241E+05
   2104.80     4.293	0.70267E+05
   2106.60     4.344	0.67073E+05
   2108.40     4.409	0.63168E+05
   2110.40     4.365	0.65772E+05
   2112.20     4.311	0.69106E+05
   2114.00     4.357	0.66226E+05
   2116.00     4.382	0.64753E+05
   2117.80     4.371	0.65421E+05
   2119.60     4.329	0.67981E+05
   2121.60     4.341	0.67263E+05
   2123.40     4.346	0.66903E+05
   2125.20     4.292	0.70334E+05
   2127.20     4.250	0.73097E+05
   2129.00     4.268	0.71913E+05
   2130.80     4.261	0.72353E+05
   2132.80     4.293	0.70274E+05
   2134.60     4.375	0.65136E+05
   2136.40     4.399	0.63718E+05
   2138.40     4.446	0.61024E+05
   2140.20     4.555	0.55187E+05
   2142.00     4.482	0.59042E+05
   2144.00     4.408	0.63227E+05
   2145.80     4.388	0.64382E+05
   2147.60     4.371	0.65422E+05
   2149.60     4.374	0.65236E+05
   2151.40     4.358	0.66199E+05
   2153.40     4.315	0.68858E+05
   2155.20     4.291	0.70425E+05
   2157.00     4.353	0.66488E+05
   2159.00     4.375	0.65135E+05
   2160.80     4.334	0.67667E+05
   2162.60     4.316	0.68790E+05
   2164.60     4.334	0.67667E+05
   2166.40     4.352	0.66563E+05
   2168.20     4.375	0.65146E+05
   2170.20     4.433	0.61782E+05
   2172.00     4.493	0.58464E+05
   2173.80     4.482	0.59049E+05
   2175.80     4.440	0.61354E+05
   2177.60     4.379	0.64941E+05
   2179.40     4.378	0.64959E+05
   2181.40     4.389	0.64357E+05
   2183.20     4.448	0.60929E+05
   2185.00     4.440	0.61376E+05
   2187.00     4.368	0.65590E+05
   2188.80     4.314	0.68932E+05
   2190.60     4.327	0.68079E+05
   2192.60     4.365	0.65778E+05
   2194.40     4.361	0.66002E+05
   2196.20     4.335	0.67606E+05
   2198.20     4.316	0.68816E+05
   2200.00     4.328	0.68074E+05
   2202.00     4.383	0.64699E+05
   2203.80     4.389	0.64347E+05
   2205.60     4.366	0.65696E+05
   2207.60     4.297	0.70035E+05
   2209.40     4.277	0.71336E+05
   2211.20     4.362	0.65956E+05
   2213.20     4.459	0.60324E+05
   2215.00     4.446	0.61026E+05
   2216.80     4.447	0.60992E+05
   2218.80     4.483	0.58993E+05
   2220.60     4.457	0.60418E+05
   2222.40     4.428	0.62052E+05
   2224.40     4.471	0.59665E+05
   2226.20     4.456	0.60475E+05
   2228.00     4.424	0.62288E+05
   2230.00     4.456	0.60468E+05
   2231.80     4.463	0.60069E+05
   2233.60     4.420	0.62508E+05
   2235.60     4.371	0.65384E+05
   2237.40     4.384	0.64649E+05
   2239.20     4.352	0.66558E+05
   2241.20     4.349	0.66732E+05
   2243.00     4.346	0.66902E+05
   2245.00     4.379	0.64936E+05
   2246.80     4.444	0.61169E+05
   2248.60     4.454	0.60579E+05
   2250.60     4.420	0.62530E+05
   2252.40     4.433	0.61786E+05
   2254.20     4.363	0.65872E+05
   2256.20     4.443	0.61220E+05
   2258.00     4.438	0.61503E+05
   2259.80     4.419	0.62589E+05
   2261.80     4.418	0.62622E+05
   2263.60     4.508	0.57660E+05
   2265.40     4.533	0.56343E+05
   2267.40     4.533	0.56321E+05
   2269.20     4.471	0.59632E+05
   2271.00     4.426	0.62200E+05
   2273.00     4.343	0.67100E+05
   2274.80     4.326	0.68194E+05
   2276.60     4.287	0.70683E+05
   2278.60     4.304	0.69570E+05
   2280.40     4.345	0.66966E+05
   2282.20     4.387	0.64427E+05
   2284.20     4.380	0.64878E+05
   2286.00     4.297	0.70023E+05
   2287.80     4.283	0.70915E+05
   2289.80     4.311	0.69097E+05
   2291.60     4.348	0.66774E+05
   2293.60     4.262	0.72333E+05
   2295.40     4.236	0.74093E+05
   2297.20     4.277	0.71298E+05
   2299.20     4.381	0.64806E+05
   2301.00     4.425	0.62213E+05
   2302.80     4.408	0.63240E+05
   2304.80     4.442	0.61273E+05
   2306.60     4.395	0.63998E+05
   2308.40     4.323	0.68368E+05
   2310.40     4.338	0.67403E+05
   2312.20     4.343	0.67130E+05
   2314.00     4.328	0.68031E+05
   2316.00     4.348	0.66827E+05
   2317.80     4.373	0.65300E+05
   2319.60     4.376	0.65096E+05
   2321.60     4.375	0.65180E+05
   2323.40     4.367	0.65632E+05
   2325.20     4.346	0.66924E+05
   2327.20     4.392	0.64168E+05
   2329.00     4.442	0.61269E+05
   2330.80     4.380	0.64846E+05
   2332.80     4.395	0.63958E+05
   2334.60     4.382	0.64752E+05
   2336.40     4.365	0.65772E+05
   2338.40     4.416	0.62739E+05
   2340.20     4.434	0.61727E+05
   2342.20     4.421	0.62445E+05
   2344.00     4.377	0.65025E+05
   2345.80     4.448	0.60929E+05
   2347.80     4.387	0.64424E+05
   2349.60     4.409	0.63164E+05
   2351.40     4.439	0.61453E+05
   2353.40     4.405	0.63406E+05
   2355.20     4.401	0.63613E+05
   2357.00     4.377	0.65030E+05
   2359.00     4.367	0.65624E+05
   2360.80     4.334	0.67645E+05
   2362.60     4.411	0.63059E+05
   2364.60     4.465	0.59980E+05
   2366.40     4.421	0.62446E+05
   2368.20     4.387	0.64467E+05
   2370.20     4.395	0.63951E+05
   2372.00     4.390	0.64293E+05
   2373.80     4.415	0.62821E+05
   2375.80     4.437	0.61572E+05
   2377.60     4.443	0.61187E+05
   2379.40     4.431	0.61896E+05
   2381.40     4.440	0.61404E+05
   2383.20     4.493	0.58428E+05
   2385.20     4.526	0.56718E+05
   2387.00     4.504	0.57870E+05
   2388.80     4.501	0.58020E+05
   2390.80     4.533	0.56314E+05
   2392.60     4.535	0.56243E+05
   2394.40     4.500	0.58067E+05
   2396.40     4.503	0.57932E+05
   2398.20     4.481	0.59089E+05
   2400.00     4.416	0.62767E+05
   2402.00     4.419	0.62571E+05
   2403.80     4.458	0.60343E+05
   2405.60     4.474	0.59472E+05
   2407.60     4.474	0.59497E+05
   2409.40     4.476	0.59365E+05
   2411.20     4.487	0.58754E+05
   2413.20     4.445	0.61073E+05
   2415.00     4.453	0.60657E+05
   2416.80     4.462	0.60140E+05
   2418.80     4.418	0.62644E+05
   2420.60     4.404	0.63474E+05
   2422.40     4.379	0.64919E+05
   2424.40     4.348	0.66774E+05
   2426.20     4.283	0.70915E+05
   2428.00     4.282	0.70960E+05
   2430.00     4.316	0.68785E+05
   2431.80     4.333	0.67743E+05
   2433.80     4.319	0.68581E+05
   2435.60     4.385	0.64549E+05
   2437.40     4.427	0.62118E+05
   2439.40     4.351	0.66621E+05
   2441.20     4.329	0.68006E+05
   2443.00     4.308	0.69303E+05
   2445.00     4.273	0.71570E+05
   2446.80     4.269	0.71860E+05
   2448.60     4.240	0.73791E+05
   2450.60     4.280	0.71095E+05
   2452.40     4.297	0.69990E+05
   2454.20     4.248	0.73227E+05
   2456.20     4.272	0.71669E+05
   2458.00     4.345	0.67016E+05
   2459.80     4.230	0.74494E+05
   2461.80     4.169	0.78786E+05
   2463.60     4.242	0.73631E+05
   2465.40     4.270	0.71755E+05
   2467.40     4.324	0.68328E+05
   2469.20     4.344	0.67042E+05
   2471.00     4.394	0.64060E+05
   2473.00     4.363	0.65915E+05
   2474.80     4.345	0.66999E+05
   2476.60     4.377	0.65029E+05
   2478.60     4.347	0.66890E+05
   2480.40     4.311	0.69125E+05
   2482.40     4.352	0.66544E+05
   2484.20     4.394	0.64060E+05
   2486.00     4.359	0.66132E+05
   2488.00     4.299	0.69863E+05
   2489.80     4.327	0.68091E+05
   2491.60     4.361	0.66032E+05
   2493.60     4.394	0.64005E+05
   2495.40     4.350	0.66659E+05
   2497.20     4.302	0.69703E+05
   2499.20     4.225	0.74805E+05
   2501.00     4.206	0.76114E+05
   2502.80     4.214	0.75584E+05
   2504.80     4.224	0.74874E+05
   2506.60     4.225	0.74842E+05
   2508.40     4.253	0.72881E+05
   2510.40     4.260	0.72471E+05
   2512.20     4.243	0.73578E+05
   2514.00     4.243	0.73558E+05
   2516.00     4.229	0.74524E+05
   2517.80     4.238	0.73934E+05
   2519.60     4.298	0.69961E+05
   2521.60     4.300	0.69792E+05
   2523.40     4.308	0.69306E+05
   2525.40     4.293	0.70283E+05
   2527.20     4.300	0.69828E+05
   2529.00     4.340	0.67311E+05
   2531.00     4.343	0.67092E+05
   2532.80     4.356	0.66327E+05
   2534.60     4.387	0.64446E+05
   2536.60     4.378	0.65010E+05
   2538.40     4.330	0.67914E+05
   2540.20     4.317	0.68751E+05
   2542.20     4.345	0.66968E+05
   2544.00     4.358	0.66165E+05
   2545.80     4.365	0.65772E+05
   2547.80     4.367	0.65629E+05
   2549.60     4.343	0.67108E+05
   2551.40     4.308	0.69307E+05
   2553.40     4.356	0.66287E+05
   2555.20     4.362	0.65963E+05
   2557.00     4.307	0.69343E+05
   2559.00     4.260	0.72451E+05
   2560.80     4.250	0.73144E+05
   2562.60     4.252	0.72997E+05
   2564.60     4.257	0.72673E+05
   2566.40     4.250	0.73090E+05
   2568.20     4.272	0.71645E+05
   2570.20     4.249	0.73170E+05
   2572.00     4.237	0.73985E+05
   2574.00     4.210	0.75849E+05
   2575.80     4.213	0.75627E+05
   2577.60     4.214	0.75573E+05
   2579.60     4.219	0.75211E+05
   2581.40     4.246	0.73391E+05
   2583.20     4.247	0.73308E+05
   2585.20     4.232	0.74314E+05
   2587.00     4.255	0.72784E+05
   2588.80     4.260	0.72447E+05
   2590.80     4.265	0.72129E+05
   2592.60     4.254	0.72872E+05
   2594.40     4.235	0.74137E+05
   2596.40     4.201	0.76519E+05
   2598.20     4.174	0.78380E+05
   2600.00     4.189	0.77320E+05
   2602.00     4.213	0.75663E+05
   2603.80     4.273	0.71605E+05
   2605.60     4.292	0.70359E+05
   2607.60     4.306	0.69453E+05
   2609.40     4.314	0.68931E+05
   2611.20     4.327	0.68139E+05
   2613.20     4.316	0.68810E+05
   2615.00     4.267	0.71978E+05
   2616.80     4.235	0.74127E+05
   2618.80     4.243	0.73577E+05
   2620.60     4.229	0.74533E+05
   2622.60     4.207	0.76098E+05
   2624.40     4.239	0.73826E+05
   2626.20     4.240	0.73823E+05
   2628.20     4.257	0.72616E+05
   2630.00     4.278	0.71281E+05
   2631.80     4.263	0.72233E+05
   2633.80     4.220	0.75131E+05
   2635.60     4.193	0.77081E+05
   2637.40     4.195	0.76908E+05
   2639.40     4.179	0.78086E+05
   2641.20     4.169	0.78807E+05
   2643.00     4.102	0.83812E+05
   2645.00     4.078	0.85664E+05
   2646.80     4.076	0.85815E+05
   2648.60     4.076	0.85788E+05
   2650.60     4.081	0.85463E+05
   2652.40     4.094	0.84388E+05
   2654.20     4.070	0.86265E+05
   2656.20     4.045	0.88327E+05
   2658.00     4.050	0.87930E+05
   2659.80     4.066	0.86583E+05
   2661.80     4.063	0.86871E+05
   2663.60     4.110	0.83147E+05
   2665.60     4.135	0.81246E+05
   2667.40     4.148	0.80306E+05
   2669.20     4.171	0.78662E+05
   2671.20     4.202	0.76409E+05
   2673.00     4.199	0.76606E+05
   2674.80     4.168	0.78820E+05
   2676.80     4.100	0.83921E+05
   2678.60     4.092	0.84550E+05
   2680.40     4.116	0.82749E+05
   2682.40     4.123	0.82168E+05
   2684.20     4.126	0.81922E+05
   2686.00     4.072	0.86165E+05
   2688.00     4.039	0.88795E+05
   2689.80     4.065	0.86724E+05
   2691.60     4.100	0.83936E+05
   2693.60     4.130	0.81672E+05
   2695.40     4.147	0.80372E+05
   2697.20     4.185	0.77591E+05
   2699.20     4.185	0.77649E+05
   2701.00     4.143	0.80671E+05
   2702.80     4.109	0.83224E+05
   2704.80     4.087	0.84992E+05
   2706.60     4.085	0.85127E+05
   2708.40     4.122	0.82253E+05
   2710.40     4.130	0.81655E+05
   2712.20     4.132	0.81542E+05
   2714.20     4.168	0.78853E+05
   2716.00     4.173	0.78516E+05
   2717.80     4.169	0.78798E+05
   2719.80     4.180	0.77998E+05
   2721.60     4.194	0.77018E+05
   2723.40     4.198	0.76672E+05
   2725.40     4.182	0.77853E+05
   2727.20     4.132	0.81502E+05
   2729.00     4.156	0.79755E+05
   2731.00     4.149	0.80237E+05
   2732.80     4.105	0.83557E+05
   2734.60     4.065	0.86731E+05
   2736.60     4.035	0.89089E+05
   2738.40     4.060	0.87125E+05
   2740.20     4.089	0.84822E+05
   2742.20     4.116	0.82687E+05
   2744.00     4.147	0.80402E+05
   2745.80     4.155	0.79820E+05
   2747.80     4.159	0.79507E+05
   2749.60     4.180	0.77999E+05
   2751.40     4.185	0.77611E+05
   2753.40     4.207	0.76038E+05
   2755.20     4.241	0.73720E+05
   2757.00     4.246	0.73353E+05
   2759.00     4.213	0.75658E+05
   2760.80     4.182	0.77843E+05
   2762.80     4.164	0.79165E+05
   2764.60     4.135	0.81282E+05
   2766.40     4.159	0.79510E+05
   2768.40     4.196	0.76813E+05
   2770.20     4.219	0.75198E+05
   2772.00     4.205	0.76192E+05
   2774.00     4.189	0.77357E+05
   2775.80     4.196	0.76862E+05
   2777.60     4.207	0.76094E+05
   2779.60     4.218	0.75325E+05
   2781.40     4.215	0.75521E+05
   2783.20     4.215	0.75539E+05
   2785.20     4.229	0.74533E+05
   2787.00     4.218	0.75315E+05
   2788.80     4.205	0.76239E+05
   2790.80     4.189	0.77309E+05
   2792.60     4.212	0.75688E+05
   2794.40     4.292	0.70345E+05
   2796.40     4.331	0.67884E+05
   2798.20     4.352	0.66538E+05
   2800.00     4.364	0.65808E+05
   2802.00     4.411	0.63061E+05
   2803.80     4.424	0.62310E+05
   2805.80     4.398	0.63794E+05
   2807.60     4.363	0.65890E+05
   2809.40     4.291	0.70401E+05
   2811.40     4.204	0.76309E+05
   2813.20     4.112	0.83026E+05
   2815.00     4.082	0.85369E+05
   2817.00     4.057	0.87336E+05
   2818.80     4.046	0.88201E+05
   2820.60     4.001	0.91954E+05
   2822.60     3.991	0.92774E+05
   2824.40     3.995	0.92497E+05
   2826.20     4.007	0.91490E+05
   2828.20     4.009	0.91324E+05
   2830.00     4.019	0.90488E+05
   2831.80     4.043	0.88480E+05
   2833.80     4.067	0.86566E+05
   2835.60     4.066	0.86607E+05
   2837.40     4.054	0.87599E+05
   2839.40     4.048	0.88049E+05
   2841.20     4.058	0.87287E+05
   2843.00     4.064	0.86792E+05
   2845.00     4.069	0.86411E+05
   2846.80     4.082	0.85384E+05
   2848.60     4.054	0.87596E+05
   2850.60     4.051	0.87846E+05
   2852.40     4.056	0.87445E+05
   2854.40     4.075	0.85924E+05
   2856.20     4.103	0.83725E+05
   2858.00     4.093	0.84511E+05
   2860.00     4.043	0.88491E+05
   2861.80     4.027	0.89745E+05
   2863.60     4.077	0.85770E+05
   2865.60     4.113	0.82942E+05
   2867.40     4.096	0.84288E+05
   2869.20     4.058	0.87226E+05
   2871.20     4.040	0.88737E+05
   2873.00     4.043	0.88484E+05
   2874.80     4.045	0.88270E+05
   2876.80     4.073	0.86022E+05
   2878.60     4.082	0.85384E+05
   2880.40     4.078	0.85691E+05
   2882.40     4.073	0.86082E+05
   2884.20     4.104	0.83666E+05
   2886.00     4.087	0.84933E+05
   2888.00     4.064	0.86795E+05
   2889.80     4.035	0.89148E+05
   2891.60     4.034	0.89244E+05
   2893.60     4.042	0.88589E+05
   2895.40     4.048	0.88045E+05
   2897.20     4.067	0.86506E+05
   2899.20     4.093	0.84487E+05
   2901.00     4.075	0.85915E+05
   2903.00     4.023	0.90097E+05
   2904.80     4.036	0.89051E+05
   2906.60     4.037	0.88927E+05
   2908.60     4.012	0.90992E+05
   2910.40     3.970	0.94657E+05
   2912.20     3.965	0.95020E+05
   2914.20     3.951	0.96269E+05
   2916.00     3.944	0.96908E+05
   2917.80     3.931	0.98066E+05
   2919.80     3.947	0.96681E+05
   2921.60     3.992	0.92731E+05
   2923.40     4.051	0.87784E+05
   2925.40     4.054	0.87599E+05
   2927.20     4.049	0.87986E+05
   2929.00     4.028	0.89701E+05
   2931.00     3.993	0.92669E+05
   2932.80     3.969	0.94701E+05
   2934.60     4.005	0.91622E+05
   2936.60     4.033	0.89256E+05
   2938.40     3.979	0.93847E+05
   2940.20     3.945	0.96836E+05
   2942.20     3.934	0.97798E+05
   2944.00     3.981	0.93634E+05
   2946.00     3.988	0.93085E+05
   2947.80     3.997	0.92291E+05
   2949.60     3.994	0.92570E+05
   2951.60     3.986	0.93245E+05
   2953.40     3.938	0.97432E+05
   2955.20     3.903	0.10069E+06
   2957.20     3.884	0.10241E+06
   2959.00     3.906	0.10033E+06
   2960.80     3.911	0.99871E+05
   2962.80     3.960	0.95476E+05
   2964.60     3.970	0.94642E+05
   2966.40     3.958	0.95650E+05
   2968.40     3.935	0.97717E+05
   2970.20     3.959	0.95606E+05
   2972.00     3.962	0.95301E+05
   2974.00     3.931	0.98128E+05
   2975.80     3.931	0.98130E+05
   2977.60     3.953	0.96154E+05
   2979.60     3.930	0.98214E+05
   2981.40     3.899	0.10098E+06
   2983.20     3.930	0.98194E+05
   2985.20     3.937	0.97528E+05
   2987.00     3.930	0.98174E+05
   2988.80     3.947	0.96624E+05
   2990.80     3.938	0.97435E+05
   2992.60     3.933	0.97866E+05
   2994.60     3.934	0.97780E+05
   2996.40     3.925	0.98662E+05
   2998.20     3.899	0.10101E+06
   3000.20     3.876	0.10317E+06
   3002.00     3.882	0.10261E+06
   3003.80     3.879	0.10285E+06
   3005.80     3.853	0.10536E+06
   3007.60     3.838	0.10685E+06
   3009.40     3.854	0.10526E+06
   3011.40     3.877	0.10307E+06
   3013.20     3.877	0.10305E+06
   3015.00     3.868	0.10396E+06
   3017.00     3.853	0.10541E+06
   3018.80     3.848	0.10589E+06
   3020.60     3.863	0.10442E+06
   3022.60     3.880	0.10281E+06
   3024.40     3.859	0.10481E+06
   3026.20     3.859	0.10480E+06
   3028.20     3.868	0.10398E+06
   3030.00     3.868	0.10398E+06
   3031.80     3.871	0.10363E+06
   3033.80     3.890	0.10188E+06
   3035.60     3.863	0.10440E+06
   3037.40     3.858	0.10494E+06
   3039.40     3.823	0.10833E+06
   3041.20     3.805	0.11014E+06
   3043.20     3.810	0.10960E+06
   3045.00     3.837	0.10697E+06
   3046.80     3.878	0.10297E+06
   3048.80     3.854	0.10530E+06
   3050.60     3.826	0.10808E+06
   3052.40     3.849	0.10581E+06
   3054.40     3.872	0.10355E+06
   3056.20     3.883	0.10248E+06
   3058.00     3.883	0.10254E+06
   3060.00     3.875	0.10329E+06
   3061.80     3.910	0.99986E+05
   3063.60     3.883	0.10251E+06
   3065.60     3.854	0.10532E+06
   3067.40     3.824	0.10820E+06
   3069.20     3.805	0.11018E+06
   3071.20     3.818	0.10883E+06
   3073.00     3.874	0.10335E+06
   3074.80     3.896	0.10126E+06
   3076.80     3.872	0.10360E+06
   3078.60     3.841	0.10653E+06
   3080.40     3.810	0.10962E+06
   3082.40     3.767	0.11412E+06
   3084.20     3.743	0.11661E+06
   3086.20     3.770	0.11381E+06
   3088.00     3.795	0.11118E+06
   3089.80     3.805	0.11013E+06
   3091.80     3.808	0.10986E+06
   3093.60     3.829	0.10772E+06
   3095.40     3.867	0.10402E+06
   3097.40     3.888	0.10205E+06
   3099.20     3.785	0.11221E+06
   3101.00     3.807	0.10993E+06
   3103.00     3.855	0.10515E+06
   3104.80     3.803	0.11040E+06
   3106.60     3.819	0.10875E+06
   3108.60     3.819	0.10873E+06
   3110.40     3.795	0.11118E+06
   3112.20     3.767	0.11410E+06
   3114.20     3.802	0.11047E+06
   3116.00     3.887	0.10216E+06
   3117.80     3.846	0.10604E+06
   3119.80     3.842	0.10651E+06
   3121.60     3.813	0.10933E+06
   3123.40     3.798	0.11086E+06
   3125.40     3.858	0.10486E+06
   3127.20     3.832	0.10740E+06
   3129.00     3.754	0.11544E+06
   3131.00     3.716	0.11958E+06
   3132.80     3.703	0.12097E+06
   3134.80     3.743	0.11659E+06
   3136.60     3.770	0.11372E+06
   3138.40     3.744	0.11655E+06
   3140.40     3.762	0.11461E+06
   3142.20     3.762	0.11460E+06
   3144.00     3.750	0.11591E+06
   3146.00     3.763	0.11448E+06
   3147.80     3.754	0.11547E+06
   3149.60     3.769	0.11388E+06
   3151.60     3.734	0.11763E+06
   3153.40     3.755	0.11530E+06
   3155.20     3.769	0.11388E+06
   3157.20     3.774	0.11333E+06
   3159.00     3.781	0.11257E+06
   3160.80     3.740	0.11695E+06
   3162.80     3.749	0.11596E+06
   3164.60     3.760	0.11477E+06
   3166.40     3.854	0.10531E+06
   3168.40     3.847	0.10593E+06
   3170.20     3.765	0.11426E+06
   3172.00     3.827	0.10790E+06
   3174.00     3.767	0.11406E+06
   3175.80     3.763	0.11452E+06
   3177.60     3.799	0.11081E+06
   3179.60     3.754	0.11545E+06
   3181.40     3.733	0.11774E+06
   3183.40     3.761	0.11472E+06
   3185.20     3.759	0.11496E+06
   3187.00     3.725	0.11860E+06
   3189.00     3.695	0.12195E+06
   3190.80     3.701	0.12128E+06
   3192.60     3.631	0.12936E+06
   3194.60     3.659	0.12597E+06
   3196.40     3.755	0.11534E+06
   3198.20     3.878	0.10296E+06
   3205.30     3.790	0.11172E+06
   3210.65     3.781	0.11258E+06
   3216.01     3.781	0.11260E+06
   3221.38     3.784	0.11234E+06
   3226.75     3.786	0.11208E+06
   3232.14     3.789	0.11180E+06
   3237.53     3.790	0.11164E+06
   3242.94     3.783	0.11236E+06
   3248.35     3.777	0.11308E+06
   3253.77     3.770	0.11379E+06
   3259.20     3.763	0.11452E+06
   3264.64     3.758	0.11505E+06
   3270.09     3.754	0.11541E+06
   3275.55     3.751	0.11576E+06
   3281.02     3.748	0.11611E+06
   3286.50     3.744	0.11647E+06
   3291.98     3.741	0.11685E+06
   3297.48     3.737	0.11724E+06
   3302.98     3.734	0.11764E+06
   3308.50     3.730	0.11803E+06
   3314.02     3.729	0.11818E+06
   3319.55     3.731	0.11789E+06
   3325.09     3.734	0.11761E+06
   3330.64     3.737	0.11733E+06
   3336.20     3.739	0.11703E+06
   3341.77     3.737	0.11731E+06
   3347.35     3.733	0.11767E+06
   3352.93     3.730	0.11803E+06
   3358.53     3.727	0.11840E+06
   3364.14     3.723	0.11876E+06
   3369.75     3.720	0.11911E+06
   3375.38     3.717	0.11945E+06
   3381.01     3.714	0.11981E+06
   3386.66     3.711	0.12016E+06
   3392.31     3.707	0.12052E+06
   3397.97     3.704	0.12087E+06
   3403.64     3.701	0.12121E+06
   3409.32     3.698	0.12157E+06
   3415.01     3.695	0.12194E+06
   3420.72     3.691	0.12232E+06
   3426.43     3.688	0.12270E+06
   3432.15     3.684	0.12310E+06
   3437.87     3.681	0.12344E+06
   3443.61     3.680	0.12358E+06
   3449.36     3.679	0.12371E+06
   3455.12     3.678	0.12385E+06
   3460.89     3.677	0.12399E+06
   3466.66     3.677	0.12398E+06
   3472.45     3.677	0.12395E+06
   3478.25     3.677	0.12391E+06
   3484.05     3.678	0.12387E+06
   3489.87     3.676	0.12407E+06
   3495.69     3.672	0.12453E+06
   3501.53     3.668	0.12500E+06
   3507.37     3.664	0.12545E+06
   3513.23     3.660	0.12590E+06
   3519.09     3.656	0.12634E+06
   3524.97     3.652	0.12677E+06
   3530.85     3.649	0.12721E+06
   3536.74     3.645	0.12764E+06
   3542.65     3.645	0.12767E+06
   3548.56     3.645	0.12769E+06
   3554.48     3.644	0.12771E+06
   3560.42     3.644	0.12772E+06
   3566.36     3.644	0.12778E+06
   3572.31     3.643	0.12784E+06
   3578.27     3.643	0.12790E+06
   3584.25     3.642	0.12797E+06
   3590.23     3.641	0.12806E+06
   3596.22     3.640	0.12820E+06
   3602.23     3.639	0.12832E+06
   3608.24     3.638	0.12845E+06
   3614.26     3.636	0.12871E+06
   3620.29     3.632	0.12918E+06
   3626.34     3.628	0.12966E+06
   3632.39     3.624	0.13013E+06
   3638.46     3.617	0.13101E+06
   3644.53     3.605	0.13249E+06
   3650.61     3.592	0.13398E+06
   3656.71     3.580	0.13546E+06
   3662.81     3.574	0.13629E+06
   3668.92     3.580	0.13556E+06
   3675.05     3.585	0.13484E+06
   3681.18     3.591	0.13410E+06
   3687.33     3.597	0.13340E+06
   3693.48     3.598	0.13329E+06
   3699.65     3.599	0.13317E+06
   3705.82     3.600	0.13305E+06
   3712.01     3.601	0.13295E+06
   3718.20     3.558	0.13826E+06
   3724.41     3.517	0.14357E+06
   3730.63     3.478	0.14890E+06
   3736.85     3.440	0.15422E+06
   3743.09     3.438	0.15439E+06
   3749.34     3.438	0.15443E+06
   3755.60     3.438	0.15448E+06
   3761.87     3.438	0.15452E+06
   3768.15     3.364	0.16531E+06
   3774.44     3.294	0.17638E+06
   3780.74     3.228	0.18745E+06
   3787.05     3.165	0.19855E+06
   3793.37     3.098	0.21122E+06
   3799.70     3.035	0.22391E+06
   3806.04     2.975	0.23662E+06
   3812.40     2.925	0.24763E+06
   3818.76     2.993	0.23266E+06
   3825.14     3.065	0.21769E+06
   3831.52     3.143	0.20268E+06
   3837.92     3.183	0.19532E+06
   3844.32     2.987	0.23401E+06
   3850.74     2.821	0.27277E+06
   3857.17     2.676	0.31160E+06
   3863.60     2.609	0.33145E+06
   3870.05     2.740	0.29387E+06
   3876.51     2.888	0.25624E+06
   3882.98     3.061	0.21853E+06
   3889.47     3.103	0.21019E+06
   3895.96     2.916	0.24982E+06
   3902.46     2.756	0.28952E+06
   3908.98     2.616	0.32928E+06
   3915.50     2.550	0.34980E+06
   3922.04     2.539	0.35361E+06
   3928.58     2.527	0.35743E+06
   3935.14     2.515	0.36125E+06
   3941.71     2.591	0.33698E+06
   3948.29     2.712	0.30155E+06
   3954.88     2.848	0.26606E+06
   3961.48     3.003	0.23050E+06
   3968.09     2.924	0.24790E+06
   3974.72     2.832	0.26986E+06
   3981.35     2.747	0.29185E+06
   3988.00     2.666	0.31452E+06
   3994.65     2.579	0.34082E+06
   4001.32     2.498	0.36718E+06
   4008.00     2.422	0.39357E+06
   4014.69     2.377	0.41026E+06
   4021.39     2.371	0.41248E+06
   4028.10     2.366	0.41469E+06
   4034.83     2.360	0.41691E+06
   4041.56     2.366	0.41462E+06
   4048.31     2.378	0.41018E+06
   4055.07     2.389	0.40572E+06
   4061.84     2.401	0.40126E+06
   4068.62     2.480	0.37309E+06
   4075.41     2.568	0.34429E+06
   4082.21     2.663	0.31544E+06
   4089.02     2.752	0.29054E+06
   4095.85     2.811	0.27507E+06
   4102.69     2.874	0.25958E+06
   4109.54     2.941	0.24407E+06
   4116.40     2.854	0.26448E+06
   4123.27     2.699	0.30513E+06
   4130.15     2.563	0.34585E+06
   4137.04     2.442	0.38643E+06
   4143.95     2.422	0.39372E+06
   4150.87     2.402	0.40101E+06
   4157.79     2.382	0.40832E+06
   4164.73     2.371	0.41257E+06
   4171.69     2.373	0.41209E+06
   4178.65     2.374	0.41160E+06
   4185.62     2.375	0.41112E+06
   4192.61     2.373	0.41179E+06
   4199.61     2.371	0.41275E+06
   4206.62     2.368	0.41371E+06
   4213.64     2.368	0.41387E+06
   4220.67     2.374	0.41140E+06
   4227.72     2.381	0.40893E+06
   4234.78     2.387	0.40646E+06
   4241.85     2.392	0.40477E+06
   4248.93     2.396	0.40345E+06
   4256.02     2.399	0.40214E+06
   4263.12     2.403	0.40084E+06
   4270.24     2.406	0.39975E+06
   4277.37     2.408	0.39866E+06
   4284.51     2.411	0.39756E+06
   4291.66     2.433	0.38991E+06
   4298.82     2.464	0.37873E+06
   4306.00     2.497	0.36753E+06
   4313.19     2.547	0.35092E+06
   4320.38     2.692	0.30691E+06
   4327.60     2.861	0.26282E+06
   4334.82     3.061	0.21866E+06
   4342.06     3.008	0.22955E+06
   4349.30     2.855	0.26427E+06
   4356.56     2.721	0.29905E+06
   4363.84     2.616	0.32934E+06
   4371.12     2.562	0.34620E+06
   4378.42     2.510	0.36310E+06
   4385.73     2.460	0.38002E+06
   4393.04     2.448	0.38447E+06
   4400.38     2.443	0.38629E+06
   4407.72     2.438	0.38811E+06
   4415.08     2.433	0.38975E+06
   4422.45     2.429	0.39117E+06
   4429.83     2.425	0.39261E+06
   4437.23     2.421	0.39400E+06
   4444.63     2.420	0.39454E+06
   4452.05     2.418	0.39506E+06
   4459.48     2.417	0.39559E+06
   4466.93     2.418	0.39505E+06
   4474.38     2.421	0.39396E+06
   4481.85     2.424	0.39287E+06
   4489.33     2.426	0.39219E+06
   4496.83     2.426	0.39239E+06
   4504.33     2.425	0.39260E+06
   4511.85     2.425	0.39281E+06
   4519.38     2.429	0.39136E+06
   4526.93     2.433	0.38989E+06
   4534.48     2.437	0.38839E+06
   4542.05     2.437	0.38833E+06
   4549.63     2.435	0.38896E+06
   4557.23     2.433	0.38961E+06
   4564.84     2.433	0.38978E+06
   4572.46     2.435	0.38915E+06
   4580.09     2.437	0.38850E+06
   4587.73     2.438	0.38798E+06
   4595.39     2.436	0.38851E+06
   4603.06     2.435	0.38905E+06
   4610.75     2.433	0.38959E+06
   4618.44     2.435	0.38915E+06
   4626.15     2.437	0.38850E+06
   4633.87     2.438	0.38786E+06
   4641.61     2.439	0.38751E+06
   4649.35     2.440	0.38737E+06
   4657.12     2.440	0.38722E+06
   4664.89     2.443	0.38628E+06
   4672.68     2.449	0.38397E+06
   4680.48     2.456	0.38166E+06
   4688.29     2.463	0.37925E+06
   4696.12     2.471	0.37639E+06
   4703.95     2.479	0.37352E+06
   4711.81     2.488	0.37067E+06
   4719.67     2.487	0.37089E+06
   4727.55     2.486	0.37119E+06
   4735.44     2.485	0.37148E+06
   4743.34     2.481	0.37287E+06
   4751.26     2.476	0.37450E+06
   4759.19     2.472	0.37614E+06
   4767.14     2.476	0.37473E+06
   4775.09     2.485	0.37163E+06
   4783.06     2.494	0.36853E+06
   4791.05     2.501	0.36597E+06
   4799.05     2.507	0.36396E+06
   4807.06     2.513	0.36195E+06
   4815.08     2.533	0.35555E+06
   4823.12     2.575	0.34212E+06
   4831.17     2.618	0.32866E+06
   4839.23     2.688	0.30808E+06
   4847.31     2.836	0.26889E+06
   4855.40     3.007	0.22964E+06
   4863.51     3.132	0.20468E+06
   4871.62     2.948	0.24260E+06
   4879.76     2.790	0.28061E+06
   4887.90     2.661	0.31592E+06
   4896.06     2.617	0.32909E+06
   4904.23     2.574	0.34228E+06
   4912.42     2.535	0.35495E+06
   4920.62     2.526	0.35769E+06
   4928.83     2.518	0.36043E+06
   4937.06     2.510	0.36316E+06
   4945.30     2.509	0.36331E+06
   4953.56     2.509	0.36347E+06
   4961.83     2.508	0.36363E+06
   4970.11     2.509	0.36344E+06
   4978.40     2.510	0.36324E+06
   4986.71     2.510	0.36303E+06
   4995.04     2.512	0.36241E+06
   5003.38     2.514	0.36178E+06
   5011.73     2.516	0.36113E+06
   5020.09     2.518	0.36049E+06
   5028.47     2.519	0.35999E+06
   5036.87     2.520	0.35967E+06
   5045.27     2.521	0.35935E+06
   5053.69     2.522	0.35904E+06
   5062.13     2.523	0.35873E+06
   5070.58     2.524	0.35841E+06
   5079.04     2.525	0.35804E+06
   5087.52     2.526	0.35763E+06
   5096.01     2.528	0.35720E+06
   5104.52     2.529	0.35678E+06
   5113.04     2.530	0.35636E+06
   5121.58     2.532	0.35594E+06
   5130.12     2.534	0.35502E+06
   5138.69     2.538	0.35376E+06
   5147.27     2.542	0.35251E+06
   5155.86     2.546	0.35126E+06
   5164.46     2.550	0.35000E+06
   5173.08     2.554	0.34874E+06
   5181.72     2.555	0.34840E+06
   5190.37     2.555	0.34834E+06
   5199.03     2.555	0.34828E+06
   5207.71     2.555	0.34822E+06
   5216.40     2.556	0.34816E+06
   5225.11     2.556	0.34809E+06
   5233.83     2.558	0.34743E+06
   5242.57     2.560	0.34675E+06
   5251.32     2.562	0.34609E+06
   5260.08     2.564	0.34542E+06
   5268.87     2.566	0.34475E+06
   5277.66     2.568	0.34406E+06
   5286.47     2.571	0.34335E+06
   5295.29     2.573	0.34262E+06
   5304.13     2.575	0.34190E+06
   5312.99     2.578	0.34118E+06
   5321.85     2.580	0.34045E+06
   5330.74     2.581	0.34021E+06
   5339.64     2.581	0.34023E+06
   5348.55     2.581	0.34025E+06
   5357.48     2.580	0.34027E+06
   5366.42     2.580	0.34029E+06
   5375.38     2.580	0.34028E+06
   5384.35     2.583	0.33958E+06
   5393.34     2.585	0.33888E+06
   5402.34     2.587	0.33817E+06
   5411.36     2.589	0.33746E+06
   5420.39     2.592	0.33676E+06
   5429.44     2.593	0.33627E+06
   5438.50     2.594	0.33601E+06
   5447.58     2.595	0.33575E+06
   5456.67     2.596	0.33549E+06
   5465.78     2.597	0.33521E+06
   5474.90     2.598	0.33495E+06
   5484.04     2.599	0.33450E+06
   5493.20     2.600	0.33406E+06
   5502.37     2.602	0.33361E+06
   5511.55     2.603	0.33316E+06
   5520.75     2.605	0.33271E+06
   5529.97     2.607	0.33212E+06
   5539.20     2.609	0.33141E+06
   5548.44     2.611	0.33070E+06
   5557.71     2.614	0.32998E+06
   5566.98     2.616	0.32928E+06
   5576.27     2.618	0.32861E+06
   5585.58     2.619	0.32827E+06
   5594.91     2.621	0.32793E+06
   5604.25     2.622	0.32758E+06
   5613.60     2.623	0.32724E+06
   5622.97     2.624	0.32689E+06
   5632.36     2.626	0.32637E+06
   5641.76     2.628	0.32582E+06
   5651.17     2.629	0.32526E+06
   5660.61     2.631	0.32470E+06
   5670.06     2.633	0.32414E+06
   5679.52     2.635	0.32365E+06
   5689.00     2.636	0.32322E+06
   5698.50     2.638	0.32280E+06
   5708.01     2.639	0.32239E+06
   5717.54     2.640	0.32196E+06
   5727.08     2.642	0.32150E+06
   5736.64     2.644	0.32090E+06
   5746.22     2.646	0.32030E+06
   5755.81     2.648	0.31970E+06
   5765.42     2.650	0.31909E+06
   5775.04     2.652	0.31849E+06
   5784.68     2.654	0.31806E+06
   5794.34     2.655	0.31763E+06
   5804.01     2.657	0.31720E+06
   5813.70     2.658	0.31676E+06
   5823.40     2.660	0.31633E+06
   5833.12     2.662	0.31566E+06
   5842.86     2.664	0.31495E+06
   5852.61     2.667	0.31424E+06
   5862.38     2.669	0.31352E+06
   5872.17     2.672	0.31281E+06
   5881.97     2.673	0.31240E+06
   5891.79     2.674	0.31211E+06
   5901.62     2.675	0.31183E+06
   5911.47     2.676	0.31155E+06
   5921.34     2.677	0.31126E+06
   5931.22     2.679	0.31081E+06
   5941.12     2.681	0.31025E+06
   5951.04     2.683	0.30970E+06
   5960.97     2.685	0.30914E+06
   5970.92     2.687	0.30858E+06
   5980.89     2.689	0.30802E+06
   5990.87     2.690	0.30747E+06
   6000.87     2.692	0.30690E+06
   6010.89     2.694	0.30634E+06
   6020.92     2.696	0.30578E+06
   6030.97     2.698	0.30531E+06
   6041.04     2.700	0.30489E+06
   6051.12     2.701	0.30449E+06
   6061.23     2.703	0.30408E+06
   6071.34     2.704	0.30367E+06
   6081.48     2.706	0.30311E+06
   6091.63     2.708	0.30246E+06
   6101.80     2.711	0.30181E+06
   6111.98     2.713	0.30115E+06
   6122.19     2.715	0.30051E+06
   6132.40     2.717	0.30002E+06
   6142.64     2.719	0.29961E+06
   6152.89     2.720	0.29919E+06
   6163.16     2.722	0.29878E+06
   6173.45     2.723	0.29836E+06
   6183.76     2.725	0.29778E+06
   6194.08     2.727	0.29717E+06
   6204.42     2.730	0.29657E+06
   6214.77     2.732	0.29595E+06
   6225.15     2.734	0.29535E+06
   6235.54     2.735	0.29503E+06
   6245.95     2.736	0.29472E+06
   6256.37     2.738	0.29442E+06
   6266.82     2.739	0.29410E+06
   6277.28     2.740	0.29371E+06
   6287.75     2.743	0.29306E+06
   6298.25     2.745	0.29240E+06
   6308.76     2.748	0.29173E+06
   6319.29     2.750	0.29108E+06
   6329.84     2.752	0.29054E+06
   6340.41     2.753	0.29017E+06
   6350.99     2.755	0.28979E+06
   6361.59     2.756	0.28941E+06
   6372.21     2.758	0.28903E+06
   6382.85     2.760	0.28843E+06
   6393.50     2.762	0.28775E+06
   6404.17     2.765	0.28707E+06
   6414.87     2.768	0.28639E+06
   6425.57     2.770	0.28569E+06
   6436.30     2.774	0.28471E+06
   6447.04     2.778	0.28372E+06
   6457.80     2.782	0.28272E+06
   6468.58     2.785	0.28173E+06
   6479.38     2.793	0.27981E+06
   6490.20     2.806	0.27655E+06
   6501.03     2.819	0.27327E+06
   6511.88     2.832	0.26998E+06
   6522.75     2.845	0.26670E+06
   6533.64     2.883	0.25748E+06
   6544.54     2.930	0.24669E+06
   6555.47     2.978	0.23588E+06
   6566.41     3.029	0.22505E+06
   6577.37     3.058	0.21921E+06
   6588.35     2.999	0.23145E+06
   6599.35     2.943	0.24371E+06
   6610.36     2.889	0.25600E+06
   6621.40     2.838	0.26830E+06
   6632.45     2.821	0.27263E+06
   6643.52     2.819	0.27310E+06
   6654.61     2.817	0.27357E+06
   6665.72     2.815	0.27404E+06
   6676.85     2.814	0.27440E+06
   6687.99     2.815	0.27415E+06
   6699.15     2.816	0.27390E+06
   6710.34     2.817	0.27366E+06
   6721.54     2.818	0.27341E+06
   6732.76     2.820	0.27300E+06
   6744.00     2.821	0.27253E+06
   6755.25     2.823	0.27205E+06
   6766.53     2.825	0.27157E+06
   6777.82     2.827	0.27111E+06
   6789.14     2.829	0.27065E+06
   6800.47     2.831	0.27020E+06
   6811.82     2.833	0.26974E+06
   6823.19     2.834	0.26929E+06
   6834.58     2.836	0.26885E+06
   6845.99     2.838	0.26843E+06
   6857.42     2.840	0.26800E+06
   6868.86     2.841	0.26756E+06
   6880.33     2.843	0.26711E+06
   6891.81     2.845	0.26663E+06
   6903.32     2.847	0.26615E+06
   6914.84     2.849	0.26566E+06
   6926.38     2.851	0.26518E+06
   6937.94     2.853	0.26471E+06
   6949.52     2.855	0.26423E+06
   6961.12     2.857	0.26376E+06
   6972.75     2.859	0.26328E+06
   6984.38     2.861	0.26278E+06
   6996.04     2.863	0.26226E+06
   7007.72     2.865	0.26176E+06
   7019.42     2.867	0.26124E+06
   7031.13     2.869	0.26077E+06
   7042.87     2.871	0.26034E+06
   7054.63     2.873	0.25990E+06
   7066.40     2.875	0.25946E+06
   7078.20     2.877	0.25897E+06
   7090.01     2.879	0.25838E+06
   7101.85     2.882	0.25777E+06
   7113.70     2.884	0.25718E+06
   7125.58     2.887	0.25657E+06
   7137.47     2.890	0.25597E+06
   7149.38     2.892	0.25536E+06
   7161.32     2.894	0.25493E+06
   7173.27     2.896	0.25450E+06
   7185.25     2.898	0.25408E+06
   7197.24     2.899	0.25366E+06
   7209.25     2.901	0.25323E+06
   7221.29     2.903	0.25281E+06
   7233.34     2.905	0.25238E+06
   7245.42     2.907	0.25195E+06
   7257.51     2.908	0.25156E+06
   7269.62     2.910	0.25116E+06
   7281.76     2.912	0.25078E+06
   7293.91     2.913	0.25039E+06
   7306.09     2.915	0.25000E+06
   7318.28     2.917	0.24962E+06
   7330.50     2.919	0.24922E+06
   7342.73     2.920	0.24883E+06
   7354.99     2.922	0.24835E+06
   7367.27     2.925	0.24773E+06
   7379.57     2.928	0.24710E+06
   7391.88     2.931	0.24648E+06
   7404.22     2.933	0.24586E+06
   7416.58     2.936	0.24524E+06
   7428.96     2.939	0.24461E+06
   7441.36     2.942	0.24398E+06
   7453.78     2.944	0.24345E+06
   7466.23     2.945	0.24317E+06
   7478.69     2.947	0.24288E+06
   7491.17     2.948	0.24259E+06
   7503.68     2.949	0.24230E+06
   7516.20     2.950	0.24201E+06
   7528.75     2.952	0.24173E+06
   7541.31     2.953	0.24143E+06
   7553.90     2.955	0.24109E+06
   7566.51     2.957	0.24062E+06
   7579.14     2.959	0.24014E+06
   7591.79     2.961	0.23967E+06
   7604.46     2.963	0.23919E+06
   7617.16     2.965	0.23872E+06
   7629.87     2.967	0.23824E+06
   7642.61     2.970	0.23777E+06
   7655.37     2.972	0.23726E+06
   7668.15     2.975	0.23670E+06
   7680.94     2.977	0.23614E+06
   7693.77     2.980	0.23558E+06
   7706.61     2.982	0.23502E+06
   7719.47     2.985	0.23446E+06
   7732.36     2.987	0.23390E+06
   7745.26     2.990	0.23334E+06
   7758.19     2.992	0.23291E+06
   7771.14     2.994	0.23256E+06
   7784.12     2.995	0.23221E+06
   7797.11     2.997	0.23187E+06
   7810.12     2.999	0.23151E+06
   7823.16     3.000	0.23116E+06
   7836.22     3.002	0.23080E+06
   7849.30     3.004	0.23045E+06
   7862.40     3.005	0.23005E+06
   7875.52     3.007	0.22964E+06
   7888.67     3.009	0.22922E+06
   7901.84     3.011	0.22881E+06
   7915.03     3.013	0.22839E+06
   7928.24     3.015	0.22798E+06
   7941.47     3.017	0.22756E+06
   7954.73     3.019	0.22716E+06
   7968.01     3.021	0.22676E+06
   7981.31     3.023	0.22638E+06
   7994.63     3.025	0.22597E+06
   8007.98     3.027	0.22558E+06
   8021.34     3.029	0.22518E+06
   8034.73     3.031	0.22478E+06
   8048.14     3.033	0.22439E+06
   8061.58     3.035	0.22394E+06
   8075.03     3.037	0.22349E+06
   8088.51     3.039	0.22303E+06
   8102.02     3.041	0.22258E+06
   8115.54     3.044	0.22213E+06
   8129.08     3.046	0.22166E+06
   8142.65     3.048	0.22121E+06
   8156.25     3.050	0.22085E+06
   8169.86     3.051	0.22069E+06
   8183.50     3.051	0.22053E+06
   8197.16     3.052	0.22038E+06
   8210.84     3.053	0.22022E+06
   8224.55     3.054	0.22007E+06
   8238.27     3.054	0.21991E+06
   8252.03     3.055	0.21975E+06
   8265.80     3.057	0.21945E+06
   8279.60     3.058	0.21915E+06
   8293.42     3.060	0.21886E+06
   8307.26     3.061	0.21855E+06
   8321.13     3.063	0.21825E+06
   8335.02     3.064	0.21795E+06
   8348.93     3.066	0.21764E+06
   8362.87     3.068	0.21720E+06
   8376.83     3.070	0.21674E+06
   8390.81     3.072	0.21628E+06
   8404.82     3.075	0.21582E+06
   8418.84     3.077	0.21535E+06
   8432.90     3.079	0.21489E+06
   8446.97     3.082	0.21443E+06
   8461.07     3.086	0.21366E+06
   8475.20     3.090	0.21281E+06
   8489.34     3.094	0.21196E+06
   8503.51     3.099	0.21111E+06
   8517.71     3.103	0.21027E+06
   8531.93     3.108	0.20941E+06
   8546.17     3.112	0.20856E+06
   8560.43     3.115	0.20793E+06
   8574.72     3.118	0.20737E+06
   8589.04     3.121	0.20682E+06
   8603.37     3.124	0.20625E+06
   8617.73     3.127	0.20570E+06
   8632.12     3.130	0.20513E+06
   8646.53     3.133	0.20458E+06
   8660.96     3.132	0.20480E+06
   8675.42     3.129	0.20527E+06
   8689.90     3.127	0.20574E+06
   8704.40     3.124	0.20621E+06
   8718.93     3.122	0.20669E+06
   8733.49     3.119	0.20716E+06
   8748.06     3.117	0.20763E+06
   8762.67     3.121	0.20683E+06
   8777.29     3.126	0.20582E+06
   8791.95     3.132	0.20481E+06
   8806.62     3.137	0.20379E+06
   8821.32     3.142	0.20278E+06
   8836.04     3.148	0.20176E+06
   8850.79     3.152	0.20095E+06
   8865.57     3.137	0.20379E+06
   8880.37     3.122	0.20663E+06
   8895.19     3.107	0.20949E+06
   8910.04     3.092	0.21234E+06
   8924.91     3.078	0.21520E+06
   8939.81     3.064	0.21806E+06
   8954.73     3.059	0.21903E+06
   8969.68     3.074	0.21589E+06
   8984.65     3.090	0.21275E+06
   8999.65     3.107	0.20960E+06
   9014.67     3.123	0.20645E+06
   9029.72     3.140	0.20329E+06
   9044.79     3.157	0.20012E+06
   9059.89     3.151	0.20120E+06
   9075.01     3.133	0.20453E+06
   9090.16     3.116	0.20784E+06
   9105.33     3.098	0.21118E+06
   9120.53     3.081	0.21452E+06
   9135.75     3.065	0.21786E+06
   9151.00     3.051	0.22067E+06
   9166.28     3.074	0.21600E+06
   9181.58     3.098	0.21133E+06
   9196.91     3.122	0.20664E+06
   9212.26     3.147	0.20196E+06
   9227.63     3.172	0.19726E+06
   9243.04     3.199	0.19256E+06
   9258.47     3.197	0.19290E+06
   9273.92     3.172	0.19742E+06
   9289.40     3.147	0.20195E+06
   9304.91     3.123	0.20648E+06
   9320.44     3.099	0.21102E+06
   9336.00     3.076	0.21558E+06
   9351.58     3.056	0.21959E+06
   9367.19     3.060	0.21877E+06
   9382.83     3.064	0.21794E+06
   9398.49     3.068	0.21711E+06
   9414.18     3.072	0.21628E+06
   9429.89     3.077	0.21546E+06
   9445.63     3.081	0.21462E+06
   9461.40     3.101	0.21068E+06
   9477.19     3.128	0.20554E+06
   9493.01     3.155	0.20040E+06
   9508.86     3.184	0.19524E+06
   9524.73     3.213	0.19008E+06
   9540.63     3.243	0.18490E+06
   9556.55     3.250	0.18359E+06
   9572.50     3.226	0.18781E+06
   9588.48     3.202	0.19204E+06
   9604.49     3.178	0.19628E+06
   9620.52     3.155	0.20053E+06
   9636.58     3.132	0.20478E+06
   9652.66     3.113	0.20835E+06
   9668.78     3.112	0.20849E+06
   9684.92     3.112	0.20863E+06
   9701.08     3.111	0.20878E+06
   9717.27     3.110	0.20892E+06
   9733.49     3.109	0.20907E+06
   9749.74     3.109	0.20921E+06
   9766.02     3.111	0.20864E+06
   9782.32     3.115	0.20806E+06
   9798.65     3.118	0.20748E+06
   9815.00     3.121	0.20690E+06
   9831.39     3.124	0.20631E+06
   9847.80     3.127	0.20573E+06
   9864.23     3.131	0.20496E+06
   9880.70     3.135	0.20416E+06
   9897.19     3.139	0.20335E+06
   9913.71     3.144	0.20256E+06
   9930.26     3.148	0.20175E+06
   9946.84     3.152	0.20094E+06
   9963.44     3.176	0.19668E+06
   9980.07     3.204	0.19159E+06
   9996.73     3.233	0.18649E+06
  10013.42     3.263	0.18139E+06
  10030.13     3.295	0.17628E+06
  10046.87     3.327	0.17115E+06
  10063.64     3.312	0.17352E+06
  10080.44     3.286	0.17761E+06
  10097.27     3.262	0.18171E+06
  10114.12     3.237	0.18581E+06
  10131.01     3.214	0.18992E+06
  10147.92     3.190	0.19404E+06
  10164.86     3.187	0.19465E+06
  10181.82     3.186	0.19478E+06
  10198.82     3.185	0.19491E+06
  10215.84     3.185	0.19504E+06
  10232.90     3.184	0.19516E+06
  10249.98     3.183	0.19529E+06
  10267.09     3.186	0.19486E+06
  10284.22     3.188	0.19442E+06
  10301.39     3.191	0.19398E+06
  10318.59     3.193	0.19354E+06
  10335.81     3.196	0.19310E+06
  10353.06     3.198	0.19265E+06
  10370.34     3.201	0.19212E+06
  10387.65     3.204	0.19160E+06
  10404.99     3.207	0.19106E+06
  10422.36     3.210	0.19054E+06
  10439.76     3.213	0.19000E+06
  10457.18     3.216	0.18948E+06
  10474.64     3.219	0.18897E+06
  10492.12     3.222	0.18846E+06
  10509.64     3.225	0.18794E+06
  10527.18     3.228	0.18744E+06
  10544.75     3.231	0.18692E+06
  10562.35     3.234	0.18635E+06
  10579.99     3.238	0.18576E+06
  10597.65     3.241	0.18517E+06
  10615.33     3.245	0.18457E+06
  10633.05     3.248	0.18398E+06
  10650.80     3.252	0.18339E+06
  10668.58     3.254	0.18299E+06
  10686.39     3.256	0.18258E+06
  10704.23     3.259	0.18218E+06
  10722.09     3.261	0.18177E+06
  10739.99     3.264	0.18136E+06
  10757.92     3.267	0.18074E+06
  10775.88     3.273	0.17983E+06
  10793.86     3.278	0.17892E+06
  10811.88     3.284	0.17801E+06
  10829.93     3.289	0.17710E+06
  10848.01     3.295	0.17620E+06
  10866.11     3.320	0.17221E+06
  10884.25     3.348	0.16785E+06
  10902.42     3.376	0.16347E+06
  10920.62     3.406	0.15909E+06
  10938.85     3.436	0.15470E+06
  10957.11     3.444	0.15355E+06
  10975.40     3.417	0.15749E+06
  10993.72     3.390	0.16145E+06
  11012.07     3.364	0.16541E+06
  11030.45     3.338	0.16937E+06
  11048.86     3.313	0.17335E+06
  11067.30     3.312	0.17350E+06
  11085.78     3.312	0.17339E+06
  11104.28     3.313	0.17329E+06
  11122.82     3.314	0.17319E+06
  11141.38     3.314	0.17309E+06
  11159.98     3.316	0.17278E+06
  11178.61     3.319	0.17232E+06
  11197.27     3.322	0.17186E+06
  11215.96     3.325	0.17138E+06
  11234.68     3.328	0.17092E+06
  11253.43     3.331	0.17043E+06
  11272.22     3.335	0.16987E+06
  11291.03     3.338	0.16931E+06
  11309.88     3.342	0.16875E+06
  11328.76     3.345	0.16819E+06
  11347.67     3.349	0.16763E+06
  11366.61     3.351	0.16734E+06
  11385.58     3.353	0.16709E+06
  11404.59     3.354	0.16685E+06
  11423.63     3.356	0.16661E+06
  11442.70     3.357	0.16636E+06
  11461.80     3.359	0.16606E+06
  11480.93     3.361	0.16575E+06
  11500.09     3.363	0.16544E+06
  11519.29     3.366	0.16511E+06
  11538.52     3.368	0.16479E+06
  11557.78     3.371	0.16433E+06
  11577.07     3.375	0.16365E+06
  11596.39     3.380	0.16296E+06
  11615.75     3.384	0.16228E+06
  11635.14     3.389	0.16159E+06
  11654.56     3.393	0.16100E+06
  11674.01     3.395	0.16069E+06
  11693.50     3.397	0.16038E+06
  11713.02     3.399	0.16007E+06
  11732.57     3.401	0.15976E+06
  11752.16     3.403	0.15944E+06
  11771.77     3.406	0.15905E+06
  11791.42     3.409	0.15864E+06
  11811.10     3.412	0.15825E+06
  11830.82     3.414	0.15785E+06
  11850.57     3.417	0.15745E+06
  11870.35     3.419	0.15719E+06
  11890.16     3.421	0.15692E+06
  11910.01     3.423	0.15665E+06
  11929.89     3.425	0.15638E+06
  11949.80     3.426	0.15611E+06
  11969.75     3.429	0.15575E+06
  11989.73     3.432	0.15537E+06
  12009.74     3.434	0.15500E+06
