    925.52     7.057	0.55102E+04
    934.78     5.777	0.17919E+05
    944.04     4.740	0.46579E+05
    953.30     3.857	0.10501E+06
    962.56     3.377	0.16343E+06
    971.82     3.317	0.17268E+06
    981.08     3.306	0.17435E+06
    990.34     2.974	0.23682E+06
    999.60     2.579	0.34080E+06
   1008.86     2.454	0.38239E+06
   1018.12     2.643	0.32135E+06
   1027.38     2.899	0.25378E+06
   1036.64     2.664	0.31502E+06
   1045.90     2.171	0.49600E+06
   1055.16     1.924	0.62266E+06
   1064.42     1.889	0.64350E+06
   1073.68     1.914	0.62888E+06
   1082.94     1.966	0.59924E+06
   1092.20     1.992	0.58530E+06
   1101.46     1.989	0.58654E+06
   1110.72     1.936	0.61629E+06
   1119.98     1.942	0.61248E+06
   1129.24     1.979	0.59212E+06
   1138.50     1.901	0.63593E+06
   1147.76     1.777	0.71290E+06
   1155.80     1.722	0.75050E+06
   1157.00     1.669	0.78756E+06
   1158.00     1.741	0.73715E+06
   1159.20     1.696	0.76844E+06
   1160.40     1.741	0.73746E+06
   1161.60     1.675	0.78339E+06
   1162.80     1.744	0.73551E+06
   1164.00     1.722	0.75016E+06
   1165.20     1.761	0.72358E+06
   1166.40     1.727	0.74706E+06
   1167.60     1.678	0.78144E+06
   1168.80     1.713	0.75647E+06
   1169.80     1.791	0.70403E+06
   1171.00     1.891	0.64212E+06
   1172.20     1.940	0.61354E+06
   1173.40     1.988	0.58726E+06
   1174.60     1.923	0.62330E+06
   1175.80     1.785	0.70811E+06
   1177.00     1.714	0.75552E+06
   1178.20     1.685	0.77589E+06
   1179.40     1.680	0.77958E+06
   1180.60     1.666	0.79021E+06
   1181.60     1.623	0.82209E+06
   1182.80     1.568	0.86468E+06
   1184.00     1.569	0.86416E+06
   1185.20     1.686	0.77528E+06
   1186.40     1.692	0.77100E+06
   1187.60     1.766	0.72034E+06
   1188.80     1.845	0.66968E+06
   1190.00     1.877	0.65071E+06
   1191.20     1.964	0.60051E+06
   1192.40     1.989	0.58651E+06
   1193.40     2.058	0.55080E+06
   1194.60     2.076	0.54132E+06
   1195.80     2.109	0.52534E+06
   1197.00     2.121	0.51974E+06
   1198.20     2.095	0.53234E+06
   1199.40     2.242	0.46484E+06
   1200.60     2.439	0.38764E+06
   1201.80     2.657	0.31712E+06
   1203.00     2.940	0.24424E+06
   1204.20     3.149	0.20165E+06
   1205.20     3.356	0.16660E+06
   1206.40     3.398	0.16018E+06
   1207.60     3.492	0.14698E+06
   1208.80     3.691	0.12240E+06
   1210.00     3.910	0.10005E+06
   1211.20     4.201	0.76490E+05
   1212.40     4.316	0.68819E+05
   1213.60     4.266	0.72013E+05
   1214.80     4.023	0.90090E+05
   1215.80     3.676	0.12402E+06
   1217.00     3.368	0.16473E+06
   1218.20     3.146	0.20219E+06
   1219.40     2.817	0.27364E+06
   1220.60     2.627	0.32608E+06
   1221.80     2.458	0.38106E+06
   1223.00     2.324	0.43087E+06
   1224.20     2.248	0.46212E+06
   1225.40     2.181	0.49144E+06
   1226.60     2.117	0.52134E+06
   1227.60     2.049	0.55535E+06
   1228.80     1.983	0.59006E+06
   1230.00     1.955	0.60532E+06
   1231.20     1.902	0.63550E+06
   1232.40     1.857	0.66245E+06
   1233.60     1.788	0.70573E+06
   1234.80     1.720	0.75140E+06
   1236.00     1.677	0.78187E+06
   1237.20     1.655	0.79813E+06
   1238.40     1.606	0.83466E+06
   1239.40     1.543	0.88445E+06
   1240.60     1.558	0.87283E+06
   1241.80     1.577	0.85767E+06
   1243.00     1.575	0.85878E+06
   1244.20     1.663	0.79237E+06
   1245.40     1.660	0.79457E+06
   1246.60     1.655	0.79807E+06
   1247.80     1.663	0.79182E+06
   1249.00     1.643	0.80692E+06
   1250.20     1.649	0.80260E+06
   1251.20     1.615	0.82808E+06
   1252.40     1.569	0.86358E+06
   1253.60     1.581	0.85454E+06
   1254.80     1.621	0.82339E+06
   1256.00     1.688	0.77396E+06
   1257.20     1.734	0.74182E+06
   1258.40     1.798	0.69979E+06
   1259.60     1.734	0.74166E+06
   1260.80     1.748	0.73243E+06
   1262.00     1.794	0.70232E+06
   1263.00     1.753	0.72923E+06
   1264.20     1.718	0.75305E+06
   1265.40     1.679	0.78047E+06
   1266.60     1.597	0.84183E+06
   1267.80     1.608	0.83296E+06
   1269.00     1.605	0.83598E+06
   1270.20     1.611	0.83089E+06
   1271.40     1.654	0.79896E+06
   1272.60     1.617	0.82658E+06
   1273.80     1.586	0.85029E+06
   1274.80     1.637	0.81165E+06
   1276.00     1.637	0.81105E+06
   1277.20     1.576	0.85808E+06
   1278.40     1.528	0.89734E+06
   1279.60     1.537	0.88979E+06
   1280.80     1.546	0.88258E+06
   1282.00     1.530	0.89536E+06
   1283.20     1.540	0.88732E+06
   1284.40     1.502	0.91865E+06
   1285.60     1.554	0.87579E+06
   1286.60     1.591	0.84639E+06
   1287.80     1.604	0.83613E+06
   1289.00     1.602	0.83798E+06
   1290.20     1.632	0.81487E+06
   1291.40     1.687	0.77470E+06
   1292.60     1.756	0.72679E+06
   1293.80     1.794	0.70224E+06
   1295.00     1.793	0.70250E+06
   1296.20     1.855	0.66380E+06
   1297.40     1.837	0.67506E+06
   1298.40     1.876	0.65107E+06
   1299.60     1.893	0.64102E+06
   1300.80     1.900	0.63664E+06
   1302.00     1.936	0.61581E+06
   1303.20     1.965	0.59954E+06
   1304.40     1.963	0.60103E+06
   1305.60     1.926	0.62157E+06
   1306.80     1.878	0.64998E+06
   1308.00     1.872	0.65317E+06
   1309.20     1.771	0.71718E+06
   1310.20     1.679	0.78090E+06
   1311.40     1.652	0.80040E+06
   1312.60     1.580	0.85470E+06
   1313.80     1.581	0.85431E+06
   1315.00     1.541	0.88649E+06
   1316.20     1.542	0.88591E+06
   1317.40     1.544	0.88396E+06
   1318.60     1.558	0.87287E+06
   1319.80     1.599	0.84001E+06
   1320.80     1.620	0.82390E+06
   1322.00     1.681	0.77932E+06
   1323.20     1.683	0.77741E+06
   1324.40     1.684	0.77714E+06
   1325.60     1.696	0.76809E+06
   1326.80     1.686	0.77524E+06
   1328.00     1.661	0.79337E+06
   1329.20     1.656	0.79738E+06
   1330.40     1.744	0.73529E+06
   1331.60     1.919	0.62560E+06
   1332.60     1.984	0.58923E+06
   1333.80     1.937	0.61544E+06
   1335.00     1.753	0.72939E+06
   1336.20     1.649	0.80277E+06
   1337.40     1.606	0.83500E+06
   1338.60     1.608	0.83328E+06
   1339.80     1.630	0.81655E+06
   1341.00     1.622	0.82242E+06
   1342.20     1.606	0.83464E+06
   1343.40     1.610	0.83208E+06
   1344.40     1.582	0.85344E+06
   1345.60     1.603	0.83716E+06
   1346.80     1.568	0.86481E+06
   1348.00     1.595	0.84358E+06
   1349.20     1.617	0.82667E+06
   1350.40     1.599	0.84022E+06
   1351.60     1.569	0.86384E+06
   1352.80     1.588	0.84850E+06
   1354.00     1.560	0.87128E+06
   1355.20     1.593	0.84469E+06
   1356.20     1.614	0.82902E+06
   1357.40     1.604	0.83675E+06
   1358.60     1.622	0.82273E+06
   1359.80     1.663	0.79205E+06
   1361.00     1.657	0.79642E+06
   1362.20     1.652	0.80016E+06
   1363.40     1.685	0.77611E+06
   1364.60     1.679	0.78082E+06
   1365.80     1.657	0.79641E+06
   1367.00     1.652	0.80027E+06
   1368.00     1.681	0.77942E+06
   1369.20     1.684	0.77710E+06
   1370.40     1.690	0.77269E+06
   1371.60     1.701	0.76502E+06
   1372.80     1.664	0.79169E+06
   1374.00     1.661	0.79375E+06
   1375.20     1.642	0.80737E+06
   1376.40     1.677	0.78180E+06
   1377.60     1.729	0.74544E+06
   1378.80     1.709	0.75916E+06
   1379.80     1.703	0.76364E+06
   1381.00     1.670	0.78721E+06
   1382.20     1.701	0.76507E+06
   1383.40     1.709	0.75957E+06
   1384.60     1.713	0.75622E+06
   1385.80     1.710	0.75859E+06
   1387.00     1.738	0.73943E+06
   1388.20     1.754	0.72834E+06
   1389.40     1.763	0.72217E+06
   1390.60     1.819	0.68593E+06
   1391.60     1.806	0.69439E+06
   1392.80     1.829	0.67954E+06
   1394.00     1.804	0.69561E+06
   1395.20     1.788	0.70606E+06
   1396.40     1.797	0.70010E+06
   1397.60     1.691	0.77230E+06
   1398.80     1.740	0.73811E+06
   1400.00     1.778	0.71252E+06
   1401.20     1.808	0.69311E+06
   1402.40     1.809	0.69224E+06
   1403.40     1.778	0.71260E+06
   1404.60     1.741	0.73735E+06
   1405.80     1.725	0.74805E+06
   1407.00     1.814	0.68951E+06
   1408.20     1.766	0.72040E+06
   1409.40     1.769	0.71833E+06
   1410.60     1.773	0.71587E+06
   1411.80     1.768	0.71905E+06
   1413.00     1.733	0.74277E+06
   1414.00     1.739	0.73846E+06
   1415.20     1.765	0.72123E+06
   1416.40     1.733	0.74263E+06
   1417.60     1.722	0.75046E+06
   1418.80     1.750	0.73118E+06
   1420.00     1.770	0.71807E+06
   1421.20     1.727	0.74677E+06
   1422.40     1.702	0.76391E+06
   1423.60     1.701	0.76466E+06
   1424.80     1.706	0.76155E+06
   1425.80     1.641	0.80850E+06
   1427.00     1.716	0.75452E+06
   1428.20     1.706	0.76157E+06
   1429.40     1.692	0.77125E+06
   1430.60     1.741	0.73702E+06
   1431.80     1.686	0.77578E+06
   1433.00     1.688	0.77379E+06
   1434.20     1.738	0.73937E+06
   1435.40     1.729	0.74524E+06
   1436.60     1.709	0.75926E+06
   1437.60     1.684	0.77689E+06
   1438.80     1.643	0.80671E+06
   1440.00     1.649	0.80258E+06
   1441.20     1.627	0.81897E+06
   1442.40     1.636	0.81227E+06
   1443.60     1.662	0.79287E+06
   1444.80     1.669	0.78784E+06
   1446.00     1.655	0.79779E+06
   1447.20     1.630	0.81675E+06
   1448.40     1.640	0.80919E+06
   1449.40     1.626	0.81923E+06
   1450.60     1.635	0.81257E+06
   1451.80     1.648	0.80346E+06
   1453.00     1.653	0.79972E+06
   1454.20     1.646	0.80447E+06
   1455.40     1.639	0.80964E+06
   1456.60     1.621	0.82343E+06
   1457.80     1.624	0.82141E+06
   1459.00     1.625	0.82028E+06
   1460.20     1.618	0.82536E+06
   1461.20     1.614	0.82844E+06
   1462.40     1.659	0.79525E+06
   1463.60     1.700	0.76567E+06
   1464.80     1.663	0.79236E+06
   1466.00     1.646	0.80489E+06
   1467.20     1.678	0.78110E+06
   1468.40     1.653	0.79971E+06
   1469.60     1.660	0.79446E+06
   1470.80     1.675	0.78347E+06
   1472.00     1.688	0.77412E+06
   1473.00     1.651	0.80072E+06
   1474.20     1.634	0.81321E+06
   1475.40     1.663	0.79219E+06
   1476.60     1.636	0.81175E+06
   1477.80     1.641	0.80858E+06
   1479.00     1.637	0.81167E+06
   1480.20     1.650	0.80174E+06
   1481.40     1.698	0.76734E+06
   1482.60     1.710	0.75838E+06
   1483.80     1.673	0.78454E+06
   1484.80     1.648	0.80336E+06
   1486.00     1.618	0.82583E+06
   1487.20     1.603	0.83706E+06
   1488.40     1.638	0.81065E+06
   1489.60     1.650	0.80148E+06
   1490.80     1.657	0.79666E+06
   1492.00     1.661	0.79379E+06
   1493.20     1.646	0.80483E+06
   1494.40     1.626	0.81935E+06
   1495.60     1.623	0.82197E+06
   1496.60     1.628	0.81774E+06
   1497.80     1.661	0.79371E+06
   1499.00     1.687	0.77462E+06
   1500.20     1.675	0.78317E+06
   1501.40     1.679	0.78068E+06
   1502.60     1.677	0.78172E+06
   1503.80     1.670	0.78680E+06
   1505.00     1.691	0.77182E+06
   1506.20     1.684	0.77707E+06
   1507.40     1.713	0.75661E+06
   1508.40     1.707	0.76058E+06
   1509.60     1.708	0.75976E+06
   1510.80     1.698	0.76671E+06
   1512.00     1.704	0.76253E+06
   1513.20     1.728	0.74580E+06
   1514.40     1.729	0.74565E+06
   1515.60     1.714	0.75554E+06
   1516.80     1.723	0.74949E+06
   1518.00     1.685	0.77641E+06
   1519.00     1.655	0.79787E+06
   1520.20     1.681	0.77928E+06
   1521.40     1.685	0.77658E+06
   1522.60     1.674	0.78384E+06
   1523.80     1.733	0.74293E+06
   1525.00     1.723	0.74972E+06
   1526.20     1.732	0.74339E+06
   1527.40     1.742	0.73662E+06
   1528.60     1.769	0.71869E+06
   1529.80     1.793	0.70300E+06
   1530.80     1.828	0.68048E+06
   1532.00     1.794	0.70210E+06
   1533.20     1.814	0.68909E+06
   1534.40     1.782	0.70980E+06
   1535.60     1.777	0.71291E+06
   1536.80     1.798	0.69963E+06
   1538.00     1.775	0.71457E+06
   1539.20     1.741	0.73715E+06
   1540.40     1.747	0.73314E+06
   1541.60     1.763	0.72222E+06
   1542.60     1.721	0.75077E+06
   1543.80     1.755	0.72801E+06
   1545.00     1.793	0.70280E+06
   1546.20     1.744	0.73511E+06
   1547.40     1.733	0.74289E+06
   1548.60     1.771	0.71689E+06
   1549.80     1.771	0.71710E+06
   1551.00     1.768	0.71907E+06
   1552.20     1.766	0.72068E+06
   1553.40     1.733	0.74252E+06
   1554.40     1.751	0.73020E+06
   1555.60     1.756	0.72709E+06
   1556.80     1.763	0.72231E+06
   1558.00     1.786	0.70712E+06
   1559.20     1.795	0.70151E+06
   1560.40     1.763	0.72248E+06
   1561.60     1.763	0.72264E+06
   1562.80     1.794	0.70221E+06
   1564.00     1.781	0.71073E+06
   1565.20     1.775	0.71436E+06
   1566.20     1.730	0.74443E+06
   1567.40     1.738	0.73951E+06
   1568.60     1.775	0.71459E+06
   1569.80     1.766	0.72042E+06
   1571.00     1.749	0.73196E+06
   1572.20     1.769	0.71843E+06
   1573.40     1.735	0.74149E+06
   1574.60     1.752	0.72985E+06
   1575.80     1.769	0.71858E+06
   1577.00     1.740	0.73784E+06
   1578.00     1.748	0.73258E+06
   1579.20     1.762	0.72339E+06
   1580.40     1.723	0.74951E+06
   1581.60     1.718	0.75316E+06
   1582.80     1.732	0.74361E+06
   1584.00     1.724	0.74862E+06
   1585.20     1.713	0.75669E+06
   1586.40     1.725	0.74805E+06
   1587.60     1.686	0.77558E+06
   1588.80     1.687	0.77489E+06
   1589.80     1.700	0.76528E+06
   1591.00     1.731	0.74431E+06
   1592.20     1.734	0.74180E+06
   1593.40     1.746	0.73406E+06
   1594.60     1.758	0.72561E+06
   1595.80     1.750	0.73103E+06
   1597.00     1.746	0.73357E+06
   1598.20     1.760	0.72460E+06
   1599.40     1.757	0.72637E+06
   1600.60     1.768	0.71905E+06
   1601.60     1.783	0.70955E+06
   1602.80     1.766	0.72030E+06
   1604.00     1.777	0.71303E+06
   1605.20     1.772	0.71667E+06
   1606.40     1.768	0.71925E+06
   1607.60     1.792	0.70320E+06
   1608.80     1.798	0.69933E+06
   1610.00     1.789	0.70540E+06
   1611.20     1.774	0.71508E+06
   1612.40     1.743	0.73573E+06
   1613.40     1.755	0.72769E+06
   1614.60     1.727	0.74708E+06
   1615.80     1.724	0.74853E+06
   1617.00     1.733	0.74269E+06
   1618.20     1.732	0.74360E+06
   1619.40     1.731	0.74371E+06
   1620.60     1.741	0.73694E+06
   1621.80     1.755	0.72809E+06
   1623.00     1.744	0.73544E+06
   1624.00     1.741	0.73719E+06
   1625.20     1.762	0.72308E+06
   1626.40     1.749	0.73168E+06
   1627.60     1.739	0.73871E+06
   1628.80     1.738	0.73945E+06
   1630.00     1.736	0.74035E+06
   1631.20     1.753	0.72908E+06
   1632.40     1.730	0.74479E+06
   1633.60     1.713	0.75620E+06
   1634.80     1.722	0.75046E+06
   1635.80     1.752	0.73011E+06
   1637.00     1.735	0.74151E+06
   1638.20     1.724	0.74867E+06
   1639.40     1.761	0.72389E+06
   1640.60     1.740	0.73776E+06
   1641.80     1.726	0.74769E+06
   1643.00     1.740	0.73819E+06
   1644.20     1.724	0.74865E+06
   1645.40     1.719	0.75219E+06
   1646.60     1.733	0.74245E+06
   1647.60     1.725	0.74807E+06
   1648.80     1.726	0.74726E+06
   1650.00     1.745	0.73473E+06
   1651.20     1.756	0.72726E+06
   1652.40     1.741	0.73702E+06
   1653.60     1.746	0.73417E+06
   1654.80     1.757	0.72666E+06
   1656.00     1.738	0.73920E+06
   1657.20     1.729	0.74551E+06
   1658.40     1.746	0.73414E+06
   1659.40     1.730	0.74474E+06
   1660.60     1.731	0.74415E+06
   1661.80     1.731	0.74382E+06
   1663.00     1.739	0.73847E+06
   1664.20     1.745	0.73469E+06
   1665.40     1.738	0.73893E+06
   1666.60     1.742	0.73623E+06
   1667.80     1.728	0.74610E+06
   1669.00     1.754	0.72852E+06
   1670.20     1.748	0.73245E+06
   1671.20     1.733	0.74272E+06
   1672.40     1.732	0.74341E+06
   1673.60     1.724	0.74919E+06
   1674.80     1.725	0.74808E+06
   1676.00     1.728	0.74588E+06
   1677.20     1.699	0.76643E+06
   1678.40     1.680	0.77991E+06
   1679.60     1.689	0.77336E+06
   1680.80     1.692	0.77142E+06
   1682.00     1.686	0.77535E+06
   1683.00     1.697	0.76778E+06
   1684.20     1.710	0.75828E+06
   1685.40     1.700	0.76590E+06
   1686.60     1.718	0.75298E+06
   1687.80     1.721	0.75126E+06
   1689.00     1.724	0.74887E+06
   1690.20     1.717	0.75361E+06
   1691.40     1.709	0.75905E+06
   1692.60     1.732	0.74338E+06
   1693.80     1.717	0.75374E+06
   1694.80     1.687	0.77496E+06
   1696.00     1.709	0.75901E+06
   1697.20     1.715	0.75529E+06
   1698.40     1.712	0.75702E+06
   1699.60     1.719	0.75253E+06
   1700.80     1.726	0.74759E+06
   1702.00     1.740	0.73803E+06
   1703.20     1.731	0.74401E+06
   1704.40     1.736	0.74045E+06
   1705.60     1.746	0.73392E+06
   1706.60     1.756	0.72725E+06
   1707.80     1.793	0.70306E+06
   1709.00     1.789	0.70509E+06
   1710.20     1.789	0.70531E+06
   1711.40     1.774	0.71521E+06
   1712.60     1.747	0.73315E+06
   1713.80     1.756	0.72714E+06
   1715.00     1.771	0.71710E+06
   1716.20     1.793	0.70260E+06
   1717.40     1.821	0.68472E+06
   1718.40     1.837	0.67471E+06
   1719.60     1.863	0.65874E+06
   1720.80     1.847	0.66871E+06
   1722.00     1.833	0.67704E+06
   1723.20     1.842	0.67165E+06
   1724.40     1.791	0.70378E+06
   1725.60     1.765	0.72117E+06
   1726.80     1.764	0.72144E+06
   1728.00     1.741	0.73743E+06
   1729.00     1.736	0.74042E+06
   1730.20     1.734	0.74174E+06
   1731.40     1.726	0.74774E+06
   1732.60     1.729	0.74527E+06
   1733.80     1.726	0.74749E+06
   1735.00     1.728	0.74585E+06
   1736.20     1.721	0.75122E+06
   1737.40     1.735	0.74131E+06
   1738.60     1.747	0.73293E+06
   1739.80     1.752	0.72965E+06
   1740.80     1.741	0.73712E+06
   1742.00     1.743	0.73620E+06
   1743.20     1.738	0.73928E+06
   1744.40     1.738	0.73904E+06
   1745.60     1.742	0.73671E+06
   1746.80     1.738	0.73911E+06
   1748.00     1.748	0.73228E+06
   1749.20     1.746	0.73353E+06
   1750.40     1.734	0.74199E+06
   1751.60     1.723	0.74966E+06
   1752.60     1.699	0.76605E+06
   1753.80     1.685	0.77604E+06
   1755.00     1.703	0.76339E+06
   1756.20     1.755	0.72794E+06
   1757.40     1.746	0.73394E+06
   1758.60     1.743	0.73593E+06
   1759.80     1.765	0.72140E+06
   1761.00     1.774	0.71536E+06
   1762.20     1.740	0.73790E+06
   1763.40     1.721	0.75099E+06
   1764.40     1.734	0.74169E+06
   1765.60     1.732	0.74334E+06
   1766.80     1.719	0.75225E+06
   1768.00     1.710	0.75828E+06
   1769.20     1.716	0.75452E+06
   1770.40     1.708	0.76017E+06
   1771.60     1.716	0.75432E+06
   1772.80     1.726	0.74757E+06
   1774.00     1.736	0.74081E+06
   1775.20     1.739	0.73889E+06
   1776.20     1.733	0.74277E+06
   1777.40     1.719	0.75248E+06
   1778.60     1.701	0.76495E+06
   1779.80     1.699	0.76616E+06
   1781.00     1.701	0.76498E+06
   1782.20     1.698	0.76679E+06
   1783.40     1.694	0.77011E+06
   1784.60     1.707	0.76045E+06
   1785.80     1.727	0.74690E+06
   1787.00     1.727	0.74682E+06
   1788.00     1.730	0.74507E+06
   1789.20     1.698	0.76697E+06
   1790.40     1.700	0.76594E+06
   1791.60     1.700	0.76546E+06
   1792.80     1.700	0.76551E+06
   1794.00     1.698	0.76726E+06
   1795.20     1.698	0.76683E+06
   1796.40     1.682	0.77845E+06
   1797.60     1.684	0.77687E+06
   1798.80     1.679	0.78029E+06
   1799.80     1.670	0.78684E+06
   1801.00     1.678	0.78159E+06
   1802.20     1.680	0.78018E+06
   1803.40     1.670	0.78674E+06
   1804.60     1.678	0.78159E+06
   1805.80     1.680	0.77991E+06
   1807.00     1.687	0.77466E+06
   1808.20     1.680	0.77971E+06
   1809.40     1.681	0.77919E+06
   1810.60     1.676	0.78289E+06
   1811.60     1.694	0.76995E+06
   1812.80     1.716	0.75434E+06
   1814.00     1.711	0.75788E+06
   1815.20     1.710	0.75846E+06
   1816.40     1.711	0.75822E+06
   1817.60     1.708	0.75965E+06
   1818.80     1.703	0.76365E+06
   1820.00     1.700	0.76547E+06
   1821.20     1.697	0.76761E+06
   1822.40     1.685	0.77621E+06
   1823.40     1.701	0.76507E+06
   1824.60     1.709	0.75961E+06
   1825.80     1.713	0.75659E+06
   1827.00     1.721	0.75090E+06
   1828.20     1.736	0.74029E+06
   1829.40     1.730	0.74480E+06
   1830.60     1.719	0.75254E+06
   1831.80     1.728	0.74593E+06
   1833.00     1.747	0.73282E+06
   1834.00     1.749	0.73165E+06
   1835.20     1.744	0.73490E+06
   1836.40     1.749	0.73192E+06
   1837.60     1.734	0.74167E+06
   1838.80     1.742	0.73639E+06
   1840.00     1.772	0.71678E+06
   1841.20     1.783	0.70901E+06
   1842.40     1.775	0.71430E+06
   1843.60     1.788	0.70631E+06
   1844.80     1.791	0.70388E+06
   1845.80     1.778	0.71281E+06
   1847.00     1.787	0.70641E+06
   1848.20     1.794	0.70204E+06
   1849.40     1.817	0.68758E+06
   1850.60     1.828	0.68014E+06
   1851.80     1.843	0.67125E+06
   1853.00     1.831	0.67835E+06
   1854.20     1.816	0.68811E+06
   1855.40     1.802	0.69699E+06
   1856.60     1.789	0.70557E+06
   1857.60     1.807	0.69363E+06
   1858.80     1.817	0.68736E+06
   1860.00     1.814	0.68903E+06
   1861.20     1.807	0.69358E+06
   1862.40     1.789	0.70520E+06
   1863.60     1.795	0.70146E+06
   1864.80     1.774	0.71530E+06
   1866.00     1.756	0.72705E+06
   1867.20     1.759	0.72543E+06
   1868.40     1.741	0.73736E+06
   1869.40     1.736	0.74039E+06
   1870.60     1.738	0.73909E+06
   1871.80     1.725	0.74798E+06
   1873.00     1.715	0.75503E+06
   1874.20     1.730	0.74506E+06
   1875.40     1.739	0.73832E+06
   1876.60     1.743	0.73607E+06
   1877.80     1.735	0.74120E+06
   1879.00     1.754	0.72836E+06
   1880.20     1.778	0.71248E+06
   1881.20     1.772	0.71630E+06
   1882.40     1.776	0.71375E+06
   1883.60     1.794	0.70193E+06
   1884.80     1.816	0.68774E+06
   1886.00     1.828	0.68023E+06
   1887.20     1.838	0.67451E+06
   1888.40     1.839	0.67355E+06
   1889.60     1.853	0.66490E+06
   1890.80     1.855	0.66346E+06
   1892.00     1.850	0.66673E+06
   1893.00     1.852	0.66588E+06
   1894.20     1.836	0.67533E+06
   1895.40     1.822	0.68425E+06
   1896.60     1.806	0.69421E+06
   1897.80     1.802	0.69693E+06
   1899.00     1.808	0.69297E+06
   1900.20     1.811	0.69134E+06
   1901.40     1.817	0.68763E+06
   1902.60     1.816	0.68830E+06
   1903.80     1.817	0.68718E+06
   1904.80     1.821	0.68462E+06
   1906.00     1.825	0.68219E+06
   1907.20     1.822	0.68442E+06
   1908.40     1.820	0.68577E+06
   1909.60     1.822	0.68408E+06
   1910.80     1.827	0.68088E+06
   1912.00     1.837	0.67455E+06
   1913.20     1.836	0.67540E+06
   1914.40     1.830	0.67903E+06
   1915.60     1.829	0.67987E+06
   1916.60     1.833	0.67711E+06
   1917.80     1.823	0.68386E+06
   1919.00     1.818	0.68674E+06
   1920.20     1.827	0.68112E+06
   1921.40     1.817	0.68727E+06
   1922.60     1.800	0.69817E+06
   1923.80     1.799	0.69877E+06
   1925.00     1.797	0.70019E+06
   1926.20     1.809	0.69246E+06
   1927.40     1.859	0.66107E+06
   1928.40     1.820	0.68561E+06
   1929.60     1.792	0.70355E+06
   1930.80     1.786	0.70745E+06
   1932.00     1.776	0.71410E+06
   1933.20     1.807	0.69362E+06
   1934.40     1.813	0.69010E+06
   1935.60     1.820	0.68580E+06
   1936.80     1.821	0.68467E+06
   1938.00     1.809	0.69253E+06
   1939.00     1.804	0.69558E+06
   1940.20     1.789	0.70511E+06
   1941.40     1.785	0.70791E+06
   1942.60     1.785	0.70821E+06
   1943.80     1.792	0.70325E+06
   1945.00     1.802	0.69719E+06
   1946.20     1.807	0.69383E+06
   1947.40     1.815	0.68860E+06
   1948.60     1.807	0.69353E+06
   1949.80     1.818	0.68665E+06
   1950.80     1.831	0.67887E+06
   1952.00     1.828	0.68028E+06
   1953.20     1.818	0.68688E+06
   1954.40     1.800	0.69803E+06
   1955.60     1.782	0.70985E+06
   1956.80     1.787	0.70690E+06
   1958.00     1.809	0.69251E+06
   1959.20     1.792	0.70320E+06
   1960.40     1.785	0.70791E+06
   1961.60     1.795	0.70115E+06
   1962.60     1.780	0.71095E+06
   1963.80     1.775	0.71430E+06
   1965.00     1.765	0.72114E+06
   1966.20     1.764	0.72166E+06
   1967.40     1.753	0.72890E+06
   1968.60     1.744	0.73549E+06
   1969.80     1.728	0.74620E+06
   1970.20     1.722	0.75006E+06
   1972.00     1.726	0.74720E+06
   1973.80     1.710	0.75866E+06
   1975.80     1.691	0.77183E+06
   1977.60     1.742	0.73646E+06
   1979.40     1.744	0.73487E+06
   1981.40     1.750	0.73088E+06
   1983.20     1.744	0.73515E+06
   1985.00     1.772	0.71666E+06
   1987.00     1.747	0.73315E+06
   1988.80     1.737	0.74010E+06
   1990.60     1.756	0.72725E+06
   1992.60     1.743	0.73569E+06
   1994.40     1.746	0.73353E+06
   1996.20     1.737	0.73995E+06
   1998.20     1.781	0.71042E+06
   2000.00     1.804	0.69554E+06
   2001.80     1.769	0.71876E+06
   2003.80     1.738	0.73945E+06
   2005.60     1.764	0.72203E+06
   2007.40     1.756	0.72678E+06
   2009.40     1.727	0.74676E+06
   2011.20     1.730	0.74483E+06
   2013.20     1.770	0.71759E+06
   2015.00     1.760	0.72476E+06
   2016.80     1.770	0.71784E+06
   2018.80     1.732	0.74354E+06
   2020.60     1.730	0.74505E+06
   2022.40     1.698	0.76669E+06
   2024.40     1.723	0.74946E+06
   2026.20     1.738	0.73925E+06
   2028.00     1.732	0.74315E+06
   2030.00     1.727	0.74709E+06
   2031.80     1.715	0.75494E+06
   2033.60     1.745	0.73426E+06
   2035.60     1.766	0.72025E+06
   2037.40     1.797	0.70010E+06
   2039.20     1.755	0.72745E+06
   2041.20     1.725	0.74829E+06
   2043.00     1.735	0.74140E+06
   2044.80     1.754	0.72870E+06
   2046.80     1.766	0.72048E+06
   2048.60     1.749	0.73150E+06
   2050.40     1.735	0.74138E+06
   2052.40     1.740	0.73798E+06
   2054.20     1.740	0.73813E+06
   2056.00     1.746	0.73408E+06
   2058.00     1.752	0.72946E+06
   2059.80     1.754	0.72842E+06
   2061.80     1.755	0.72757E+06
   2063.60     1.723	0.74959E+06
   2065.40     1.735	0.74163E+06
   2067.40     1.729	0.74546E+06
   2069.20     1.744	0.73530E+06
   2071.00     1.728	0.74600E+06
   2073.00     1.750	0.73095E+06
   2074.80     1.742	0.73629E+06
   2076.60     1.754	0.72842E+06
   2078.60     1.772	0.71643E+06
   2080.40     1.747	0.73313E+06
   2082.20     1.728	0.74639E+06
   2084.20     1.744	0.73492E+06
   2086.00     1.757	0.72659E+06
   2087.80     1.721	0.75077E+06
   2089.80     1.714	0.75573E+06
   2091.60     1.703	0.76321E+06
   2093.40     1.716	0.75425E+06
   2095.40     1.709	0.75946E+06
   2097.20     1.726	0.74743E+06
   2099.00     1.719	0.75217E+06
   2101.00     1.723	0.74936E+06
   2102.80     1.758	0.72562E+06
   2104.80     1.742	0.73650E+06
   2106.60     1.730	0.74469E+06
   2108.40     1.723	0.74984E+06
   2110.40     1.727	0.74676E+06
   2112.20     1.719	0.75222E+06
   2114.00     1.721	0.75108E+06
   2116.00     1.709	0.75959E+06
   2117.80     1.769	0.71827E+06
   2119.60     1.768	0.71931E+06
   2121.60     1.786	0.70739E+06
   2123.40     1.709	0.75912E+06
   2125.20     1.720	0.75149E+06
   2127.20     1.705	0.76183E+06
   2129.00     1.698	0.76675E+06
   2130.80     1.678	0.78107E+06
   2132.80     1.656	0.79748E+06
   2134.60     1.711	0.75784E+06
   2136.40     1.715	0.75500E+06
   2138.40     1.710	0.75841E+06
   2140.20     1.722	0.75034E+06
   2142.00     1.737	0.73999E+06
   2144.00     1.728	0.74604E+06
   2145.80     1.734	0.74208E+06
   2147.60     1.747	0.73323E+06
   2149.60     1.736	0.74074E+06
   2151.40     1.780	0.71128E+06
   2153.40     1.763	0.72271E+06
   2155.20     1.723	0.74966E+06
   2157.00     1.686	0.77521E+06
   2159.00     1.734	0.74186E+06
   2160.80     1.755	0.72786E+06
   2162.60     1.748	0.73264E+06
   2164.60     1.734	0.74200E+06
   2166.40     1.732	0.74324E+06
   2168.20     1.765	0.72090E+06
   2170.20     1.749	0.73195E+06
   2172.00     1.765	0.72085E+06
   2173.80     1.765	0.72086E+06
   2175.80     1.771	0.71682E+06
   2177.60     1.742	0.73642E+06
   2179.40     1.734	0.74179E+06
   2181.40     1.755	0.72773E+06
   2183.20     1.760	0.72411E+06
   2185.00     1.770	0.71785E+06
   2187.00     1.790	0.70455E+06
   2188.80     1.730	0.74487E+06
   2190.60     1.718	0.75301E+06
   2192.60     1.755	0.72776E+06
   2194.40     1.765	0.72080E+06
   2196.20     1.763	0.72244E+06
   2198.20     1.784	0.70847E+06
   2200.00     1.782	0.70965E+06
   2202.00     1.792	0.70327E+06
   2203.80     1.760	0.72454E+06
   2205.60     1.771	0.71698E+06
   2207.60     1.756	0.72714E+06
   2209.40     1.753	0.72888E+06
   2211.20     1.777	0.71332E+06
   2213.20     1.771	0.71689E+06
   2215.00     1.758	0.72568E+06
   2216.80     1.772	0.71672E+06
   2218.80     1.831	0.67843E+06
   2220.60     1.833	0.67749E+06
   2222.40     1.846	0.66914E+06
   2224.40     1.815	0.68893E+06
   2226.20     1.827	0.68077E+06
   2228.00     1.800	0.69821E+06
   2230.00     1.812	0.69049E+06
   2231.80     1.815	0.68887E+06
   2233.60     1.796	0.70076E+06
   2235.60     1.778	0.71230E+06
   2237.40     1.771	0.71729E+06
   2239.20     1.807	0.69393E+06
   2241.20     1.762	0.72308E+06
   2243.00     1.811	0.69093E+06
   2245.00     1.823	0.68359E+06
   2246.80     1.812	0.69051E+06
   2248.60     1.773	0.71570E+06
   2250.60     1.785	0.70825E+06
   2252.40     1.779	0.71197E+06
   2254.20     1.773	0.71592E+06
   2256.20     1.781	0.71046E+06
   2258.00     1.823	0.68342E+06
   2259.80     1.797	0.69996E+06
   2261.80     1.758	0.72545E+06
   2263.60     1.810	0.69204E+06
   2265.40     1.855	0.66376E+06
   2267.40     1.847	0.66874E+06
   2269.20     1.798	0.69921E+06
   2271.00     1.796	0.70081E+06
   2273.00     1.731	0.74438E+06
   2274.80     1.732	0.74316E+06
   2276.60     1.703	0.76339E+06
   2278.60     1.759	0.72533E+06
   2280.40     1.789	0.70536E+06
   2282.20     1.746	0.73385E+06
   2284.20     1.770	0.71805E+06
   2286.00     1.798	0.69955E+06
   2287.80     1.774	0.71490E+06
   2289.80     1.766	0.72037E+06
   2291.60     1.746	0.73417E+06
   2293.60     1.767	0.71966E+06
   2295.40     1.754	0.72873E+06
   2297.20     1.750	0.73120E+06
   2299.20     1.779	0.71195E+06
   2301.00     1.818	0.68703E+06
   2302.80     1.801	0.69752E+06
   2304.80     1.802	0.69711E+06
   2306.60     1.780	0.71142E+06
   2308.40     1.790	0.70481E+06
   2310.40     1.776	0.71365E+06
   2312.20     1.775	0.71428E+06
   2314.00     1.749	0.73180E+06
   2316.00     1.768	0.71886E+06
   2317.80     1.763	0.72217E+06
   2319.60     1.738	0.73957E+06
   2321.60     1.788	0.70615E+06
   2323.40     1.839	0.67335E+06
   2325.20     1.784	0.70890E+06
   2327.20     1.787	0.70653E+06
   2329.00     1.809	0.69217E+06
   2330.80     1.816	0.68782E+06
   2332.80     1.815	0.68847E+06
   2334.60     1.801	0.69771E+06
   2336.40     1.770	0.71773E+06
   2338.40     1.808	0.69299E+06
   2340.20     1.817	0.68726E+06
   2342.20     1.849	0.66724E+06
   2344.00     1.809	0.69266E+06
   2345.80     1.817	0.68709E+06
   2347.80     1.813	0.69009E+06
   2349.60     1.800	0.69818E+06
   2351.40     1.791	0.70391E+06
   2353.40     1.809	0.69221E+06
   2355.20     1.806	0.69458E+06
   2357.00     1.776	0.71368E+06
   2359.00     1.759	0.72494E+06
   2360.80     1.764	0.72209E+06
   2362.60     1.797	0.70035E+06
   2364.60     1.787	0.70655E+06
   2366.40     1.821	0.68501E+06
   2368.20     1.815	0.68887E+06
   2370.20     1.791	0.70416E+06
   2372.00     1.780	0.71106E+06
   2373.80     1.815	0.68871E+06
   2375.80     1.826	0.68148E+06
   2377.60     1.807	0.69356E+06
   2379.40     1.828	0.68037E+06
   2381.40     1.832	0.67794E+06
   2383.20     1.823	0.68359E+06
   2385.20     1.820	0.68562E+06
   2387.00     1.833	0.67751E+06
   2388.80     1.797	0.70015E+06
   2390.80     1.802	0.69713E+06
   2392.60     1.866	0.65711E+06
   2394.40     1.833	0.67740E+06
   2396.40     1.833	0.67730E+06
   2398.20     1.811	0.69120E+06
   2400.00     1.857	0.66241E+06
   2402.00     1.827	0.68114E+06
   2403.80     1.816	0.68777E+06
   2405.60     1.812	0.69051E+06
   2407.60     1.813	0.69020E+06
   2409.40     1.831	0.67878E+06
   2411.20     1.821	0.68460E+06
   2413.20     1.804	0.69553E+06
   2415.00     1.813	0.69000E+06
   2416.80     1.810	0.69156E+06
   2418.80     1.797	0.70027E+06
   2420.60     1.762	0.72281E+06
   2422.40     1.788	0.70600E+06
   2424.40     1.819	0.68617E+06
   2426.20     1.839	0.67351E+06
   2428.00     1.822	0.68415E+06
   2430.00     1.826	0.68196E+06
   2431.80     1.791	0.70397E+06
   2433.80     1.797	0.70048E+06
   2435.60     1.808	0.69331E+06
   2437.40     1.810	0.69192E+06
   2439.40     1.796	0.70103E+06
   2441.20     1.800	0.69823E+06
   2443.00     1.815	0.68879E+06
   2445.00     1.824	0.68266E+06
   2446.80     1.810	0.69187E+06
   2448.60     1.767	0.71967E+06
   2450.60     1.774	0.71511E+06
   2452.40     1.756	0.72725E+06
   2454.20     1.781	0.71049E+06
   2456.20     1.772	0.71634E+06
   2458.00     1.770	0.71806E+06
   2459.80     1.768	0.71889E+06
   2461.80     1.787	0.70669E+06
   2463.60     1.798	0.69965E+06
   2465.40     1.777	0.71290E+06
   2467.40     1.780	0.71149E+06
   2469.20     1.818	0.68701E+06
   2471.00     1.839	0.67337E+06
   2473.00     1.858	0.66207E+06
   2474.80     1.846	0.66933E+06
   2476.60     1.825	0.68234E+06
   2478.60     1.792	0.70320E+06
   2480.40     1.784	0.70873E+06
   2482.40     1.728	0.74582E+06
   2484.20     1.766	0.72058E+06
   2486.00     1.782	0.70978E+06
   2488.00     1.800	0.69810E+06
   2489.80     1.775	0.71428E+06
   2491.60     1.751	0.73033E+06
   2493.60     1.755	0.72751E+06
   2495.40     1.787	0.70678E+06
   2497.20     1.791	0.70392E+06
   2499.20     1.762	0.72339E+06
   2501.00     1.746	0.73355E+06
   2502.80     1.746	0.73405E+06
   2504.80     1.762	0.72305E+06
   2506.60     1.767	0.71987E+06
   2508.40     1.783	0.70936E+06
   2510.40     1.774	0.71492E+06
   2512.20     1.799	0.69901E+06
   2514.00     1.794	0.70184E+06
   2516.00     1.807	0.69349E+06
   2517.80     1.812	0.69041E+06
   2519.60     1.791	0.70397E+06
   2521.60     1.786	0.70707E+06
   2523.40     1.790	0.70487E+06
   2525.40     1.807	0.69405E+06
   2527.20     1.798	0.69930E+06
   2529.00     1.768	0.71879E+06
   2531.00     1.793	0.70278E+06
   2532.80     1.826	0.68181E+06
   2534.60     1.779	0.71176E+06
   2536.60     1.790	0.70489E+06
   2538.40     1.802	0.69712E+06
   2540.20     1.823	0.68380E+06
   2542.20     1.820	0.68573E+06
   2544.00     1.801	0.69761E+06
   2545.80     1.807	0.69353E+06
   2547.80     1.832	0.67823E+06
   2549.60     1.827	0.68107E+06
   2551.40     1.811	0.69094E+06
   2553.40     1.843	0.67095E+06
   2555.20     1.833	0.67726E+06
   2557.00     1.820	0.68551E+06
   2559.00     1.805	0.69487E+06
   2560.80     1.797	0.69992E+06
   2562.60     1.772	0.71660E+06
   2564.60     1.779	0.71168E+06
   2566.40     1.792	0.70372E+06
   2568.20     1.775	0.71427E+06
   2570.20     1.780	0.71109E+06
   2572.00     1.752	0.72974E+06
   2574.00     1.769	0.71838E+06
   2575.80     1.756	0.72723E+06
   2577.60     1.767	0.71947E+06
   2579.60     1.782	0.71019E+06
   2581.40     1.781	0.71049E+06
   2583.20     1.786	0.70729E+06
   2585.20     1.788	0.70596E+06
   2587.00     1.791	0.70378E+06
   2588.80     1.794	0.70213E+06
   2590.80     1.802	0.69701E+06
   2592.60     1.799	0.69901E+06
   2594.40     1.787	0.70662E+06
   2596.40     1.750	0.73094E+06
   2598.20     1.755	0.72746E+06
   2600.00     1.759	0.72501E+06
   2602.00     1.777	0.71321E+06
   2603.80     1.790	0.70452E+06
   2605.60     1.805	0.69490E+06
   2607.60     1.811	0.69129E+06
   2609.40     1.809	0.69265E+06
   2611.20     1.793	0.70278E+06
   2613.20     1.800	0.69850E+06
   2615.00     1.794	0.70179E+06
   2616.80     1.785	0.70768E+06
   2618.80     1.815	0.68862E+06
   2620.60     1.832	0.67768E+06
   2622.60     1.808	0.69331E+06
   2624.40     1.774	0.71531E+06
   2626.20     1.735	0.74128E+06
   2628.20     1.788	0.70578E+06
   2630.00     1.833	0.67718E+06
   2631.80     1.849	0.66740E+06
   2633.80     1.793	0.70304E+06
   2635.60     1.771	0.71732E+06
   2637.40     1.756	0.72714E+06
   2639.40     1.769	0.71836E+06
   2641.20     1.755	0.72769E+06
   2643.00     1.779	0.71195E+06
   2645.00     1.777	0.71318E+06
   2646.80     1.775	0.71456E+06
   2648.60     1.768	0.71942E+06
   2650.60     1.773	0.71594E+06
   2652.40     1.768	0.71879E+06
   2654.20     1.750	0.73081E+06
   2656.20     1.747	0.73322E+06
   2658.00     1.739	0.73855E+06
   2659.80     1.739	0.73845E+06
   2661.80     1.769	0.71855E+06
   2663.60     1.773	0.71574E+06
   2665.60     1.782	0.70993E+06
   2667.40     1.793	0.70257E+06
   2669.20     1.787	0.70695E+06
   2671.20     1.773	0.71587E+06
   2673.00     1.757	0.72646E+06
   2674.80     1.762	0.72283E+06
   2676.80     1.767	0.71983E+06
   2678.60     1.761	0.72356E+06
   2680.40     1.766	0.72059E+06
   2682.40     1.750	0.73088E+06
   2684.20     1.739	0.73837E+06
   2686.00     1.736	0.74064E+06
   2688.00     1.768	0.71929E+06
   2689.80     1.753	0.72941E+06
   2691.60     1.731	0.74426E+06
   2693.60     1.764	0.72208E+06
   2695.40     1.803	0.69607E+06
   2697.20     1.821	0.68456E+06
   2699.20     1.809	0.69270E+06
   2701.00     1.812	0.69081E+06
   2702.80     1.778	0.71270E+06
   2704.80     1.778	0.71246E+06
   2706.60     1.757	0.72613E+06
   2708.40     1.808	0.69281E+06
   2710.40     1.800	0.69819E+06
   2712.20     1.785	0.70820E+06
   2714.20     1.797	0.70015E+06
   2716.00     1.825	0.68235E+06
   2717.80     1.816	0.68774E+06
   2719.80     1.801	0.69734E+06
   2721.60     1.815	0.68895E+06
   2723.40     1.804	0.69579E+06
   2725.40     1.821	0.68495E+06
   2727.20     1.828	0.68074E+06
   2729.00     1.802	0.69668E+06
   2731.00     1.798	0.69946E+06
   2732.80     1.790	0.70464E+06
   2734.60     1.761	0.72399E+06
   2736.60     1.732	0.74338E+06
   2738.40     1.787	0.70674E+06
   2740.20     1.802	0.69695E+06
   2742.20     1.827	0.68130E+06
   2744.00     1.812	0.69037E+06
   2745.80     1.836	0.67522E+06
   2747.80     1.839	0.67380E+06
   2749.60     1.825	0.68252E+06
   2751.40     1.817	0.68749E+06
   2753.40     1.815	0.68860E+06
   2755.20     1.798	0.69979E+06
   2757.00     1.787	0.70655E+06
   2759.00     1.783	0.70915E+06
   2760.80     1.793	0.70303E+06
   2762.80     1.803	0.69608E+06
   2764.60     1.799	0.69886E+06
   2766.40     1.802	0.69688E+06
   2768.40     1.828	0.68037E+06
   2770.20     1.837	0.67455E+06
   2772.00     1.842	0.67186E+06
   2774.00     1.815	0.68853E+06
   2775.80     1.821	0.68510E+06
   2777.60     1.833	0.67754E+06
   2779.60     1.825	0.68263E+06
   2781.40     1.823	0.68380E+06
   2783.20     1.813	0.68961E+06
   2785.20     1.811	0.69129E+06
   2787.00     1.808	0.69328E+06
   2788.80     1.803	0.69647E+06
   2790.80     1.802	0.69690E+06
   2792.60     1.832	0.67772E+06
   2794.40     1.858	0.66168E+06
   2796.40     1.839	0.67338E+06
   2798.20     1.793	0.70274E+06
   2800.00     1.801	0.69761E+06
   2802.00     1.822	0.68392E+06
   2803.80     1.798	0.69975E+06
   2805.80     1.791	0.70394E+06
   2807.60     1.814	0.68945E+06
   2809.40     1.800	0.69839E+06
   2811.40     1.785	0.70793E+06
   2813.20     1.780	0.71129E+06
   2815.00     1.779	0.71155E+06
   2817.00     1.783	0.70934E+06
   2818.80     1.786	0.70755E+06
   2820.60     1.777	0.71321E+06
   2822.60     1.783	0.70956E+06
   2824.40     1.805	0.69496E+06
   2826.20     1.797	0.70039E+06
   2828.20     1.796	0.70091E+06
   2830.00     1.842	0.67147E+06
   2831.80     1.872	0.65323E+06
   2833.80     1.846	0.66924E+06
   2835.60     1.832	0.67776E+06
   2837.40     1.834	0.67654E+06
   2839.40     1.854	0.66420E+06
   2841.20     1.841	0.67220E+06
   2843.00     1.847	0.66851E+06
   2845.00     1.843	0.67089E+06
   2846.80     1.840	0.67323E+06
   2848.60     1.817	0.68735E+06
   2850.60     1.806	0.69408E+06
   2852.40     1.799	0.69857E+06
   2854.40     1.834	0.67683E+06
   2856.20     1.833	0.67757E+06
   2858.00     1.815	0.68875E+06
   2860.00     1.812	0.69032E+06
   2861.80     1.813	0.68997E+06
   2863.60     1.821	0.68485E+06
   2865.60     1.811	0.69114E+06
   2867.40     1.808	0.69336E+06
   2869.20     1.808	0.69282E+06
   2871.20     1.817	0.68757E+06
   2873.00     1.809	0.69234E+06
   2874.80     1.825	0.68220E+06
   2876.80     1.837	0.67483E+06
   2878.60     1.808	0.69339E+06
   2880.40     1.812	0.69051E+06
   2882.40     1.812	0.69067E+06
   2884.20     1.837	0.67467E+06
   2886.00     1.846	0.66935E+06
   2888.00     1.813	0.68965E+06
   2889.80     1.845	0.67001E+06
   2891.60     1.859	0.66138E+06
   2893.60     1.821	0.68496E+06
   2895.40     1.821	0.68495E+06
   2897.20     1.830	0.67903E+06
   2899.20     1.845	0.66959E+06
   2901.00     1.845	0.66986E+06
   2903.00     1.819	0.68636E+06
   2904.80     1.819	0.68616E+06
   2906.60     1.817	0.68719E+06
   2908.60     1.817	0.68745E+06
   2910.40     1.820	0.68568E+06
   2912.20     1.831	0.67837E+06
   2914.20     1.835	0.67628E+06
   2916.00     1.816	0.68813E+06
   2917.80     1.830	0.67940E+06
   2919.80     1.834	0.67667E+06
   2921.60     1.835	0.67619E+06
   2923.40     1.864	0.65818E+06
   2925.40     1.877	0.65028E+06
   2927.20     1.853	0.66514E+06
   2929.00     1.861	0.66019E+06
   2931.00     1.876	0.65125E+06
   2932.80     1.872	0.65370E+06
   2934.60     1.883	0.64667E+06
   2936.60     1.881	0.64813E+06
   2938.40     1.845	0.66993E+06
   2940.20     1.834	0.67663E+06
   2942.20     1.839	0.67333E+06
   2944.00     1.854	0.66448E+06
   2946.00     1.861	0.66011E+06
   2947.80     1.868	0.65610E+06
   2949.60     1.855	0.66353E+06
   2951.60     1.857	0.66275E+06
   2953.40     1.834	0.67680E+06
   2955.20     1.840	0.67309E+06
   2957.20     1.818	0.68701E+06
   2959.00     1.817	0.68758E+06
   2960.80     1.834	0.67642E+06
   2962.80     1.841	0.67266E+06
   2964.60     1.838	0.67426E+06
   2966.40     1.853	0.66474E+06
   2968.40     1.824	0.68309E+06
   2970.20     1.827	0.68131E+06
   2972.00     1.819	0.68613E+06
   2974.00     1.827	0.68110E+06
   2975.80     1.833	0.67708E+06
   2977.60     1.864	0.65829E+06
   2979.60     1.850	0.66691E+06
   2981.40     1.835	0.67621E+06
   2983.20     1.845	0.67017E+06
   2985.20     1.858	0.66190E+06
   2987.00     1.874	0.65215E+06
   2988.80     1.884	0.64600E+06
   2990.80     1.870	0.65474E+06
   2992.60     1.887	0.64473E+06
   2994.60     1.889	0.64347E+06
   2996.40     1.883	0.64697E+06
   2998.20     1.863	0.65885E+06
   3000.20     1.858	0.66213E+06
   3002.00     1.860	0.66066E+06
   3003.80     1.867	0.65644E+06
   3005.80     1.837	0.67475E+06
   3007.60     1.822	0.68399E+06
   3009.40     1.846	0.66928E+06
   3011.40     1.831	0.67881E+06
   3013.20     1.841	0.67210E+06
   3015.00     1.862	0.65973E+06
   3017.00     1.862	0.65973E+06
   3018.80     1.846	0.66901E+06
   3020.60     1.843	0.67130E+06
   3022.60     1.850	0.66664E+06
   3024.40     1.862	0.65946E+06
   3026.20     1.859	0.66112E+06
   3028.20     1.842	0.67203E+06
   3030.00     1.849	0.66754E+06
   3031.80     1.799	0.69864E+06
   3033.80     1.828	0.68031E+06
   3035.60     1.861	0.65985E+06
   3037.40     1.845	0.66998E+06
   3039.40     1.829	0.68009E+06
   3041.20     1.827	0.68096E+06
   3043.20     1.834	0.67678E+06
   3045.00     1.848	0.66827E+06
   3046.80     1.840	0.67269E+06
   3048.80     1.797	0.70032E+06
   3050.60     1.820	0.68553E+06
   3052.40     1.810	0.69170E+06
   3054.40     1.823	0.68350E+06
   3056.20     1.859	0.66123E+06
   3058.00     1.888	0.64382E+06
   3060.00     1.847	0.66883E+06
   3061.80     1.855	0.66394E+06
   3063.60     1.871	0.65388E+06
   3065.60     1.838	0.67421E+06
   3067.40     1.831	0.67855E+06
   3069.20     1.869	0.65538E+06
   3071.20     1.868	0.65574E+06
   3073.00     1.868	0.65588E+06
   3074.80     1.863	0.65875E+06
   3076.80     1.884	0.64602E+06
   3078.60     1.828	0.68035E+06
   3080.40     1.802	0.69722E+06
   3082.40     1.830	0.67895E+06
   3084.20     1.821	0.68467E+06
   3086.20     1.863	0.65878E+06
   3088.00     1.859	0.66145E+06
   3089.80     1.849	0.66724E+06
   3091.80     1.852	0.66570E+06
   3093.60     1.877	0.65026E+06
   3095.40     1.843	0.67121E+06
   3097.40     1.884	0.64597E+06
   3099.20     1.857	0.66242E+06
   3101.00     1.829	0.67991E+06
   3103.00     1.819	0.68613E+06
   3104.80     1.841	0.67230E+06
   3106.60     1.863	0.65916E+06
   3108.60     1.862	0.65966E+06
   3110.40     1.863	0.65906E+06
   3112.20     1.879	0.64929E+06
   3114.20     1.877	0.65063E+06
   3116.00     1.842	0.67185E+06
   3117.80     1.856	0.66321E+06
   3119.80     1.848	0.66787E+06
   3121.60     1.828	0.68040E+06
   3123.40     1.827	0.68139E+06
   3125.40     1.867	0.65632E+06
   3127.20     1.862	0.65969E+06
   3129.00     1.830	0.67892E+06
   3131.00     1.824	0.68290E+06
   3132.80     1.848	0.66830E+06
   3134.80     1.856	0.66312E+06
   3136.60     1.834	0.67683E+06
   3138.40     1.862	0.65969E+06
   3140.40     1.856	0.66294E+06
   3142.20     1.870	0.65471E+06
   3144.00     1.869	0.65539E+06
   3146.00     1.889	0.64304E+06
   3147.80     1.851	0.66636E+06
   3149.60     1.848	0.66822E+06
   3151.60     1.822	0.68450E+06
   3153.40     1.803	0.69616E+06
   3155.20     1.854	0.66427E+06
   3157.20     1.826	0.68141E+06
   3159.00     1.854	0.66417E+06
   3160.80     1.864	0.65821E+06
   3162.80     1.887	0.64424E+06
   3164.60     1.895	0.64001E+06
   3166.40     1.884	0.64629E+06
   3168.40     1.844	0.67020E+06
   3170.20     1.866	0.65684E+06
   3172.00     1.852	0.66570E+06
   3174.00     1.881	0.64799E+06
   3175.80     1.878	0.64977E+06
   3177.60     1.844	0.67060E+06
   3179.60     1.851	0.66606E+06
   3181.40     1.898	0.63792E+06
   3183.40     1.864	0.65836E+06
   3185.20     1.860	0.66052E+06
   3187.00     1.888	0.64392E+06
   3189.00     1.889	0.64345E+06
   3190.80     1.888	0.64365E+06
   3192.60     1.821	0.68471E+06
   3194.60     1.798	0.69968E+06
   3196.40     1.842	0.67145E+06
   3198.20     1.887	0.64429E+06
   3205.30     1.828	0.68057E+06
   3210.65     1.826	0.68145E+06
   3216.01     1.827	0.68107E+06
   3221.38     1.828	0.68025E+06
   3226.75     1.830	0.67943E+06
   3232.14     1.831	0.67860E+06
   3237.53     1.832	0.67784E+06
   3242.94     1.833	0.67764E+06
   3248.35     1.833	0.67743E+06
   3253.77     1.833	0.67723E+06
   3259.20     1.833	0.67703E+06
   3264.64     1.834	0.67674E+06
   3270.09     1.835	0.67636E+06
   3275.55     1.835	0.67597E+06
   3281.02     1.836	0.67560E+06
   3286.50     1.836	0.67522E+06
   3291.98     1.837	0.67497E+06
   3297.48     1.837	0.67472E+06
   3302.98     1.838	0.67448E+06
   3308.50     1.838	0.67424E+06
   3314.02     1.839	0.67379E+06
   3319.55     1.840	0.67297E+06
   3325.09     1.841	0.67214E+06
   3330.64     1.843	0.67133E+06
   3336.20     1.844	0.67049E+06
   3341.77     1.845	0.66970E+06
   3347.35     1.847	0.66890E+06
   3352.93     1.848	0.66810E+06
   3358.53     1.849	0.66730E+06
   3364.14     1.850	0.66673E+06
   3369.75     1.850	0.66657E+06
   3375.38     1.851	0.66641E+06
   3381.01     1.851	0.66624E+06
   3386.66     1.851	0.66609E+06
   3392.31     1.852	0.66540E+06
   3397.97     1.853	0.66466E+06
   3403.64     1.855	0.66394E+06
   3409.32     1.856	0.66321E+06
   3415.01     1.857	0.66278E+06
   3420.72     1.857	0.66261E+06
   3426.43     1.857	0.66244E+06
   3432.15     1.857	0.66228E+06
   3437.87     1.858	0.66203E+06
   3443.61     1.859	0.66138E+06
   3449.36     1.860	0.66073E+06
   3455.12     1.861	0.66008E+06
   3460.89     1.862	0.65943E+06
   3466.66     1.863	0.65896E+06
   3472.45     1.864	0.65856E+06
   3478.25     1.864	0.65813E+06
   3484.05     1.865	0.65772E+06
   3489.87     1.866	0.65721E+06
   3495.69     1.867	0.65662E+06
   3501.53     1.868	0.65601E+06
   3507.37     1.869	0.65542E+06
   3513.23     1.870	0.65480E+06
   3519.09     1.871	0.65417E+06
   3524.97     1.872	0.65353E+06
   3530.85     1.873	0.65290E+06
   3536.74     1.874	0.65226E+06
   3542.65     1.875	0.65150E+06
   3548.56     1.876	0.65073E+06
   3554.48     1.878	0.64997E+06
   3560.42     1.879	0.64919E+06
   3566.36     1.881	0.64833E+06
   3572.31     1.882	0.64744E+06
   3578.27     1.884	0.64654E+06
   3584.25     1.885	0.64563E+06
   3590.23     1.886	0.64498E+06
   3596.22     1.887	0.64456E+06
   3602.23     1.888	0.64411E+06
   3608.24     1.888	0.64368E+06
   3614.26     1.889	0.64310E+06
   3620.29     1.891	0.64228E+06
   3626.34     1.892	0.64146E+06
   3632.39     1.893	0.64063E+06
   3638.46     1.893	0.64068E+06
   3644.53     1.891	0.64203E+06
   3650.61     1.889	0.64338E+06
   3656.71     1.887	0.64473E+06
   3662.81     1.886	0.64528E+06
   3668.92     1.888	0.64396E+06
   3675.05     1.890	0.64263E+06
   3681.18     1.892	0.64131E+06
   3687.33     1.895	0.63970E+06
   3693.48     1.906	0.63339E+06
   3699.65     1.917	0.62706E+06
   3705.82     1.928	0.62077E+06
   3712.01     1.939	0.61443E+06
   3718.20     1.917	0.62670E+06
   3724.41     1.896	0.63898E+06
   3730.63     1.876	0.65130E+06
   3736.85     1.855	0.66363E+06
   3743.09     1.860	0.66066E+06
   3749.34     1.866	0.65733E+06
   3755.60     1.871	0.65399E+06
   3761.87     1.877	0.65063E+06
   3768.15     1.836	0.67574E+06
   3774.44     1.795	0.70151E+06
   3780.74     1.756	0.72732E+06
   3787.05     1.718	0.75317E+06
   3793.37     1.682	0.77813E+06
   3799.70     1.648	0.80315E+06
   3806.04     1.615	0.82821E+06
   3812.40     1.587	0.84972E+06
   3818.76     1.629	0.81713E+06
   3825.14     1.674	0.78449E+06
   3831.52     1.720	0.75179E+06
   3837.92     1.747	0.73348E+06
   3844.32     1.650	0.80184E+06
   3850.74     1.561	0.87031E+06
   3857.17     1.478	0.93892E+06
   3863.60     1.440	0.97278E+06
   3870.05     1.523	0.90153E+06
   3876.51     1.612	0.83016E+06
   3882.98     1.710	0.75866E+06
   3889.47     1.736	0.74095E+06
   3895.96     1.637	0.81121E+06
   3902.46     1.547	0.88158E+06
   3908.98     1.463	0.95207E+06
   3915.50     1.424	0.98727E+06
   3922.04     1.419	0.99185E+06
   3928.58     1.414	0.99644E+06
   3935.14     1.409	0.10010E+07
   3941.71     1.459	0.95616E+06
   3948.29     1.535	0.89163E+06
   3954.88     1.616	0.82699E+06
   3961.48     1.705	0.76223E+06
   3968.09     1.662	0.79290E+06
   3974.72     1.610	0.83182E+06
   3981.35     1.560	0.87077E+06
   3988.00     1.515	0.90758E+06
   3994.65     1.487	0.93174E+06
   4001.32     1.459	0.95595E+06
   4008.00     1.432	0.98021E+06
   4014.69     1.417	0.99379E+06
   4021.39     1.419	0.99145E+06
   4028.10     1.422	0.98910E+06
   4034.83     1.424	0.98674E+06
   4041.56     1.425	0.98587E+06
   4048.31     1.426	0.98570E+06
   4055.07     1.426	0.98556E+06
   4061.84     1.426	0.98538E+06
   4068.62     1.462	0.95347E+06
   4075.41     1.500	0.92072E+06
   4082.21     1.539	0.88791E+06
   4089.02     1.580	0.85507E+06
   4095.85     1.622	0.82228E+06
   4102.69     1.667	0.78944E+06
   4109.54     1.713	0.75654E+06
   4116.40     1.681	0.77928E+06
   4123.27     1.608	0.83336E+06
   4130.15     1.540	0.88753E+06
   4137.04     1.475	0.94149E+06
   4143.95     1.469	0.94674E+06
   4150.87     1.463	0.95199E+06
   4157.79     1.457	0.95725E+06
   4164.73     1.454	0.96040E+06
   4171.69     1.454	0.96025E+06
   4178.65     1.454	0.96011E+06
   4185.62     1.454	0.95997E+06
   4192.61     1.456	0.95861E+06
   4199.61     1.458	0.95695E+06
   4206.62     1.460	0.95529E+06
   4213.64     1.462	0.95349E+06
   4220.67     1.464	0.95123E+06
   4227.72     1.467	0.94897E+06
   4234.78     1.469	0.94670E+06
   4241.85     1.474	0.94300E+06
   4248.93     1.479	0.93865E+06
   4256.02     1.484	0.93426E+06
   4263.12     1.488	0.93038E+06
   4270.24     1.490	0.92919E+06
   4277.37     1.491	0.92799E+06
   4284.51     1.493	0.92677E+06
   4291.66     1.499	0.92132E+06
   4298.82     1.508	0.91358E+06
   4306.00     1.517	0.90583E+06
   4313.19     1.539	0.88787E+06
   4320.38     1.628	0.81822E+06
   4327.60     1.725	0.74842E+06
   4334.82     1.831	0.67852E+06
   4342.06     1.802	0.69712E+06
   4349.30     1.717	0.75403E+06
   4356.56     1.637	0.81107E+06
   4363.84     1.578	0.85640E+06
   4371.12     1.565	0.86688E+06
   4378.42     1.552	0.87735E+06
   4385.73     1.539	0.88785E+06
   4393.04     1.535	0.89098E+06
   4400.38     1.533	0.89254E+06
   4407.72     1.532	0.89410E+06
   4415.08     1.532	0.89412E+06
   4422.45     1.534	0.89197E+06
   4429.83     1.537	0.88981E+06
   4437.23     1.539	0.88758E+06
   4444.63     1.544	0.88394E+06
   4452.05     1.548	0.88028E+06
   4459.48     1.553	0.87662E+06
   4466.93     1.556	0.87451E+06
   4474.38     1.557	0.87324E+06
   4481.85     1.559	0.87195E+06
   4489.33     1.560	0.87113E+06
   4496.83     1.560	0.87129E+06
   4504.33     1.559	0.87146E+06
   4511.85     1.559	0.87165E+06
   4519.38     1.561	0.87007E+06
   4526.93     1.563	0.86844E+06
   4534.48     1.565	0.86682E+06
   4542.05     1.568	0.86483E+06
   4549.63     1.570	0.86265E+06
   4557.23     1.573	0.86045E+06
   4564.84     1.576	0.85850E+06
   4572.46     1.578	0.85694E+06
   4580.09     1.580	0.85538E+06
   4587.73     1.582	0.85378E+06
   4595.39     1.584	0.85181E+06
   4603.06     1.587	0.84983E+06
   4610.75     1.589	0.84786E+06
   4618.44     1.592	0.84601E+06
   4626.15     1.594	0.84420E+06
   4633.87     1.596	0.84237E+06
   4641.61     1.599	0.84055E+06
   4649.35     1.601	0.83870E+06
   4657.12     1.603	0.83688E+06
   4664.89     1.606	0.83513E+06
   4672.68     1.608	0.83353E+06
   4680.48     1.610	0.83194E+06
   4688.29     1.613	0.82985E+06
   4696.12     1.619	0.82527E+06
   4703.95     1.625	0.82068E+06
   4711.81     1.631	0.81608E+06
   4719.67     1.631	0.81613E+06
   4727.55     1.630	0.81630E+06
   4735.44     1.630	0.81648E+06
   4743.34     1.631	0.81592E+06
   4751.26     1.632	0.81517E+06
   4759.19     1.633	0.81441E+06
   4767.14     1.636	0.81218E+06
   4775.09     1.640	0.80911E+06
   4783.06     1.644	0.80606E+06
   4791.05     1.648	0.80289E+06
   4799.05     1.653	0.79965E+06
   4807.06     1.657	0.79639E+06
   4815.08     1.665	0.79058E+06
   4823.12     1.679	0.78064E+06
   4831.17     1.693	0.77068E+06
   4839.23     1.727	0.74674E+06
   4847.31     1.819	0.68626E+06
   4855.40     1.919	0.62567E+06
   4863.51     1.989	0.58686E+06
   4871.62     1.888	0.64405E+06
   4879.76     1.795	0.70135E+06
   4887.90     1.718	0.75296E+06
   4896.06     1.711	0.75820E+06
   4904.23     1.703	0.76344E+06
   4912.42     1.696	0.76850E+06
   4920.62     1.693	0.77025E+06
   4928.83     1.691	0.77199E+06
   4937.06     1.689	0.77372E+06
   4945.30     1.690	0.77277E+06
   4953.56     1.691	0.77182E+06
   4961.83     1.693	0.77085E+06
   4970.11     1.695	0.76904E+06
   4978.40     1.698	0.76719E+06
   4986.71     1.700	0.76536E+06
   4995.04     1.705	0.76233E+06
   5003.38     1.709	0.75927E+06
   5011.73     1.713	0.75621E+06
   5020.09     1.718	0.75313E+06
   5028.47     1.721	0.75097E+06
   5036.87     1.722	0.75010E+06
   5045.27     1.723	0.74923E+06
   5053.69     1.725	0.74836E+06
   5062.13     1.726	0.74748E+06
   5070.58     1.727	0.74661E+06
   5079.04     1.729	0.74543E+06
   5087.52     1.731	0.74393E+06
   5096.01     1.733	0.74243E+06
   5104.52     1.736	0.74091E+06
   5113.04     1.738	0.73940E+06
   5121.58     1.740	0.73788E+06
   5130.12     1.742	0.73634E+06
   5138.69     1.745	0.73480E+06
   5147.27     1.747	0.73325E+06
   5155.86     1.749	0.73170E+06
   5164.46     1.751	0.73014E+06
   5173.08     1.754	0.72858E+06
   5181.72     1.756	0.72696E+06
   5190.37     1.759	0.72533E+06
   5199.03     1.761	0.72370E+06
   5207.71     1.764	0.72205E+06
   5216.40     1.766	0.72041E+06
   5225.11     1.769	0.71876E+06
   5233.83     1.771	0.71717E+06
   5242.57     1.773	0.71557E+06
   5251.32     1.776	0.71395E+06
   5260.08     1.778	0.71235E+06
   5268.87     1.781	0.71073E+06
   5277.66     1.783	0.70911E+06
   5286.47     1.786	0.70745E+06
   5295.29     1.788	0.70578E+06
   5304.13     1.791	0.70411E+06
   5312.99     1.793	0.70244E+06
   5321.85     1.796	0.70076E+06
   5330.74     1.798	0.69926E+06
   5339.64     1.801	0.69783E+06
   5348.55     1.803	0.69640E+06
   5357.48     1.805	0.69498E+06
   5366.42     1.807	0.69354E+06
   5375.38     1.810	0.69210E+06
   5384.35     1.812	0.69039E+06
   5393.34     1.815	0.68866E+06
   5402.34     1.818	0.68694E+06
   5411.36     1.820	0.68520E+06
   5420.39     1.823	0.68347E+06
   5429.44     1.826	0.68178E+06
   5438.50     1.829	0.68014E+06
   5447.58     1.831	0.67849E+06
   5456.67     1.834	0.67683E+06
   5465.78     1.836	0.67519E+06
   5474.90     1.839	0.67353E+06
   5484.04     1.841	0.67223E+06
   5493.20     1.843	0.67093E+06
   5502.37     1.845	0.66963E+06
   5511.55     1.848	0.66833E+06
   5520.75     1.850	0.66703E+06
   5529.97     1.852	0.66558E+06
   5539.20     1.855	0.66402E+06
   5548.44     1.857	0.66246E+06
   5557.71     1.860	0.66090E+06
   5566.98     1.862	0.65935E+06
   5576.27     1.865	0.65778E+06
   5585.58     1.867	0.65617E+06
   5594.91     1.870	0.65456E+06
   5604.25     1.873	0.65293E+06
   5613.60     1.876	0.65132E+06
   5622.97     1.878	0.64969E+06
   5632.36     1.881	0.64824E+06
   5641.76     1.883	0.64683E+06
   5651.17     1.885	0.64543E+06
   5660.61     1.888	0.64401E+06
   5670.06     1.890	0.64260E+06
   5679.52     1.893	0.64119E+06
   5689.00     1.895	0.63975E+06
   5698.50     1.897	0.63833E+06
   5708.01     1.900	0.63691E+06
   5717.54     1.902	0.63548E+06
   5727.08     1.905	0.63405E+06
   5736.64     1.907	0.63262E+06
   5746.22     1.910	0.63119E+06
   5755.81     1.912	0.62974E+06
   5765.42     1.915	0.62831E+06
   5775.04     1.917	0.62687E+06
   5784.68     1.920	0.62541E+06
   5794.34     1.922	0.62397E+06
   5804.01     1.925	0.62252E+06
   5813.70     1.927	0.62106E+06
   5823.40     1.930	0.61960E+06
   5833.12     1.933	0.61747E+06
   5842.86     1.937	0.61520E+06
   5852.61     1.941	0.61293E+06
   5862.38     1.946	0.61065E+06
   5872.17     1.950	0.60837E+06
   5881.97     1.951	0.60730E+06
   5891.79     1.953	0.60670E+06
   5901.62     1.954	0.60611E+06
   5911.47     1.955	0.60551E+06
   5921.34     1.956	0.60492E+06
   5931.22     1.958	0.60366E+06
   5941.12     1.961	0.60204E+06
   5951.04     1.964	0.60040E+06
   5960.97     1.967	0.59877E+06
   5970.92     1.970	0.59713E+06
   5980.89     1.972	0.59576E+06
   5990.87     1.975	0.59456E+06
   6000.87     1.977	0.59337E+06
   6010.89     1.979	0.59218E+06
   6020.92     1.981	0.59098E+06
   6030.97     1.983	0.58970E+06
   6041.04     1.986	0.58836E+06
   6051.12     1.988	0.58702E+06
   6061.23     1.991	0.58568E+06
   6071.34     1.993	0.58433E+06
   6081.48     1.996	0.58299E+06
   6091.63     1.998	0.58163E+06
   6101.80     2.001	0.58028E+06
   6111.98     2.003	0.57893E+06
   6122.19     2.006	0.57756E+06
   6132.40     2.009	0.57621E+06
   6142.64     2.011	0.57487E+06
   6152.89     2.014	0.57352E+06
   6163.16     2.016	0.57216E+06
   6173.45     2.019	0.57081E+06
   6183.76     2.022	0.56927E+06
   6194.08     2.025	0.56770E+06
   6204.42     2.028	0.56613E+06
   6214.77     2.031	0.56456E+06
   6225.15     2.034	0.56298E+06
   6235.54     2.036	0.56182E+06
   6245.95     2.038	0.56067E+06
   6256.37     2.040	0.55952E+06
   6266.82     2.043	0.55836E+06
   6277.28     2.045	0.55713E+06
   6287.75     2.048	0.55561E+06
   6298.25     2.051	0.55410E+06
   6308.76     2.054	0.55259E+06
   6319.29     2.057	0.55106E+06
   6329.84     2.060	0.54971E+06
   6340.41     2.062	0.54855E+06
   6350.99     2.064	0.54739E+06
   6361.59     2.067	0.54623E+06
   6372.21     2.069	0.54507E+06
   6382.85     2.071	0.54386E+06
   6393.50     2.074	0.54265E+06
   6404.17     2.076	0.54144E+06
   6414.87     2.079	0.54023E+06
   6425.57     2.081	0.53900E+06
   6436.30     2.084	0.53748E+06
   6447.04     2.087	0.53595E+06
   6457.80     2.090	0.53443E+06
   6468.58     2.093	0.53289E+06
   6479.38     2.098	0.53083E+06
   6490.20     2.103	0.52799E+06
   6501.03     2.109	0.52514E+06
   6511.88     2.115	0.52229E+06
   6522.75     2.121	0.51943E+06
   6533.64     2.144	0.50885E+06
   6544.54     2.171	0.49625E+06
   6555.47     2.199	0.48361E+06
   6566.41     2.228	0.47096E+06
   6577.37     2.245	0.46351E+06
   6588.35     2.218	0.47505E+06
   6599.35     2.192	0.48659E+06
   6610.36     2.167	0.49816E+06
   6621.40     2.142	0.50974E+06
   6632.45     2.135	0.51270E+06
   6643.52     2.138	0.51148E+06
   6654.61     2.141	0.51025E+06
   6665.72     2.143	0.50901E+06
   6676.85     2.146	0.50787E+06
   6687.99     2.147	0.50712E+06
   6699.15     2.149	0.50638E+06
   6710.34     2.150	0.50564E+06
   6721.54     2.152	0.50491E+06
   6732.76     2.154	0.50383E+06
   6744.00     2.157	0.50258E+06
   6755.25     2.160	0.50134E+06
   6766.53     2.162	0.50008E+06
   6777.82     2.165	0.49884E+06
   6789.14     2.168	0.49761E+06
   6800.47     2.170	0.49638E+06
   6811.82     2.173	0.49515E+06
   6823.19     2.176	0.49392E+06
   6834.58     2.178	0.49277E+06
   6845.99     2.181	0.49163E+06
   6857.42     2.183	0.49050E+06
   6868.86     2.186	0.48937E+06
   6880.33     2.189	0.48819E+06
   6891.81     2.191	0.48700E+06
   6903.32     2.194	0.48579E+06
   6914.84     2.197	0.48459E+06
   6926.38     2.199	0.48338E+06
   6937.94     2.202	0.48221E+06
   6949.52     2.205	0.48103E+06
   6961.12     2.207	0.47986E+06
   6972.75     2.210	0.47868E+06
   6984.38     2.213	0.47750E+06
   6996.04     2.215	0.47631E+06
   7007.72     2.218	0.47512E+06
   7019.42     2.221	0.47393E+06
   7031.13     2.224	0.47256E+06
   7042.87     2.227	0.47103E+06
   7054.63     2.231	0.46951E+06
   7066.40     2.234	0.46797E+06
   7078.20     2.238	0.46660E+06
   7090.01     2.240	0.46570E+06
   7101.85     2.242	0.46480E+06
   7113.70     2.244	0.46390E+06
   7125.58     2.246	0.46300E+06
   7137.47     2.248	0.46211E+06
   7149.38     2.250	0.46120E+06
   7161.32     2.253	0.46001E+06
   7173.27     2.256	0.45881E+06
   7185.25     2.259	0.45759E+06
   7197.24     2.262	0.45638E+06
   7209.25     2.265	0.45517E+06
   7221.29     2.267	0.45396E+06
   7233.34     2.270	0.45275E+06
   7245.42     2.273	0.45153E+06
   7257.51     2.276	0.45045E+06
   7269.62     2.278	0.44944E+06
   7281.76     2.281	0.44844E+06
   7293.91     2.283	0.44744E+06
   7306.09     2.286	0.44643E+06
   7318.28     2.288	0.44543E+06
   7330.50     2.291	0.44443E+06
   7342.73     2.293	0.44340E+06
   7354.99     2.296	0.44235E+06
   7367.27     2.298	0.44124E+06
   7379.57     2.301	0.44012E+06
   7391.88     2.304	0.43900E+06
   7404.22     2.307	0.43788E+06
   7416.58     2.309	0.43676E+06
   7428.96     2.312	0.43563E+06
   7441.36     2.315	0.43451E+06
   7453.78     2.318	0.43341E+06
   7466.23     2.320	0.43237E+06
   7478.69     2.323	0.43133E+06
   7491.17     2.326	0.43029E+06
   7503.68     2.328	0.42926E+06
   7516.20     2.331	0.42822E+06
   7528.75     2.333	0.42718E+06
   7541.31     2.336	0.42612E+06
   7553.90     2.339	0.42509E+06
   7566.51     2.341	0.42404E+06
   7579.14     2.344	0.42299E+06
   7591.79     2.347	0.42194E+06
   7604.46     2.350	0.42089E+06
   7617.16     2.352	0.41984E+06
   7629.87     2.355	0.41878E+06
   7642.61     2.358	0.41772E+06
   7655.37     2.361	0.41663E+06
   7668.15     2.364	0.41548E+06
   7680.94     2.367	0.41432E+06
   7693.77     2.370	0.41317E+06
   7706.61     2.373	0.41200E+06
   7719.47     2.376	0.41085E+06
   7732.36     2.379	0.40968E+06
   7745.26     2.382	0.40853E+06
   7758.19     2.385	0.40746E+06
   7771.14     2.387	0.40648E+06
   7784.12     2.390	0.40551E+06
   7797.11     2.393	0.40453E+06
   7810.12     2.395	0.40354E+06
   7823.16     2.398	0.40255E+06
   7836.22     2.401	0.40156E+06
   7849.30     2.403	0.40057E+06
   7862.40     2.406	0.39965E+06
   7875.52     2.408	0.39872E+06
   7888.67     2.411	0.39781E+06
   7901.84     2.413	0.39688E+06
   7915.03     2.416	0.39596E+06
   7928.24     2.418	0.39503E+06
   7941.47     2.421	0.39410E+06
   7954.73     2.424	0.39316E+06
   7968.01     2.426	0.39221E+06
   7981.31     2.429	0.39124E+06
   7994.63     2.432	0.39028E+06
   8007.98     2.434	0.38931E+06
   8021.34     2.437	0.38834E+06
   8034.73     2.440	0.38737E+06
   8048.14     2.442	0.38640E+06
   8061.58     2.445	0.38541E+06
   8075.03     2.448	0.38442E+06
   8088.51     2.451	0.38344E+06
   8102.02     2.454	0.38245E+06
   8115.54     2.456	0.38145E+06
   8129.08     2.459	0.38045E+06
   8142.65     2.462	0.37946E+06
   8156.25     2.465	0.37850E+06
   8169.86     2.467	0.37763E+06
   8183.50     2.470	0.37676E+06
   8197.16     2.472	0.37590E+06
   8210.84     2.475	0.37503E+06
   8224.55     2.477	0.37416E+06
   8238.27     2.480	0.37328E+06
   8252.03     2.482	0.37241E+06
   8265.80     2.485	0.37156E+06
   8279.60     2.487	0.37071E+06
   8293.42     2.490	0.36986E+06
   8307.26     2.492	0.36900E+06
   8321.13     2.495	0.36815E+06
   8335.02     2.497	0.36730E+06
   8348.93     2.500	0.36644E+06
   8362.87     2.503	0.36553E+06
   8376.83     2.505	0.36462E+06
   8390.81     2.508	0.36370E+06
   8404.82     2.511	0.36278E+06
   8418.84     2.514	0.36187E+06
   8432.90     2.516	0.36096E+06
   8446.97     2.519	0.36003E+06
   8461.07     2.523	0.35870E+06
   8475.20     2.528	0.35726E+06
   8489.34     2.532	0.35580E+06
   8503.51     2.536	0.35435E+06
   8517.71     2.541	0.35290E+06
   8531.93     2.545	0.35144E+06
   8546.17     2.550	0.34998E+06
   8560.43     2.554	0.34879E+06
   8574.72     2.557	0.34769E+06
   8589.04     2.560	0.34659E+06
   8603.37     2.564	0.34549E+06
   8617.73     2.567	0.34439E+06
   8632.12     2.571	0.34328E+06
   8646.53     2.574	0.34218E+06
   8660.96     2.575	0.34199E+06
   8675.42     2.575	0.34212E+06
   8689.90     2.574	0.34224E+06
   8704.40     2.574	0.34235E+06
   8718.93     2.573	0.34247E+06
   8733.49     2.573	0.34259E+06
   8748.06     2.573	0.34271E+06
   8762.67     2.576	0.34160E+06
   8777.29     2.580	0.34031E+06
   8791.95     2.585	0.33900E+06
   8806.62     2.589	0.33771E+06
   8821.32     2.593	0.33639E+06
   8836.04     2.597	0.33509E+06
   8850.79     2.601	0.33398E+06
   8865.57     2.593	0.33635E+06
   8880.37     2.585	0.33873E+06
   8895.19     2.578	0.34111E+06
   8910.04     2.570	0.34349E+06
   8924.91     2.563	0.34588E+06
   8939.81     2.555	0.34827E+06
   8954.73     2.554	0.34876E+06
   8969.68     2.565	0.34511E+06
   8984.65     2.577	0.34146E+06
   8999.65     2.588	0.33781E+06
   9014.67     2.600	0.33414E+06
   9029.72     2.612	0.33047E+06
   9044.79     2.624	0.32680E+06
   9059.89     2.623	0.32718E+06
   9075.01     2.615	0.32971E+06
   9090.16     2.606	0.33225E+06
   9105.33     2.598	0.33480E+06
   9120.53     2.590	0.33735E+06
   9135.75     2.582	0.33991E+06
   9151.00     2.575	0.34198E+06
   9166.28     2.590	0.33715E+06
   9181.58     2.606	0.33231E+06
   9196.91     2.622	0.32746E+06
   9212.26     2.638	0.32260E+06
   9227.63     2.655	0.31773E+06
   9243.04     2.672	0.31286E+06
   9258.47     2.673	0.31253E+06
   9273.92     2.661	0.31599E+06
   9289.40     2.649	0.31945E+06
   9304.91     2.637	0.32290E+06
   9320.44     2.626	0.32637E+06
   9336.00     2.614	0.32984E+06
   9351.58     2.604	0.33286E+06
   9367.19     2.608	0.33178E+06
   9382.83     2.611	0.33070E+06
   9398.49     2.615	0.32961E+06
   9414.18     2.619	0.32853E+06
   9429.89     2.622	0.32744E+06
   9445.63     2.626	0.32635E+06
   9461.40     2.639	0.32248E+06
   9477.19     2.656	0.31753E+06
   9493.01     2.673	0.31256E+06
   9508.86     2.690	0.30760E+06
   9524.73     2.708	0.30262E+06
   9540.63     2.726	0.29764E+06
   9556.55     2.732	0.29605E+06
   9572.50     2.720	0.29935E+06
   9588.48     2.708	0.30265E+06
   9604.49     2.696	0.30597E+06
   9620.52     2.684	0.30928E+06
   9636.58     2.673	0.31261E+06
   9652.66     2.663	0.31528E+06
   9668.78     2.665	0.31468E+06
   9684.92     2.667	0.31409E+06
   9701.08     2.669	0.31349E+06
   9717.27     2.672	0.31289E+06
   9733.49     2.674	0.31229E+06
   9749.74     2.676	0.31169E+06
   9766.02     2.679	0.31082E+06
   9782.32     2.682	0.30994E+06
   9798.65     2.685	0.30907E+06
   9815.00     2.688	0.30819E+06
   9831.39     2.691	0.30731E+06
   9847.80     2.694	0.30643E+06
   9864.23     2.698	0.30542E+06
   9880.70     2.701	0.30439E+06
   9897.19     2.705	0.30335E+06
   9913.71     2.709	0.30231E+06
   9930.26     2.713	0.30128E+06
   9946.84     2.716	0.30024E+06
   9963.44     2.731	0.29616E+06
   9980.07     2.749	0.29135E+06
   9996.73     2.767	0.28654E+06
  10013.42     2.785	0.28171E+06
  10030.13     2.804	0.27688E+06
  10046.87     2.823	0.27203E+06
  10063.64     2.817	0.27371E+06
  10080.44     2.804	0.27689E+06
  10097.27     2.792	0.28007E+06
  10114.12     2.780	0.28326E+06
  10131.01     2.767	0.28644E+06
  10147.92     2.755	0.28965E+06
  10164.86     2.756	0.28956E+06
  10181.82     2.758	0.28902E+06
  10198.82     2.760	0.28848E+06
  10215.84     2.762	0.28794E+06
  10232.90     2.764	0.28739E+06
  10249.98     2.766	0.28685E+06
  10267.09     2.769	0.28601E+06
  10284.22     2.772	0.28517E+06
  10301.39     2.775	0.28433E+06
  10318.59     2.779	0.28349E+06
  10335.81     2.782	0.28264E+06
  10353.06     2.785	0.28181E+06
  10370.34     2.788	0.28108E+06
  10387.65     2.791	0.28033E+06
  10404.99     2.794	0.27958E+06
  10422.36     2.797	0.27883E+06
  10439.76     2.800	0.27809E+06
  10457.18     2.803	0.27732E+06
  10474.64     2.806	0.27653E+06
  10492.12     2.809	0.27574E+06
  10509.64     2.812	0.27495E+06
  10527.18     2.815	0.27416E+06
  10544.75     2.818	0.27337E+06
  10562.35     2.821	0.27257E+06
  10579.99     2.825	0.27176E+06
  10597.65     2.828	0.27095E+06
  10615.33     2.831	0.27015E+06
  10633.05     2.834	0.26934E+06
  10650.80     2.838	0.26853E+06
  10668.58     2.840	0.26782E+06
  10686.39     2.843	0.26712E+06
  10704.23     2.846	0.26641E+06
  10722.09     2.849	0.26571E+06
  10739.99     2.852	0.26499E+06
  10757.92     2.856	0.26408E+06
  10775.88     2.860	0.26292E+06
  10793.86     2.865	0.26175E+06
  10811.88     2.870	0.26059E+06
  10829.93     2.875	0.25941E+06
  10848.01     2.880	0.25824E+06
  10866.11     2.896	0.25450E+06
  10884.25     2.913	0.25045E+06
  10902.42     2.931	0.24639E+06
  10920.62     2.949	0.24231E+06
  10938.85     2.967	0.23823E+06
  10957.11     2.974	0.23687E+06
  10975.40     2.960	0.23979E+06
  10993.72     2.947	0.24270E+06
  11012.07     2.934	0.24563E+06
  11030.45     2.921	0.24857E+06
  11048.86     2.909	0.25150E+06
  11067.30     2.910	0.25121E+06
  11085.78     2.912	0.25071E+06
  11104.28     2.914	0.25020E+06
  11122.82     2.917	0.24969E+06
  11141.38     2.919	0.24918E+06
  11159.98     2.921	0.24857E+06
  11178.61     2.925	0.24784E+06
  11197.27     2.928	0.24712E+06
  11215.96     2.931	0.24639E+06
  11234.68     2.934	0.24566E+06
  11253.43     2.937	0.24494E+06
  11272.22     2.941	0.24419E+06
  11291.03     2.944	0.24345E+06
  11309.88     2.947	0.24271E+06
  11328.76     2.951	0.24197E+06
  11347.67     2.954	0.24122E+06
  11366.61     2.957	0.24060E+06
  11385.58     2.960	0.23999E+06
  11404.59     2.962	0.23937E+06
  11423.63     2.965	0.23876E+06
  11442.70     2.968	0.23815E+06
  11461.80     2.971	0.23751E+06
  11480.93     2.974	0.23684E+06
  11500.09     2.977	0.23619E+06
  11519.29     2.980	0.23552E+06
  11538.52     2.983	0.23485E+06
  11557.78     2.986	0.23418E+06
  11577.07     2.989	0.23347E+06
  11596.39     2.993	0.23276E+06
  11615.75     2.996	0.23206E+06
  11635.14     2.999	0.23135E+06
  11654.56     3.003	0.23065E+06
  11674.01     3.006	0.22998E+06
  11693.50     3.009	0.22930E+06
  11713.02     3.012	0.22861E+06
  11732.57     3.015	0.22794E+06
  11752.16     3.019	0.22727E+06
  11771.77     3.021	0.22669E+06
  11791.42     3.024	0.22609E+06
  11811.10     3.027	0.22551E+06
  11830.82     3.030	0.22492E+06
  11850.57     3.033	0.22433E+06
  11870.35     3.036	0.22366E+06
  11890.16     3.039	0.22299E+06
  11910.01     3.043	0.22233E+06
  11929.89     3.046	0.22166E+06
  11949.80     3.049	0.22100E+06
  11969.75     3.052	0.22041E+06
  11989.73     3.055	0.21983E+06
  12009.74     3.058	0.21925E+06
