    500.00     0.000	0.00000E+00
    500.83     0.000	0.00000E+00
    501.67     0.000	0.00000E+00
    502.51     0.000	0.00000E+00
    503.35     0.000	0.00000E+00
    504.19     0.000	0.00000E+00
    505.03     0.000	0.00000E+00
    505.87     0.000	0.00000E+00
    506.72     0.000	0.00000E+00
    507.56     0.000	0.00000E+00
    508.41     0.000	0.00000E+00
    509.26     0.000	0.00000E+00
    510.11     0.000	0.00000E+00
    510.96     0.000	0.00000E+00
    511.81     0.000	0.00000E+00
    512.67     0.000	0.00000E+00
    513.52     0.000	0.00000E+00
    514.38     0.000	0.00000E+00
    515.24     0.000	0.00000E+00
    516.10     0.000	0.00000E+00
    516.96     0.000	0.00000E+00
    517.82     0.000	0.00000E+00
    518.69     0.000	0.00000E+00
    519.55     0.000	0.00000E+00
    520.42     0.000	0.00000E+00
    521.29     0.000	0.00000E+00
    522.16     0.000	0.00000E+00
    523.03     0.000	0.00000E+00
    523.90     0.000	0.00000E+00
    524.78     0.000	0.00000E+00
    525.65     0.000	0.00000E+00
    526.53     0.000	0.00000E+00
    527.41     0.000	0.00000E+00
    528.29     0.000	0.00000E+00
    529.17     0.000	0.00000E+00
    530.06     0.000	0.00000E+00
    530.94     0.000	0.00000E+00
    531.83     0.000	0.00000E+00
    532.71     0.000	0.00000E+00
    533.60     0.000	0.00000E+00
    534.49     0.000	0.00000E+00
    535.39     0.000	0.00000E+00
    536.28     0.000	0.00000E+00
    537.18     0.000	0.00000E+00
    538.07     0.000	0.00000E+00
    538.97     0.000	0.00000E+00
    539.87     0.000	0.00000E+00
    540.77     0.000	0.00000E+00
    541.67     0.000	0.00000E+00
    542.58     0.000	0.00000E+00
    543.48     0.000	0.00000E+00
    544.39     0.000	0.00000E+00
    545.30     0.000	0.00000E+00
    546.21     0.000	0.00000E+00
    547.12     0.000	0.00000E+00
    548.03     0.000	0.00000E+00
    548.95     0.000	0.00000E+00
    549.87     0.000	0.00000E+00
    550.78     0.000	0.00000E+00
    551.70     0.000	0.00000E+00
    552.62     0.000	0.00000E+00
    553.55     0.000	0.00000E+00
    554.47     0.000	0.00000E+00
    555.40     0.000	0.00000E+00
    556.32     0.000	0.00000E+00
    557.25     0.000	0.00000E+00
    558.18     0.000	0.00000E+00
    559.11     0.000	0.00000E+00
    560.05     0.000	0.00000E+00
    560.98     0.000	0.00000E+00
    561.92     0.000	0.00000E+00
    562.86     0.000	0.00000E+00
    563.80     0.000	0.00000E+00
    564.74     0.000	0.00000E+00
    565.68     0.000	0.00000E+00
    566.62     0.000	0.00000E+00
    567.57     0.000	0.00000E+00
    568.52     0.000	0.00000E+00
    569.47     0.000	0.00000E+00
    570.42     0.000	0.00000E+00
    571.37     0.000	0.00000E+00
    572.32     0.000	0.00000E+00
    573.28     0.000	0.00000E+00
    574.23     0.000	0.00000E+00
    575.19     0.000	0.00000E+00
    576.15     0.000	0.00000E+00
    577.11     0.000	0.00000E+00
    578.08     0.000	0.00000E+00
    579.04     0.000	0.00000E+00
    580.01     0.000	0.00000E+00
    580.98     0.000	0.00000E+00
    581.95     0.000	0.00000E+00
    582.92     0.000	0.00000E+00
    583.89     0.000	0.00000E+00
    584.87     0.000	0.00000E+00
    585.84     0.000	0.00000E+00
    586.82     0.000	0.00000E+00
    587.80     0.000	0.00000E+00
    588.78     0.000	0.00000E+00
    589.76     0.000	0.00000E+00
    590.75     0.000	0.00000E+00
    591.73     0.000	0.00000E+00
    592.72     0.000	0.00000E+00
    593.71     0.000	0.00000E+00
    594.70     0.000	0.00000E+00
    595.70     0.000	0.00000E+00
    596.69     0.000	0.00000E+00
    597.69     0.000	0.00000E+00
    598.68     0.000	0.00000E+00
    599.68     0.000	0.00000E+00
    600.68     0.000	0.00000E+00
    601.69     0.000	0.00000E+00
    602.69     0.000	0.00000E+00
    603.70     0.000	0.00000E+00
    604.70     0.000	0.00000E+00
    605.71     0.000	0.00000E+00
    606.72     0.000	0.00000E+00
    607.74     0.000	0.00000E+00
    608.75     0.000	0.00000E+00
    609.77     0.000	0.00000E+00
    610.79     0.000	0.00000E+00
    611.81     0.000	0.00000E+00
    612.83     0.000	0.00000E+00
    613.85     0.000	0.00000E+00
    614.87     0.000	0.00000E+00
    615.90     0.000	0.00000E+00
    616.93     0.000	0.00000E+00
    617.96     0.000	0.00000E+00
    618.99     0.000	0.00000E+00
    620.02     0.000	0.00000E+00
    621.06     0.000	0.00000E+00
    622.09     0.000	0.00000E+00
    623.13     0.000	0.00000E+00
    624.17     0.000	0.00000E+00
    625.22     0.000	0.00000E+00
    626.26     0.000	0.00000E+00
    627.30     0.000	0.00000E+00
    628.35     0.000	0.00000E+00
    629.40     0.000	0.00000E+00
    630.45     0.000	0.00000E+00
    631.50     0.000	0.00000E+00
    632.56     0.000	0.00000E+00
    633.61     0.000	0.00000E+00
    634.67     0.000	0.00000E+00
    635.73     0.000	0.00000E+00
    636.79     0.000	0.00000E+00
    637.85     0.000	0.00000E+00
    638.92     0.000	0.00000E+00
    639.99     0.000	0.00000E+00
    641.05     0.000	0.00000E+00
    642.12     0.000	0.00000E+00
    643.20     0.000	0.00000E+00
    644.27     0.000	0.00000E+00
    645.34     0.000	0.00000E+00
    646.42     0.000	0.00000E+00
    647.50     0.000	0.00000E+00
    648.58     0.000	0.00000E+00
    649.66     0.000	0.00000E+00
    650.75     0.000	0.00000E+00
    651.84     0.000	0.00000E+00
    652.92     0.000	0.00000E+00
    654.01     0.000	0.00000E+00
    655.10     0.000	0.00000E+00
    656.20     0.000	0.00000E+00
    657.29     0.000	0.00000E+00
    658.39     0.000	0.00000E+00
    659.49     0.000	0.00000E+00
    660.59     0.000	0.00000E+00
    661.69     0.000	0.00000E+00
    662.80     0.000	0.00000E+00
    663.90     0.000	0.00000E+00
    665.01     0.000	0.00000E+00
    666.12     0.000	0.00000E+00
    667.23     0.000	0.00000E+00
    668.35     0.000	0.00000E+00
    669.46     0.000	0.00000E+00
    670.58     0.000	0.00000E+00
    671.70     0.000	0.00000E+00
    672.82     0.000	0.00000E+00
    673.94     0.000	0.00000E+00
    675.07     0.000	0.00000E+00
    676.20     0.000	0.00000E+00
    677.33     0.000	0.00000E+00
    678.46     0.000	0.00000E+00
    679.59     0.000	0.00000E+00
    680.72     0.000	0.00000E+00
    681.86     0.000	0.00000E+00
    683.00     0.000	0.00000E+00
    684.14     0.000	0.00000E+00
    685.28     0.000	0.00000E+00
    686.42     0.000	0.00000E+00
    687.57     0.000	0.00000E+00
    688.72     0.000	0.00000E+00
    689.87     0.000	0.00000E+00
    691.02     0.000	0.00000E+00
    692.17     0.000	0.00000E+00
    693.33     0.000	0.00000E+00
    694.48     0.000	0.00000E+00
    695.64     0.000	0.00000E+00
    696.80     0.000	0.00000E+00
    697.97     0.000	0.00000E+00
    699.13     0.000	0.00000E+00
    700.30     0.000	0.00000E+00
    701.47     0.000	0.00000E+00
    702.64     0.000	0.00000E+00
    703.81     0.000	0.00000E+00
    704.99     0.000	0.00000E+00
    706.16     0.000	0.00000E+00
    707.34     0.000	0.00000E+00
    708.52     0.000	0.00000E+00
    709.71     0.000	0.00000E+00
    710.89     0.000	0.00000E+00
    712.08     0.000	0.00000E+00
    713.27     0.000	0.00000E+00
    714.46     0.000	0.00000E+00
    715.65     0.000	0.00000E+00
    716.84     0.000	0.00000E+00
    718.04     0.000	0.00000E+00
    719.24     0.000	0.00000E+00
    720.44     0.000	0.00000E+00
    721.64     0.000	0.00000E+00
    722.85     0.000	0.00000E+00
    724.05     0.000	0.00000E+00
    725.26     0.000	0.00000E+00
    726.47     0.000	0.00000E+00
    727.68     0.000	0.00000E+00
    728.90     0.000	0.00000E+00
    730.12     0.000	0.00000E+00
    731.33     0.000	0.00000E+00
    732.56     0.000	0.00000E+00
    733.78     0.000	0.00000E+00
    735.00     0.000	0.00000E+00
    736.23     0.000	0.00000E+00
    737.46     0.000	0.00000E+00
    738.69     0.000	0.00000E+00
    739.92     0.000	0.00000E+00
    741.16     0.000	0.00000E+00
    742.40     0.000	0.00000E+00
    743.63     0.000	0.00000E+00
    744.88     0.000	0.00000E+00
    746.12     0.000	0.00000E+00
    747.36     0.000	0.00000E+00
    748.61     0.000	0.00000E+00
    749.86     0.000	0.00000E+00
    751.11     0.000	0.00000E+00
    752.37     0.000	0.00000E+00
    753.62     0.000	0.00000E+00
    754.88     0.000	0.00000E+00
    756.14     0.000	0.00000E+00
    757.40     0.000	0.00000E+00
    758.67     0.000	0.00000E+00
    759.93     0.000	0.00000E+00
    761.20     0.000	0.00000E+00
    762.47     0.000	0.00000E+00
    763.75     0.000	0.00000E+00
    765.02     0.000	0.00000E+00
    766.30     0.000	0.00000E+00
    767.58     0.000	0.00000E+00
    768.86     0.000	0.00000E+00
    770.14     0.000	0.00000E+00
    771.43     0.000	0.00000E+00
    772.71     0.000	0.00000E+00
    774.00     0.000	0.00000E+00
    775.30     0.000	0.00000E+00
    776.59     0.000	0.00000E+00
    777.89     0.000	0.00000E+00
    779.18     0.000	0.00000E+00
    780.49     0.000	0.00000E+00
    781.79     0.000	0.00000E+00
    783.09     0.000	0.00000E+00
    784.40     0.000	0.00000E+00
    785.71     0.000	0.00000E+00
    787.02     0.000	0.00000E+00
    788.34     0.000	0.00000E+00
    789.65     0.000	0.00000E+00
    790.97     0.000	0.00000E+00
    792.29     0.000	0.00000E+00
    793.61     0.000	0.00000E+00
    794.94     0.000	0.00000E+00
    796.26     0.000	0.00000E+00
    797.59     0.000	0.00000E+00
    798.92     0.000	0.00000E+00
    800.26     0.000	0.00000E+00
    801.59     0.000	0.00000E+00
    802.93     0.000	0.00000E+00
    804.27     0.000	0.00000E+00
    805.61     0.000	0.00000E+00
    806.96     0.000	0.00000E+00
    808.31     0.000	0.00000E+00
    809.66     0.000	0.00000E+00
    811.01     0.000	0.00000E+00
    812.36     0.000	0.00000E+00
    813.72     0.000	0.00000E+00
    815.07     0.000	0.00000E+00
    816.44     0.000	0.00000E+00
    817.80     0.000	0.00000E+00
    819.16     0.000	0.00000E+00
    820.53     0.000	0.00000E+00
    821.90     0.000	0.00000E+00
    823.27     0.000	0.00000E+00
    824.65     0.000	0.00000E+00
    826.02     0.000	0.00000E+00
    827.40     0.000	0.00000E+00
    828.78     0.000	0.00000E+00
    830.17     0.000	0.00000E+00
    831.55     0.000	0.00000E+00
    832.94     0.000	0.00000E+00
    834.33     0.000	0.00000E+00
    835.72     0.000	0.00000E+00
    837.12     0.000	0.00000E+00
    838.52     0.000	0.00000E+00
    839.91     0.000	0.00000E+00
    841.32     0.000	0.00000E+00
    842.72     0.000	0.00000E+00
    844.13     0.000	0.00000E+00
    845.54     0.000	0.00000E+00
    846.95     0.000	0.00000E+00
    848.36     0.000	0.00000E+00
    849.78     0.000	0.00000E+00
    851.20     0.000	0.00000E+00
    852.62     0.000	0.00000E+00
    854.04     0.000	0.00000E+00
    855.47     0.000	0.00000E+00
    856.89     0.000	0.00000E+00
    858.32     0.000	0.00000E+00
    859.76     0.000	0.00000E+00
    861.19     0.000	0.00000E+00
    862.63     0.000	0.00000E+00
    864.07     0.000	0.00000E+00
    865.51     0.000	0.00000E+00
    866.96     0.000	0.00000E+00
    868.40     0.000	0.00000E+00
    869.85     0.000	0.00000E+00
    871.31     0.000	0.00000E+00
    872.76     0.000	0.00000E+00
    874.22     0.000	0.00000E+00
    875.68     0.000	0.00000E+00
    877.14     0.000	0.00000E+00
    878.60     0.000	0.00000E+00
    880.07     0.000	0.00000E+00
    881.54     0.000	0.00000E+00
    883.01     0.000	0.00000E+00
    884.48     0.000	0.00000E+00
    885.96     0.000	0.00000E+00
    887.44     0.000	0.00000E+00
    888.92     0.000	0.00000E+00
    890.40    24.337	0.67492E-03
    891.89    23.006	0.22988E-02
    893.38    19.808	0.43748E-01
    894.87    19.430	0.61933E-01
    896.36    19.150	0.80160E-01
    897.86    18.927	0.98426E-01
    899.36    18.742	0.11673E+00
    900.86    18.584	0.13507E+00
    902.36    18.445	0.15346E+00
    903.87    18.322	0.17187E+00
    905.38    18.211	0.19033E+00
    906.89    18.110	0.20883E+00
    908.40    18.018	0.22737E+00
    909.92    17.933	0.24596E+00
    911.44    17.854	0.26457E+00
    912.96    17.780	0.28322E+00
    914.48    17.710	0.30193E+00
    916.01    17.645	0.32066E+00
    917.54    17.583	0.33943E+00
    919.07    17.525	0.35824E+00
    920.60    17.383	0.40822E+00
    922.14    17.149	0.50627E+00
    923.68    16.956	0.60451E+00
    925.22    16.793	0.70297E+00
    926.77    16.650	0.80164E+00
    928.31    16.524	0.90050E+00
    929.86    16.410	0.99958E+00
    931.42    16.308	0.10989E+01
    932.97    16.214	0.11984E+01
    934.53    16.127	0.12981E+01
    936.09    16.046	0.13979E+01
    937.65    15.971	0.14980E+01
    939.21    15.901	0.15984E+01
    940.78    15.838	0.16939E+01
    942.35    15.781	0.17847E+01
    943.93    15.727	0.18756E+01
    945.50    15.676	0.19666E+01
    947.08    15.626	0.20580E+01
    948.66    15.579	0.21494E+01
    950.24    15.534	0.22410E+01
    951.83    15.490	0.23329E+01
    953.42    15.448	0.24249E+01
    955.01    15.408	0.25172E+01
    956.60    15.369	0.26096E+01
    958.20    15.331	0.27022E+01
    959.80    15.294	0.27949E+01
    961.40    15.259	0.28879E+01
    963.01    15.207	0.30277E+01
    964.62    15.149	0.31955E+01
    966.23    15.093	0.33635E+01
    967.84    15.040	0.35321E+01
    969.45    14.989	0.37007E+01
    971.07    14.941	0.38699E+01
    972.69    14.894	0.40393E+01
    974.32    14.850	0.42092E+01
    975.94    14.806	0.43793E+01
    977.57    14.765	0.45498E+01
    979.20    14.725	0.47206E+01
    980.84    14.686	0.48917E+01
    982.48    14.649	0.50633E+01
    984.12    14.613	0.52352E+01
    985.76    14.578	0.54074E+01
    987.40    14.542	0.55850E+01
    989.05    14.506	0.57783E+01
    990.70    14.470	0.59718E+01
    992.36    14.435	0.61659E+01
    994.01    14.401	0.63604E+01
    995.67    14.369	0.65552E+01
    997.33    14.337	0.67504E+01
    999.00    14.306	0.69460E+01
   1000.67    14.275	0.71420E+01
   1002.34    14.246	0.73385E+01
   1004.01    14.217	0.75353E+01
   1005.69    14.189	0.77325E+01
   1007.36    14.162	0.79300E+01
   1009.05    14.135	0.81279E+01
   1010.73    14.109	0.83261E+01
   1012.42    14.082	0.85373E+01
   1014.11    14.050	0.87866E+01
   1015.80    14.020	0.90364E+01
   1017.50    13.990	0.92867E+01
   1019.19    13.961	0.95373E+01
   1020.90    13.933	0.97885E+01
   1022.60    13.906	0.10040E+02
   1024.31    13.879	0.10292E+02
   1026.02    13.852	0.10546E+02
   1027.73    13.827	0.10799E+02
   1029.44    13.801	0.11052E+02
   1031.16    13.777	0.11307E+02
   1032.88    13.753	0.11561E+02
   1034.61    13.729	0.11816E+02
   1036.33    13.706	0.12072E+02
   1038.06    13.670	0.12475E+02
   1039.80    13.627	0.12972E+02
   1041.53    13.587	0.13468E+02
   1043.27    13.547	0.13967E+02
   1045.01    13.509	0.14467E+02
   1046.76    13.472	0.14967E+02
   1048.51    13.436	0.15468E+02
   1050.26    13.402	0.15970E+02
   1052.01    13.368	0.16473E+02
   1053.76    13.335	0.16978E+02
   1055.52    13.304	0.17482E+02
   1057.29    13.272	0.17989E+02
   1059.05    13.242	0.18496E+02
   1060.82    13.213	0.19003E+02
   1062.59    13.182	0.19544E+02
   1064.36    13.149	0.20150E+02
   1066.14    13.117	0.20757E+02
   1067.92    13.086	0.21365E+02
   1069.70    13.055	0.21973E+02
   1071.49    13.025	0.22584E+02
   1073.28    12.996	0.23196E+02
   1075.07    12.968	0.23808E+02
   1076.86    12.941	0.24422E+02
   1078.66    12.914	0.25038E+02
   1080.46    12.887	0.25653E+02
   1082.26    12.861	0.26271E+02
   1084.07    12.836	0.26889E+02
   1085.88    12.811	0.27508E+02
   1087.69    12.174	0.49488E+02
   1089.51    11.345	0.10621E+03
   1091.32    10.879	0.16303E+03
   1093.15    10.554	0.21997E+03
   1094.97    10.304	0.27700E+03
   1096.80    10.100	0.33414E+03
   1098.63     9.928	0.39140E+03
   1100.46     9.780	0.44876E+03
   1102.30     9.649	0.50624E+03
   1104.14     9.532	0.56383E+03
   1105.98     9.426	0.62153E+03
   1107.83     9.330	0.67933E+03
   1109.68     9.241	0.73724E+03
   1111.53     9.159	0.79526E+03
   1113.39     9.142	0.80759E+03
   1115.24     9.146	0.80446E+03
   1117.11     9.151	0.80130E+03
   1118.97     9.155	0.79814E+03
   1120.84     9.159	0.79498E+03
   1122.71     9.163	0.79180E+03
   1124.58     9.168	0.78862E+03
   1126.46     9.172	0.78543E+03
   1128.34     9.177	0.78223E+03
   1130.22     9.181	0.77901E+03
   1132.11     9.186	0.77580E+03
   1134.00     9.190	0.77258E+03
   1135.90     9.195	0.76934E+03
   1137.79     9.194	0.77001E+03
   1139.69     9.185	0.77613E+03
   1141.59     9.177	0.78226E+03
   1143.50     9.168	0.78841E+03
   1145.41     9.160	0.79456E+03
   1147.32     9.151	0.80072E+03
   1149.23     9.143	0.80689E+03
   1151.15     9.135	0.81307E+03
   1153.07     9.126	0.81926E+03
   1155.00     9.118	0.82547E+03
   1156.93     9.110	0.83168E+03
   1158.86     9.102	0.83789E+03
   1160.79     9.094	0.84413E+03
   1162.73     9.101	0.83862E+03
   1164.67     9.134	0.81357E+03
   1166.61     9.168	0.78848E+03
   1168.56     9.203	0.76334E+03
   1172.20     6.913	0.62913E+04
   1197.00     7.656	0.31747E+04
   1201.80     7.722	0.29876E+04
   1203.00     7.951	0.24183E+04
   1205.20     7.554	0.34857E+04
   1206.40     6.618	0.82600E+04
   1207.60     5.896	0.16048E+05
   1208.80     6.058	0.13833E+05
   1210.00     5.921	0.15692E+05
   1211.20     5.561	0.21856E+05
   1212.40     5.659	0.19963E+05
   1213.60     6.097	0.13346E+05
   1214.80     6.014	0.14404E+05
   1215.80     6.367	0.10402E+05
   1217.00     6.915	0.62799E+04
   1218.20     7.062	0.54839E+04
   1219.40     6.876	0.65126E+04
   1220.60     7.887	0.25663E+04
   1221.80     8.346	0.16813E+04
   1223.00     7.045	0.55712E+04
   1224.20     7.175	0.49423E+04
   1227.60     8.401	0.15974E+04
   1230.00     7.820	0.27285E+04
   1231.20     7.814	0.27450E+04
   1232.40     7.715	0.30075E+04
   1233.60     7.986	0.23412E+04
   1236.00     7.551	0.34974E+04
   1237.20     7.140	0.51041E+04
   1238.40     7.340	0.42448E+04
   1239.40     7.198	0.48397E+04
   1240.60     6.636	0.81231E+04
   1241.80     7.003	0.57892E+04
   1243.00     7.852	0.26500E+04
   1244.20     7.678	0.31109E+04
   1245.40     7.305	0.43842E+04
   1246.60     7.141	0.51018E+04
   1247.80     6.711	0.75759E+04
   1249.00     6.449	0.96460E+04
   1250.20     6.284	0.11229E+05
   1251.20     6.225	0.11858E+05
   1252.40     6.134	0.12897E+05
   1253.60     5.985	0.14785E+05
   1254.80     5.905	0.15925E+05
   1256.00     5.919	0.15712E+05
   1257.20     5.903	0.15951E+05
   1258.40     6.014	0.14396E+05
   1259.60     5.429	0.24689E+05
   1260.80     5.172	0.31278E+05
   1262.00     5.280	0.28313E+05
   1263.00     5.215	0.30061E+05
   1264.20     5.056	0.34788E+05
   1265.40     4.801	0.44024E+05
   1266.60     4.478	0.59247E+05
   1267.80     4.456	0.60460E+05
   1269.00     4.419	0.62578E+05
   1270.20     4.425	0.62221E+05
   1271.40     4.512	0.57448E+05
   1272.60     4.566	0.54636E+05
   1273.80     4.490	0.58609E+05
   1274.80     4.365	0.65758E+05
   1276.00     4.213	0.75662E+05
   1277.20     4.045	0.88281E+05
   1278.40     3.887	0.10217E+06
   1279.60     3.759	0.11489E+06
   1280.80     3.706	0.12070E+06
   1282.00     3.685	0.12300E+06
   1283.20     3.785	0.11224E+06
   1284.40     3.805	0.11019E+06
   1285.60     3.807	0.10994E+06
   1286.60     3.748	0.11605E+06
   1287.80     3.634	0.12891E+06
   1289.00     3.545	0.14000E+06
   1290.20     3.485	0.14793E+06
   1291.40     3.431	0.15547E+06
   1292.60     3.338	0.16942E+06
   1293.80     3.337	0.16956E+06
   1295.00     3.358	0.16623E+06
   1296.20     3.408	0.15876E+06
   1297.40     3.464	0.15078E+06
   1298.40     3.629	0.12956E+06
   1299.60     3.770	0.11381E+06
   1300.80     3.819	0.10875E+06
   1302.00     3.772	0.11354E+06
   1303.20     3.873	0.10345E+06
   1304.40     3.859	0.10477E+06
   1305.60     3.798	0.11085E+06
   1306.80     3.790	0.11173E+06
   1308.00     3.714	0.11976E+06
   1309.20     3.543	0.14023E+06
   1310.20     3.429	0.15581E+06
   1311.40     3.287	0.17751E+06
   1312.60     3.127	0.20575E+06
   1313.80     3.086	0.21356E+06
   1315.00     3.059	0.21907E+06
   1316.20     3.018	0.22742E+06
   1317.40     3.007	0.22970E+06
   1318.60     2.984	0.23465E+06
   1319.80     3.018	0.22751E+06
   1320.80     3.010	0.22916E+06
   1322.00     3.075	0.21585E+06
   1323.20     3.060	0.21887E+06
   1324.40     3.057	0.21934E+06
   1325.60     3.038	0.22319E+06
   1326.80     3.098	0.21133E+06
   1328.00     2.970	0.23778E+06
   1329.20     3.057	0.21932E+06
   1330.40     3.148	0.20170E+06
   1331.60     3.197	0.19292E+06
   1332.60     3.189	0.19431E+06
   1333.80     3.110	0.20892E+06
   1335.00     2.952	0.24157E+06
   1336.20     2.805	0.27667E+06
   1337.40     2.768	0.28623E+06
   1338.60     2.728	0.29708E+06
   1339.80     2.744	0.29269E+06
   1341.00     2.708	0.30256E+06
   1342.20     2.749	0.29137E+06
   1343.40     2.731	0.29627E+06
   1344.40     2.727	0.29741E+06
   1345.60     2.749	0.29140E+06
   1346.80     2.754	0.28993E+06
   1348.00     2.822	0.27230E+06
   1349.20     2.841	0.26762E+06
   1350.40     2.901	0.25330E+06
   1351.60     2.907	0.25197E+06
   1352.80     2.938	0.24478E+06
   1354.00     2.940	0.24445E+06
   1355.20     2.924	0.24787E+06
   1356.20     2.875	0.25937E+06
   1357.40     2.833	0.26973E+06
   1358.60     2.828	0.27078E+06
   1359.80     2.809	0.27559E+06
   1361.00     2.799	0.27835E+06
   1362.20     2.821	0.27264E+06
   1363.40     2.827	0.27119E+06
   1364.60     2.792	0.28005E+06
   1365.80     2.828	0.27099E+06
   1367.00     2.815	0.27416E+06
   1368.00     2.794	0.27956E+06
   1369.20     2.800	0.27787E+06
   1370.40     2.788	0.28098E+06
   1371.60     2.740	0.29375E+06
   1372.80     2.697	0.30576E+06
   1374.00     2.714	0.30093E+06
   1375.20     2.737	0.29446E+06
   1376.40     2.705	0.30334E+06
   1377.60     2.734	0.29542E+06
   1378.80     2.786	0.28149E+06
   1379.80     2.704	0.30359E+06
   1381.00     2.675	0.31193E+06
   1382.20     2.721	0.29903E+06
   1383.40     2.733	0.29566E+06
   1384.60     2.735	0.29524E+06
   1385.80     2.702	0.30424E+06
   1387.00     2.703	0.30393E+06
   1388.20     2.667	0.31411E+06
   1389.40     2.675	0.31193E+06
   1390.60     2.686	0.30878E+06
   1391.60     2.698	0.30530E+06
   1392.80     2.761	0.28815E+06
   1394.00     2.763	0.28769E+06
   1395.20     2.809	0.27575E+06
   1396.40     2.809	0.27575E+06
   1397.60     2.680	0.31040E+06
   1398.80     2.665	0.31487E+06
   1400.00     2.660	0.31623E+06
   1401.20     2.660	0.31625E+06
   1402.40     2.646	0.32023E+06
   1403.40     2.624	0.32688E+06
   1404.60     2.591	0.33694E+06
   1405.80     2.633	0.32424E+06
   1407.00     2.668	0.31405E+06
   1408.20     2.643	0.32111E+06
   1409.40     2.642	0.32165E+06
   1410.60     2.596	0.33557E+06
   1411.80     2.560	0.34678E+06
   1413.00     2.552	0.34939E+06
   1414.00     2.504	0.36506E+06
   1415.20     2.496	0.36770E+06
   1416.40     2.522	0.35924E+06
   1417.60     2.509	0.36331E+06
   1418.80     2.528	0.35720E+06
   1420.00     2.517	0.36085E+06
   1421.20     2.501	0.36616E+06
   1422.40     2.482	0.37239E+06
   1423.60     2.473	0.37570E+06
   1424.80     2.455	0.38207E+06
   1425.80     2.494	0.36833E+06
   1427.00     2.560	0.34665E+06
   1428.20     2.567	0.34462E+06
   1429.40     2.609	0.33131E+06
   1430.60     2.627	0.32591E+06
   1431.80     2.512	0.36243E+06
   1433.00     2.563	0.34591E+06
   1434.20     2.538	0.35368E+06
   1435.40     2.458	0.38082E+06
   1436.60     2.499	0.36661E+06
   1437.60     2.469	0.37699E+06
   1438.80     2.408	0.39897E+06
   1440.00     2.437	0.38836E+06
   1441.20     2.432	0.39027E+06
   1442.40     2.409	0.39833E+06
   1443.60     2.392	0.40479E+06
   1444.80     2.347	0.42195E+06
   1446.00     2.336	0.42608E+06
   1447.20     2.319	0.43305E+06
   1448.40     2.327	0.42974E+06
   1449.40     2.321	0.43215E+06
   1450.60     2.317	0.43352E+06
   1451.80     2.326	0.43026E+06
   1453.00     2.318	0.43340E+06
   1454.20     2.320	0.43245E+06
   1455.40     2.314	0.43510E+06
   1456.60     2.331	0.42801E+06
   1457.80     2.351	0.42033E+06
   1459.00     2.311	0.43615E+06
   1460.20     2.320	0.43256E+06
   1461.20     2.362	0.41615E+06
   1462.40     2.416	0.39597E+06
   1463.60     2.370	0.41297E+06
   1464.80     2.344	0.42294E+06
   1466.00     2.377	0.41052E+06
   1467.20     2.388	0.40615E+06
   1468.40     2.398	0.40270E+06
   1469.60     2.439	0.38773E+06
   1470.80     2.421	0.39427E+06
   1472.00     2.401	0.40151E+06
   1473.00     2.358	0.41752E+06
   1474.20     2.313	0.43547E+06
   1475.40     2.293	0.44328E+06
   1476.60     2.300	0.44039E+06
   1477.80     2.332	0.42791E+06
   1479.00     2.319	0.43290E+06
   1480.20     2.295	0.44240E+06
   1481.40     2.312	0.43568E+06
   1482.60     2.314	0.43494E+06
   1483.80     2.262	0.45633E+06
   1484.80     2.208	0.47965E+06
   1486.00     2.163	0.49970E+06
   1487.20     2.204	0.48124E+06
   1488.40     2.225	0.47199E+06
   1489.60     2.242	0.46481E+06
   1490.80     2.224	0.47230E+06
   1492.00     2.226	0.47168E+06
   1493.20     2.186	0.48919E+06
   1494.40     2.124	0.51828E+06
   1495.60     2.084	0.53775E+06
   1496.60     2.079	0.53997E+06
   1497.80     2.095	0.53231E+06
   1499.00     2.110	0.52483E+06
   1500.20     2.124	0.51803E+06
   1501.40     2.123	0.51858E+06
   1502.60     2.159	0.50173E+06
   1503.80     2.207	0.48000E+06
   1505.00     2.262	0.45632E+06
   1506.20     2.290	0.44477E+06
   1507.40     2.305	0.43858E+06
   1508.40     2.278	0.44970E+06
   1509.60     2.266	0.45466E+06
   1510.80     2.225	0.47197E+06
   1512.00     2.196	0.48505E+06
   1513.20     2.183	0.49058E+06
   1514.40     2.175	0.49439E+06
   1515.60     2.154	0.50417E+06
   1516.80     2.099	0.53037E+06
   1518.00     2.089	0.53524E+06
   1519.00     2.125	0.51765E+06
   1520.20     2.169	0.49701E+06
   1521.40     2.169	0.49694E+06
   1522.60     2.166	0.49836E+06
   1523.80     2.179	0.49229E+06
   1525.00     2.182	0.49127E+06
   1526.20     2.210	0.47845E+06
   1527.40     2.164	0.49921E+06
   1528.60     2.215	0.47628E+06
   1529.80     2.269	0.45314E+06
   1530.80     2.265	0.45506E+06
   1532.00     2.264	0.45520E+06
   1533.20     2.214	0.47696E+06
   1534.40     2.184	0.49027E+06
   1535.60     2.177	0.49330E+06
   1536.80     2.147	0.50745E+06
   1538.00     2.142	0.50974E+06
   1539.20     2.154	0.50388E+06
   1540.40     2.165	0.49900E+06
   1541.60     2.170	0.49663E+06
   1542.60     2.146	0.50752E+06
   1543.80     2.180	0.49205E+06
   1545.00     2.135	0.51287E+06
   1546.20     2.098	0.53085E+06
   1547.40     2.110	0.52462E+06
   1548.60     2.196	0.48501E+06
   1549.80     2.202	0.48196E+06
   1551.00     2.177	0.49318E+06
   1552.20     2.189	0.48798E+06
   1553.40     2.225	0.47217E+06
   1554.40     2.266	0.45439E+06
   1555.60     2.294	0.44296E+06
   1556.80     2.287	0.44582E+06
   1558.00     2.277	0.44979E+06
   1559.20     2.243	0.46438E+06
   1560.40     2.194	0.48581E+06
   1561.60     2.194	0.48555E+06
   1562.80     2.181	0.49178E+06
   1564.00     2.152	0.50495E+06
   1565.20     2.155	0.50346E+06
   1566.20     2.166	0.49826E+06
   1567.40     2.218	0.47516E+06
   1568.60     2.193	0.48633E+06
   1569.80     2.169	0.49718E+06
   1571.00     2.199	0.48349E+06
   1572.20     2.174	0.49476E+06
   1573.40     2.174	0.49485E+06
   1574.60     2.152	0.50502E+06
   1575.80     2.113	0.52326E+06
   1577.00     2.083	0.53790E+06
   1578.00     2.106	0.52651E+06
   1579.20     2.095	0.53195E+06
   1580.40     2.096	0.53158E+06
   1581.60     2.108	0.52580E+06
   1582.80     2.106	0.52687E+06
   1584.00     2.125	0.51761E+06
   1585.20     2.119	0.52037E+06
   1586.40     2.124	0.51798E+06
   1587.60     2.088	0.53570E+06
   1588.80     2.074	0.54228E+06
   1589.80     2.107	0.52649E+06
   1591.00     2.110	0.52486E+06
   1592.20     2.105	0.52721E+06
   1593.40     2.104	0.52775E+06
   1594.60     2.098	0.53083E+06
   1595.80     2.087	0.53590E+06
   1597.00     2.103	0.52820E+06
   1598.20     2.104	0.52791E+06
   1599.40     2.086	0.53657E+06
   1600.60     2.131	0.51480E+06
   1601.60     2.118	0.52115E+06
   1602.80     2.113	0.52344E+06
   1604.00     2.110	0.52500E+06
   1605.20     2.106	0.52672E+06
   1606.40     2.100	0.52990E+06
   1607.60     2.112	0.52380E+06
   1608.80     2.126	0.51725E+06
   1610.00     2.128	0.51602E+06
   1611.20     2.105	0.52715E+06
   1612.40     2.123	0.51834E+06
   1613.40     2.119	0.52067E+06
   1614.60     2.098	0.53088E+06
   1615.80     2.128	0.51623E+06
   1617.00     2.139	0.51085E+06
   1618.20     2.113	0.52332E+06
   1619.40     2.093	0.53291E+06
   1620.60     2.099	0.53001E+06
   1621.80     2.116	0.52189E+06
   1623.00     2.135	0.51300E+06
   1624.00     2.130	0.51540E+06
   1625.20     2.136	0.51253E+06
   1626.40     2.146	0.50788E+06
   1627.60     2.117	0.52120E+06
   1628.80     2.111	0.52409E+06
   1630.00     2.121	0.51974E+06
   1631.20     2.114	0.52278E+06
   1632.40     2.085	0.53720E+06
   1633.60     2.112	0.52385E+06
   1634.80     2.138	0.51150E+06
   1635.80     2.120	0.51984E+06
   1637.00     2.087	0.53605E+06
   1638.20     2.104	0.52756E+06
   1639.40     2.114	0.52269E+06
   1640.60     2.103	0.52809E+06
   1641.80     2.113	0.52324E+06
   1643.00     2.109	0.52548E+06
   1644.20     2.083	0.53825E+06
   1645.40     2.088	0.53557E+06
   1646.60     2.096	0.53185E+06
   1647.60     2.076	0.54173E+06
   1648.80     2.106	0.52667E+06
   1650.00     2.147	0.50723E+06
   1651.20     2.176	0.49384E+06
   1652.40     2.252	0.46057E+06
   1653.60     2.325	0.43053E+06
   1654.80     2.315	0.43461E+06
   1656.00     2.253	0.46004E+06
   1657.20     2.188	0.48848E+06
   1658.40     2.198	0.48400E+06
   1659.40     2.204	0.48146E+06
   1660.60     2.196	0.48478E+06
   1661.80     2.104	0.52773E+06
   1663.00     2.085	0.53693E+06
   1664.20     2.117	0.52164E+06
   1665.40     2.143	0.50894E+06
   1666.60     2.183	0.49054E+06
   1667.80     2.145	0.50806E+06
   1669.00     2.145	0.50838E+06
   1670.20     2.127	0.51651E+06
   1671.20     2.117	0.52131E+06
   1672.40     2.117	0.52126E+06
   1673.60     2.132	0.51441E+06
   1674.80     2.122	0.51883E+06
   1676.00     2.083	0.53806E+06
   1677.20     2.078	0.54042E+06
   1678.40     2.079	0.53981E+06
   1679.60     2.085	0.53701E+06
   1680.80     2.081	0.53880E+06
   1682.00     2.097	0.53134E+06
   1683.00     2.093	0.53311E+06
   1684.20     2.082	0.53860E+06
   1685.40     2.081	0.53887E+06
   1686.60     2.092	0.53369E+06
   1687.80     2.075	0.54219E+06
   1689.00     2.073	0.54294E+06
   1690.20     2.093	0.53288E+06
   1691.40     2.103	0.52824E+06
   1692.60     2.091	0.53394E+06
   1693.80     2.091	0.53420E+06
   1694.80     2.104	0.52754E+06
   1696.00     2.106	0.52676E+06
   1697.20     2.074	0.54239E+06
   1698.40     2.060	0.54970E+06
   1699.60     2.070	0.54431E+06
   1700.80     2.087	0.53594E+06
   1702.00     2.071	0.54385E+06
   1703.20     2.072	0.54337E+06
   1704.40     2.093	0.53284E+06
   1705.60     2.084	0.53762E+06
   1706.60     2.103	0.52817E+06
   1707.80     2.096	0.53156E+06
   1709.00     2.079	0.53998E+06
   1710.20     2.071	0.54385E+06
   1711.40     2.067	0.54620E+06
   1712.60     2.056	0.55163E+06
   1713.80     2.067	0.54609E+06
   1715.00     2.090	0.53481E+06
   1716.20     2.094	0.53240E+06
   1717.40     2.090	0.53434E+06
   1718.40     2.102	0.52858E+06
   1719.60     2.088	0.53549E+06
   1720.80     2.086	0.53642E+06
   1722.00     2.092	0.53352E+06
   1723.20     2.120	0.52023E+06
   1724.40     2.096	0.53174E+06
   1725.60     2.095	0.53188E+06
   1726.80     2.102	0.52890E+06
   1728.00     2.068	0.54544E+06
   1729.00     2.060	0.54972E+06
   1730.20     2.073	0.54281E+06
   1731.40     2.084	0.53768E+06
   1732.60     2.072	0.54329E+06
   1733.80     2.056	0.55147E+06
   1735.00     2.033	0.56347E+06
   1736.20     2.037	0.56121E+06
   1737.40     2.042	0.55863E+06
   1738.60     2.032	0.56392E+06
   1739.80     2.018	0.57130E+06
   1740.80     2.003	0.57938E+06
   1742.00     2.020	0.57022E+06
   1743.20     2.027	0.56657E+06
   1744.40     2.018	0.57098E+06
   1745.60     2.004	0.57867E+06
   1746.80     1.997	0.58248E+06
   1748.00     2.019	0.57073E+06
   1749.20     2.015	0.57264E+06
   1750.40     2.000	0.58091E+06
   1751.60     1.992	0.58508E+06
   1752.60     1.963	0.60103E+06
   1753.80     1.962	0.60146E+06
   1755.00     1.992	0.58497E+06
   1756.20     2.000	0.58100E+06
   1757.40     1.993	0.58469E+06
   1758.60     1.994	0.58380E+06
   1759.80     2.019	0.57094E+06
   1761.00     2.013	0.57369E+06
   1762.20     2.003	0.57940E+06
   1763.40     2.042	0.55879E+06
   1764.40     2.037	0.56135E+06
   1765.60     2.004	0.57888E+06
   1766.80     1.981	0.59112E+06
   1768.00     1.981	0.59096E+06
   1769.20     1.971	0.59630E+06
   1770.40     1.964	0.60036E+06
   1771.60     1.967	0.59891E+06
   1772.80     1.945	0.61122E+06
   1774.00     1.945	0.61110E+06
   1775.20     1.939	0.61406E+06
   1776.20     1.942	0.61238E+06
   1777.40     1.945	0.61070E+06
   1778.60     1.941	0.61338E+06
   1779.80     1.942	0.61274E+06
   1781.00     1.948	0.60948E+06
   1782.20     1.954	0.60588E+06
   1783.40     1.943	0.61211E+06
   1784.60     1.952	0.60700E+06
   1785.80     1.955	0.60540E+06
   1787.00     1.945	0.61103E+06
   1788.00     1.935	0.61640E+06
   1789.20     1.929	0.61977E+06
   1790.40     1.931	0.61905E+06
   1791.60     1.932	0.61849E+06
   1792.80     1.931	0.61886E+06
   1794.00     1.932	0.61830E+06
   1795.20     1.904	0.63472E+06
   1796.40     1.902	0.63541E+06
   1797.60     1.906	0.63312E+06
   1798.80     1.900	0.63686E+06
   1799.80     1.897	0.63870E+06
   1801.00     1.906	0.63325E+06
   1802.20     1.928	0.62062E+06
   1803.40     1.906	0.63346E+06
   1804.60     1.919	0.62601E+06
   1805.80     1.924	0.62264E+06
   1807.00     1.913	0.62917E+06
   1808.20     1.898	0.63816E+06
   1809.40     1.896	0.63886E+06
   1810.60     1.903	0.63484E+06
   1811.60     1.908	0.63189E+06
   1812.80     1.929	0.62017E+06
   1814.00     1.942	0.61285E+06
   1815.20     1.942	0.61289E+06
   1816.40     1.936	0.61581E+06
   1817.60     1.945	0.61086E+06
   1818.80     1.932	0.61804E+06
   1820.00     1.932	0.61845E+06
   1821.20     1.935	0.61680E+06
   1822.40     1.932	0.61813E+06
   1823.40     1.928	0.62039E+06
   1824.60     1.936	0.61587E+06
   1825.80     1.950	0.60811E+06
   1827.00     1.961	0.60213E+06
   1828.20     1.971	0.59628E+06
   1829.40     1.957	0.60421E+06
   1830.60     1.947	0.60994E+06
   1831.80     1.947	0.61004E+06
   1833.00     1.951	0.60748E+06
   1834.00     1.954	0.60617E+06
   1835.20     1.968	0.59791E+06
   1836.40     1.990	0.58627E+06
   1837.60     1.970	0.59717E+06
   1838.80     1.989	0.58662E+06
   1840.00     2.000	0.58083E+06
   1841.20     1.986	0.58827E+06
   1842.40     1.976	0.59369E+06
   1843.60     1.969	0.59739E+06
   1844.80     1.963	0.60097E+06
   1845.80     1.951	0.60769E+06
   1847.00     1.951	0.60746E+06
   1848.20     1.946	0.61031E+06
   1849.40     1.952	0.60704E+06
   1850.60     1.958	0.60362E+06
   1851.80     1.966	0.59903E+06
   1853.00     1.984	0.58922E+06
   1854.20     1.984	0.58939E+06
   1855.40     1.980	0.59130E+06
   1856.60     1.979	0.59194E+06
   1857.60     1.982	0.59029E+06
   1858.80     1.968	0.59832E+06
   1860.00     1.952	0.60717E+06
   1861.20     1.948	0.60933E+06
   1862.40     1.938	0.61497E+06
   1863.60     1.958	0.60364E+06
   1864.80     1.956	0.60453E+06
   1866.00     1.953	0.60666E+06
   1867.20     1.948	0.60898E+06
   1868.40     1.932	0.61858E+06
   1869.40     1.927	0.62114E+06
   1870.60     1.921	0.62452E+06
   1871.80     1.907	0.63293E+06
   1873.00     1.879	0.64921E+06
   1874.20     1.888	0.64389E+06
   1875.40     1.892	0.64176E+06
   1876.60     1.894	0.64028E+06
   1877.80     1.895	0.63978E+06
   1879.00     1.899	0.63767E+06
   1880.20     1.892	0.64146E+06
   1881.20     1.877	0.65050E+06
   1882.40     1.874	0.65214E+06
   1883.60     1.895	0.63957E+06
   1884.80     1.906	0.63320E+06
   1886.00     1.907	0.63254E+06
   1887.20     1.917	0.62711E+06
   1888.40     1.917	0.62668E+06
   1889.60     1.923	0.62356E+06
   1890.80     1.925	0.62238E+06
   1892.00     1.926	0.62161E+06
   1893.00     1.954	0.60604E+06
   1894.20     1.957	0.60443E+06
   1895.40     1.949	0.60874E+06
   1896.60     1.945	0.61068E+06
   1897.80     1.937	0.61535E+06
   1899.00     1.938	0.61504E+06
   1900.20     1.939	0.61422E+06
   1901.40     1.948	0.60898E+06
   1902.60     1.950	0.60788E+06
   1903.80     1.966	0.59899E+06
   1904.80     1.975	0.59444E+06
   1906.00     1.975	0.59452E+06
   1907.20     1.974	0.59481E+06
   1908.40     1.945	0.61087E+06
   1909.60     1.938	0.61503E+06
   1910.80     1.931	0.61913E+06
   1912.00     1.926	0.62147E+06
   1913.20     1.914	0.62847E+06
   1914.40     1.909	0.63139E+06
   1915.60     1.901	0.63637E+06
   1916.60     1.904	0.63452E+06
   1917.80     1.927	0.62124E+06
   1919.00     1.943	0.61212E+06
   1920.20     1.924	0.62288E+06
   1921.40     1.923	0.62363E+06
   1922.60     1.906	0.63306E+06
   1923.80     1.905	0.63382E+06
   1925.00     1.904	0.63461E+06
   1926.20     1.918	0.62606E+06
   1927.40     1.934	0.61744E+06
   1928.40     1.922	0.62426E+06
   1929.60     1.911	0.63041E+06
   1930.80     1.905	0.63378E+06
   1932.00     1.892	0.64133E+06
   1933.20     1.900	0.63664E+06
   1934.40     1.901	0.63595E+06
   1935.60     1.898	0.63826E+06
   1936.80     1.894	0.64010E+06
   1938.00     1.888	0.64360E+06
   1939.00     1.885	0.64538E+06
   1940.20     1.880	0.64889E+06
   1941.40     1.869	0.65524E+06
   1942.60     1.858	0.66197E+06
   1943.80     1.866	0.65683E+06
   1945.00     1.872	0.65363E+06
   1946.20     1.864	0.65826E+06
   1947.40     1.863	0.65901E+06
   1948.60     1.850	0.66665E+06
   1949.80     1.857	0.66280E+06
   1950.80     1.864	0.65844E+06
   1952.00     1.860	0.66044E+06
   1953.20     1.853	0.66503E+06
   1954.40     1.843	0.67135E+06
   1955.60     1.834	0.67676E+06
   1956.80     1.828	0.68056E+06
   1958.00     1.847	0.66861E+06
   1959.20     1.839	0.67369E+06
   1960.40     1.840	0.67313E+06
   1961.60     1.853	0.66481E+06
   1962.60     1.850	0.66699E+06
   1963.80     1.857	0.66261E+06
   1965.00     1.858	0.66192E+06
   1966.20     1.866	0.65706E+06
   1967.40     1.862	0.65969E+06
   1968.60     1.861	0.65998E+06
   1969.80     1.858	0.66201E+06
   1970.20     1.872	0.65325E+06
   1972.00     1.848	0.66780E+06
   1973.80     1.864	0.65799E+06
   1975.80     1.835	0.67602E+06
   1977.60     1.824	0.68266E+06
   1979.40     1.901	0.63644E+06
   1981.40     1.834	0.67655E+06
   1983.20     1.760	0.72466E+06
   1985.00     1.787	0.70693E+06
   1987.00     1.783	0.70902E+06
   1988.80     1.780	0.71127E+06
   1990.60     1.840	0.67324E+06
   1992.60     1.814	0.68923E+06
   1994.40     1.762	0.72279E+06
   1996.20     1.821	0.68517E+06
   1998.20     1.776	0.71353E+06
   2000.00     1.818	0.68660E+06
   2001.80     1.799	0.69874E+06
   2003.80     1.769	0.71878E+06
   2005.60     1.824	0.68324E+06
   2007.40     1.734	0.74224E+06
   2009.40     1.729	0.74543E+06
   2011.20     1.844	0.67067E+06
   2013.20     1.814	0.68924E+06
   2015.00     1.695	0.76889E+06
   2016.80     1.732	0.74339E+06
   2018.80     1.772	0.71619E+06
   2020.60     1.844	0.67076E+06
   2022.40     1.769	0.71868E+06
   2024.40     1.753	0.72892E+06
   2026.20     1.761	0.72408E+06
   2028.00     1.778	0.71263E+06
   2030.00     1.809	0.69268E+06
   2031.80     1.741	0.73690E+06
   2033.60     1.747	0.73306E+06
   2035.60     1.771	0.71709E+06
   2037.40     1.745	0.73462E+06
   2039.20     1.871	0.65373E+06
   2041.20     1.828	0.68028E+06
   2043.00     1.702	0.76401E+06
   2044.80     1.777	0.71286E+06
   2046.80     1.794	0.70237E+06
   2048.60     1.766	0.72059E+06
   2050.40     1.773	0.71572E+06
   2052.40     1.747	0.73324E+06
   2054.20     1.690	0.77238E+06
   2056.00     1.667	0.78953E+06
   2058.00     1.670	0.78676E+06
   2059.80     1.721	0.75064E+06
   2061.80     1.791	0.70434E+06
   2063.60     1.822	0.68450E+06
   2065.40     1.736	0.74054E+06
   2067.40     1.747	0.73306E+06
   2069.20     1.787	0.70676E+06
   2071.00     1.786	0.70719E+06
   2073.00     1.791	0.70421E+06
   2074.80     1.700	0.76532E+06
   2076.60     1.594	0.84405E+06
   2078.60     1.620	0.82440E+06
   2080.40     1.690	0.77274E+06
   2082.20     1.774	0.71538E+06
   2084.20     1.675	0.78329E+06
   2086.00     1.669	0.78791E+06
   2087.80     1.787	0.70654E+06
   2089.80     1.790	0.70477E+06
   2091.60     1.665	0.79076E+06
   2093.40     1.663	0.79222E+06
   2095.40     1.759	0.72492E+06
   2097.20     1.733	0.74248E+06
   2099.00     1.744	0.73525E+06
   2101.00     1.765	0.72100E+06
   2102.80     1.726	0.74723E+06
   2104.80     1.729	0.74519E+06
   2106.60     1.761	0.72360E+06
   2108.40     1.772	0.71629E+06
   2110.40     1.698	0.76728E+06
   2112.20     1.750	0.73147E+06
   2114.00     1.799	0.69905E+06
   2116.00     1.743	0.73562E+06
   2117.80     1.739	0.73835E+06
   2119.60     1.704	0.76253E+06
   2121.60     1.607	0.83381E+06
   2123.40     1.687	0.77500E+06
   2125.20     1.747	0.73344E+06
   2127.20     1.676	0.78278E+06
   2129.00     1.694	0.76995E+06
   2130.80     1.811	0.69149E+06
   2132.80     1.910	0.63072E+06
   2134.60     1.949	0.60865E+06
   2136.40     1.822	0.68443E+06
   2138.40     1.742	0.73628E+06
   2140.20     1.795	0.70125E+06
   2142.00     1.806	0.69441E+06
   2144.00     1.790	0.70500E+06
   2145.80     1.793	0.70272E+06
   2147.60     1.750	0.73123E+06
   2149.60     1.771	0.71696E+06
   2151.40     1.761	0.72392E+06
   2153.40     1.744	0.73489E+06
   2155.20     1.753	0.72937E+06
   2157.00     1.741	0.73714E+06
   2159.00     1.739	0.73891E+06
   2160.80     1.750	0.73137E+06
   2162.60     1.822	0.68412E+06
   2164.60     1.812	0.69025E+06
   2166.40     1.792	0.70351E+06
   2168.20     1.810	0.69169E+06
   2170.20     1.772	0.71615E+06
   2172.00     1.810	0.69171E+06
   2173.80     1.775	0.71425E+06
   2175.80     1.763	0.72276E+06
   2177.60     1.777	0.71325E+06
   2179.40     1.837	0.67504E+06
   2181.40     1.797	0.69988E+06
   2183.20     1.767	0.71970E+06
   2185.00     1.723	0.74940E+06
   2187.00     1.695	0.76917E+06
   2188.80     1.713	0.75634E+06
   2190.60     1.823	0.68391E+06
   2192.60     1.847	0.66889E+06
   2194.40     1.794	0.70197E+06
   2196.20     1.765	0.72119E+06
   2198.20     1.716	0.75467E+06
   2200.00     1.721	0.75066E+06
   2202.00     1.763	0.72257E+06
   2203.80     1.753	0.72898E+06
   2205.60     1.766	0.72013E+06
   2207.60     1.741	0.73732E+06
   2209.40     1.759	0.72528E+06
   2211.20     1.798	0.69964E+06
   2213.20     1.828	0.68029E+06
   2215.00     1.780	0.71095E+06
   2216.80     1.765	0.72087E+06
   2218.80     1.812	0.69045E+06
   2220.60     1.757	0.72665E+06
   2222.40     1.775	0.71454E+06
   2224.40     1.792	0.70372E+06
   2226.20     1.838	0.67446E+06
   2228.00     1.823	0.68331E+06
   2230.00     1.782	0.70961E+06
   2231.80     1.746	0.73364E+06
   2233.60     1.729	0.74540E+06
   2235.60     1.735	0.74154E+06
   2237.40     1.764	0.72167E+06
   2239.20     1.718	0.75317E+06
   2241.20     1.745	0.73420E+06
   2243.00     1.817	0.68735E+06
   2245.00     1.793	0.70258E+06
   2246.80     1.766	0.72052E+06
   2248.60     1.755	0.72750E+06
   2250.60     1.843	0.67096E+06
   2252.40     1.857	0.66246E+06
   2254.20     1.777	0.71315E+06
   2256.20     1.787	0.70684E+06
   2258.00     1.867	0.65624E+06
   2259.80     1.857	0.66260E+06
   2261.80     1.842	0.67185E+06
   2263.60     1.844	0.67039E+06
   2265.40     1.783	0.70939E+06
   2267.40     1.773	0.71606E+06
   2269.20     1.838	0.67450E+06
   2271.00     1.860	0.66052E+06
   2273.00     1.766	0.72025E+06
   2274.80     1.701	0.76488E+06
   2276.60     1.705	0.76220E+06
   2278.60     1.790	0.70452E+06
   2280.40     1.816	0.68773E+06
   2282.20     1.754	0.72813E+06
   2284.20     1.730	0.74461E+06
   2286.00     1.675	0.78352E+06
   2287.80     1.717	0.75355E+06
   2289.80     1.754	0.72836E+06
   2291.60     1.782	0.71018E+06
   2293.60     1.767	0.71952E+06
   2295.40     1.715	0.75487E+06
   2297.20     1.691	0.77228E+06
   2299.20     1.774	0.71510E+06
   2301.00     1.864	0.65838E+06
   2302.80     1.835	0.67618E+06
   2304.80     1.767	0.71991E+06
   2306.60     1.799	0.69919E+06
   2308.40     1.765	0.72118E+06
   2310.40     1.760	0.72420E+06
   2312.20     1.767	0.71966E+06
   2314.00     1.731	0.74414E+06
   2316.00     1.779	0.71162E+06
   2317.80     1.788	0.70620E+06
   2319.60     1.821	0.68473E+06
   2321.60     1.819	0.68619E+06
   2323.40     1.757	0.72625E+06
   2325.20     1.694	0.76997E+06
   2327.20     1.719	0.75198E+06
   2329.00     1.734	0.74226E+06
   2330.80     1.788	0.70621E+06
   2332.80     1.842	0.67197E+06
   2334.60     1.800	0.69811E+06
   2336.40     1.737	0.73979E+06
   2338.40     1.729	0.74565E+06
   2340.20     1.766	0.72028E+06
   2342.20     1.814	0.68940E+06
   2344.00     1.844	0.67049E+06
   2345.80     1.885	0.64556E+06
   2347.80     1.891	0.64232E+06
   2349.60     1.812	0.69047E+06
   2351.40     1.772	0.71655E+06
   2353.40     1.797	0.70042E+06
   2355.20     1.833	0.67761E+06
   2357.00     1.845	0.67009E+06
   2359.00     1.793	0.70281E+06
   2360.80     1.784	0.70873E+06
   2362.60     1.854	0.66447E+06
   2364.60     1.882	0.64738E+06
   2366.40     1.805	0.69505E+06
   2368.20     1.798	0.69970E+06
   2370.20     1.818	0.68706E+06
   2372.00     1.790	0.70481E+06
   2373.80     1.781	0.71053E+06
   2375.80     1.758	0.72567E+06
   2377.60     1.790	0.70477E+06
   2379.40     1.852	0.66569E+06
   2381.40     1.856	0.66309E+06
   2383.20     1.865	0.65761E+06
   2385.20     1.917	0.62701E+06
   2387.00     1.888	0.64408E+06
   2388.80     1.831	0.67882E+06
   2390.80     1.822	0.68439E+06
   2392.60     1.793	0.70243E+06
   2394.40     1.747	0.73302E+06
   2396.40     1.801	0.69789E+06
   2398.20     1.822	0.68439E+06
   2400.00     1.831	0.67842E+06
   2402.00     1.836	0.67577E+06
   2403.80     1.820	0.68542E+06
   2405.60     1.809	0.69246E+06
   2407.60     1.799	0.69878E+06
   2409.40     1.816	0.68811E+06
   2411.20     1.800	0.69852E+06
   2413.20     1.813	0.68997E+06
   2415.00     1.844	0.67041E+06
   2416.80     1.809	0.69229E+06
   2418.80     1.753	0.72910E+06
   2420.60     1.733	0.74241E+06
   2422.40     1.748	0.73240E+06
   2424.40     1.741	0.73712E+06
   2426.20     1.742	0.73648E+06
   2428.00     1.754	0.72858E+06
   2430.00     1.756	0.72695E+06
   2431.80     1.776	0.71368E+06
   2433.80     1.761	0.72363E+06
   2435.60     1.785	0.70800E+06
   2437.40     1.799	0.69906E+06
   2439.40     1.763	0.72228E+06
   2441.20     1.685	0.77619E+06
   2443.00     1.673	0.78500E+06
   2445.00     1.696	0.76843E+06
   2446.80     1.717	0.75349E+06
   2448.60     1.738	0.73919E+06
   2450.60     1.741	0.73738E+06
   2452.40     1.692	0.77118E+06
   2454.20     1.664	0.79145E+06
   2456.20     1.701	0.76468E+06
   2458.00     1.752	0.72990E+06
   2459.80     1.720	0.75136E+06
   2461.80     1.733	0.74253E+06
   2463.60     1.746	0.73404E+06
   2465.40     1.748	0.73252E+06
   2467.40     1.757	0.72661E+06
   2469.20     1.697	0.76745E+06
   2471.00     1.700	0.76528E+06
   2473.00     1.715	0.75494E+06
   2474.80     1.728	0.74642E+06
   2476.60     1.713	0.75632E+06
   2478.60     1.697	0.76796E+06
   2480.40     1.702	0.76395E+06
   2482.40     1.732	0.74306E+06
   2484.20     1.708	0.75974E+06
   2486.00     1.686	0.77574E+06
   2488.00     1.667	0.78958E+06
   2489.80     1.639	0.80982E+06
   2491.60     1.676	0.78267E+06
   2493.60     1.715	0.75532E+06
   2495.40     1.669	0.78763E+06
   2497.20     1.628	0.81837E+06
   2499.20     1.632	0.81494E+06
   2501.00     1.613	0.82916E+06
   2502.80     1.605	0.83562E+06
   2504.80     1.617	0.82642E+06
   2506.60     1.645	0.80528E+06
   2508.40     1.677	0.78218E+06
   2510.40     1.630	0.81692E+06
   2512.20     1.636	0.81237E+06
   2514.00     1.655	0.79788E+06
   2516.00     1.657	0.79653E+06
   2517.80     1.646	0.80446E+06
   2519.60     1.622	0.82263E+06
   2521.60     1.668	0.78851E+06
   2523.40     1.717	0.75359E+06
   2525.40     1.722	0.75027E+06
   2527.20     1.739	0.73834E+06
   2529.00     1.786	0.70724E+06
   2531.00     1.794	0.70237E+06
   2532.80     1.716	0.75429E+06
   2534.60     1.650	0.80159E+06
   2536.60     1.724	0.74896E+06
   2538.40     1.789	0.70530E+06
   2540.20     1.798	0.69982E+06
   2542.20     1.758	0.72546E+06
   2544.00     1.693	0.77042E+06
   2545.80     1.718	0.75312E+06
   2547.80     1.742	0.73665E+06
   2549.60     1.740	0.73783E+06
   2551.40     1.718	0.75317E+06
   2553.40     1.695	0.76930E+06
   2555.20     1.654	0.79845E+06
   2557.00     1.624	0.82102E+06
   2559.00     1.598	0.84094E+06
   2560.80     1.652	0.80050E+06
   2562.60     1.659	0.79538E+06
   2564.60     1.668	0.78818E+06
   2566.40     1.679	0.78036E+06
   2568.20     1.615	0.82828E+06
   2570.20     1.591	0.84661E+06
   2572.00     1.596	0.84248E+06
   2574.00     1.593	0.84452E+06
   2575.80     1.604	0.83602E+06
   2577.60     1.630	0.81662E+06
   2579.60     1.632	0.81539E+06
   2581.40     1.644	0.80645E+06
   2583.20     1.601	0.83851E+06
   2585.20     1.630	0.81638E+06
   2587.00     1.622	0.82244E+06
   2588.80     1.611	0.83080E+06
   2590.80     1.610	0.83209E+06
   2592.60     1.628	0.81808E+06
   2594.40     1.610	0.83207E+06
   2596.40     1.568	0.86495E+06
   2598.20     1.561	0.87033E+06
   2600.00     1.634	0.81358E+06
   2602.00     1.656	0.79703E+06
   2603.80     1.599	0.84061E+06
   2605.60     1.581	0.85423E+06
   2607.60     1.630	0.81665E+06
   2609.40     1.689	0.77316E+06
   2611.20     1.680	0.77990E+06
   2613.20     1.634	0.81367E+06
   2615.00     1.591	0.84639E+06
   2616.80     1.592	0.84554E+06
   2618.80     1.604	0.83667E+06
   2620.60     1.586	0.84997E+06
   2622.60     1.571	0.86181E+06
   2624.40     1.577	0.85705E+06
   2626.20     1.587	0.84979E+06
   2628.20     1.611	0.83098E+06
   2630.00     1.644	0.80591E+06
   2631.80     1.666	0.79016E+06
   2633.80     1.650	0.80148E+06
   2635.60     1.586	0.85025E+06
   2637.40     1.510	0.91161E+06
   2639.40     1.503	0.91802E+06
   2641.20     1.533	0.89294E+06
   2643.00     1.518	0.90504E+06
   2645.00     1.490	0.92858E+06
   2646.80     1.491	0.92809E+06
   2648.60     1.505	0.91611E+06
   2650.60     1.503	0.91755E+06
   2652.40     1.458	0.95712E+06
   2654.20     1.455	0.95941E+06
   2656.20     1.513	0.90972E+06
   2658.00     1.522	0.90190E+06
   2659.80     1.513	0.90948E+06
   2661.80     1.525	0.89946E+06
   2663.60     1.553	0.87626E+06
   2665.60     1.565	0.86657E+06
   2667.40     1.579	0.85573E+06
   2669.20     1.576	0.85842E+06
   2671.20     1.575	0.85901E+06
   2673.00     1.566	0.86655E+06
   2674.80     1.553	0.87626E+06
   2676.80     1.542	0.88533E+06
   2678.60     1.532	0.89372E+06
   2680.40     1.544	0.88359E+06
   2682.40     1.540	0.88740E+06
   2684.20     1.525	0.89947E+06
   2686.00     1.519	0.90441E+06
   2688.00     1.549	0.87960E+06
   2689.80     1.563	0.86846E+06
   2691.60     1.562	0.86931E+06
   2693.60     1.563	0.86840E+06
   2695.40     1.541	0.88644E+06
   2697.20     1.552	0.87753E+06
   2699.20     1.569	0.86407E+06
   2701.00     1.573	0.86071E+06
   2702.80     1.566	0.86579E+06
   2704.80     1.559	0.87137E+06
   2706.60     1.550	0.87940E+06
   2708.40     1.558	0.87284E+06
   2710.40     1.560	0.87071E+06
   2712.20     1.569	0.86369E+06
   2714.20     1.572	0.86116E+06
   2716.00     1.570	0.86273E+06
   2717.80     1.563	0.86856E+06
   2719.80     1.550	0.87927E+06
   2721.60     1.527	0.89747E+06
   2723.40     1.521	0.90243E+06
   2725.40     1.541	0.88635E+06
   2727.20     1.578	0.85698E+06
   2729.00     1.571	0.86185E+06
   2731.00     1.532	0.89362E+06
   2732.80     1.510	0.91192E+06
   2734.60     1.483	0.93501E+06
   2736.60     1.475	0.94217E+06
   2738.40     1.500	0.92008E+06
   2740.20     1.546	0.88228E+06
   2742.20     1.585	0.85153E+06
   2744.00     1.601	0.83882E+06
   2745.80     1.583	0.85249E+06
   2747.80     1.597	0.84160E+06
   2749.60     1.623	0.82212E+06
   2751.40     1.637	0.81131E+06
   2753.40     1.593	0.84469E+06
   2755.20     1.591	0.84652E+06
   2757.00     1.578	0.85692E+06
   2759.00     1.575	0.85918E+06
   2760.80     1.580	0.85496E+06
   2762.80     1.547	0.88147E+06
   2764.60     1.530	0.89508E+06
   2766.40     1.524	0.90024E+06
   2768.40     1.536	0.89081E+06
   2770.20     1.549	0.87992E+06
   2772.00     1.540	0.88701E+06
   2774.00     1.516	0.90667E+06
   2775.80     1.506	0.91540E+06
   2777.60     1.515	0.90794E+06
   2779.60     1.542	0.88579E+06
   2781.40     1.566	0.86601E+06
   2783.20     1.556	0.87409E+06
   2785.20     1.537	0.88930E+06
   2787.00     1.525	0.89932E+06
   2788.80     1.524	0.90009E+06
   2790.80     1.553	0.87629E+06
   2792.60     1.594	0.84397E+06
   2794.40     1.650	0.80147E+06
   2796.40     1.750	0.73103E+06
   2798.20     1.810	0.69152E+06
   2800.00     1.767	0.71980E+06
   2802.00     1.713	0.75647E+06
   2803.80     1.713	0.75634E+06
   2805.80     1.693	0.77043E+06
   2807.60     1.579	0.85561E+06
   2809.40     1.486	0.93258E+06
   2811.40     1.463	0.95220E+06
   2813.20     1.475	0.94163E+06
   2815.00     1.478	0.93933E+06
   2817.00     1.470	0.94664E+06
   2818.80     1.462	0.95306E+06
   2820.60     1.458	0.95674E+06
   2822.60     1.456	0.95875E+06
   2824.40     1.443	0.96990E+06
   2826.20     1.449	0.96443E+06
   2828.20     1.455	0.95984E+06
   2830.00     1.474	0.94235E+06
   2831.80     1.508	0.91328E+06
   2833.80     1.490	0.92878E+06
   2835.60     1.481	0.93654E+06
   2837.40     1.493	0.92633E+06
   2839.40     1.488	0.93055E+06
   2841.20     1.493	0.92631E+06
   2843.00     1.498	0.92189E+06
   2845.00     1.515	0.90755E+06
   2846.80     1.506	0.91516E+06
   2848.60     1.500	0.92038E+06
   2850.60     1.497	0.92299E+06
   2852.40     1.495	0.92512E+06
   2854.40     1.492	0.92743E+06
   2856.20     1.492	0.92686E+06
   2858.00     1.508	0.91346E+06
   2860.00     1.501	0.91974E+06
   2861.80     1.488	0.93044E+06
   2863.60     1.501	0.91988E+06
   2865.60     1.514	0.90846E+06
   2867.40     1.523	0.90135E+06
   2869.20     1.514	0.90838E+06
   2871.20     1.513	0.90958E+06
   2873.00     1.509	0.91303E+06
   2874.80     1.507	0.91442E+06
   2876.80     1.494	0.92539E+06
   2878.60     1.493	0.92673E+06
   2880.40     1.496	0.92416E+06
   2882.40     1.479	0.93819E+06
   2884.20     1.466	0.95008E+06
   2886.00     1.464	0.95164E+06
   2888.00     1.441	0.97184E+06
   2889.80     1.451	0.96296E+06
   2891.60     1.474	0.94245E+06
   2893.60     1.494	0.92525E+06
   2895.40     1.500	0.92009E+06
   2897.20     1.479	0.93869E+06
   2899.20     1.450	0.96415E+06
   2901.00     1.437	0.97552E+06
   2903.00     1.415	0.99519E+06
   2904.80     1.396	0.10126E+07
   2906.60     1.405	0.10044E+07
   2908.60     1.412	0.99804E+06
   2910.40     1.415	0.99503E+06
   2912.20     1.412	0.99807E+06
   2914.20     1.412	0.99857E+06
   2916.00     1.416	0.99485E+06
   2917.80     1.429	0.98259E+06
   2919.80     1.415	0.99524E+06
   2921.60     1.408	0.10021E+07
   2923.40     1.428	0.98390E+06
   2925.40     1.443	0.97048E+06
   2927.20     1.447	0.96638E+06
   2929.00     1.446	0.96750E+06
   2931.00     1.446	0.96775E+06
   2932.80     1.439	0.97362E+06
   2934.60     1.452	0.96206E+06
   2936.60     1.458	0.95650E+06
   2938.40     1.441	0.97181E+06
   2940.20     1.444	0.96937E+06
   2942.20     1.443	0.96999E+06
   2944.00     1.434	0.97840E+06
   2946.00     1.429	0.98266E+06
   2947.80     1.428	0.98373E+06
   2949.60     1.408	0.10020E+07
   2951.60     1.405	0.10042E+07
   2953.40     1.421	0.98987E+06
   2955.20     1.411	0.99879E+06
   2957.20     1.389	0.10192E+07
   2959.00     1.378	0.10295E+07
   2960.80     1.389	0.10199E+07
   2962.80     1.405	0.10043E+07
   2964.60     1.409	0.10010E+07
   2966.40     1.396	0.10132E+07
   2968.40     1.386	0.10224E+07
   2970.20     1.391	0.10173E+07
   2972.00     1.400	0.10092E+07
   2974.00     1.392	0.10169E+07
   2975.80     1.390	0.10182E+07
   2977.60     1.392	0.10171E+07
   2979.60     1.389	0.10196E+07
   2981.40     1.388	0.10209E+07
   2983.20     1.389	0.10199E+07
   2985.20     1.393	0.10156E+07
   2987.00     1.401	0.10082E+07
   2988.80     1.374	0.10334E+07
   2990.80     1.360	0.10472E+07
   2992.60     1.367	0.10400E+07
   2994.60     1.369	0.10382E+07
   2996.40     1.365	0.10423E+07
   2998.20     1.376	0.10321E+07
   3000.20     1.381	0.10272E+07
   3002.00     1.371	0.10368E+07
   3003.80     1.362	0.10448E+07
   3005.80     1.353	0.10544E+07
   3007.60     1.357	0.10498E+07
   3009.40     1.354	0.10528E+07
   3011.40     1.348	0.10583E+07
   3013.20     1.364	0.10431E+07
   3015.00     1.365	0.10422E+07
   3017.00     1.352	0.10553E+07
   3018.80     1.349	0.10576E+07
   3020.60     1.351	0.10563E+07
   3022.60     1.349	0.10582E+07
   3024.40     1.341	0.10652E+07
   3026.20     1.345	0.10620E+07
   3028.20     1.350	0.10565E+07
   3030.00     1.337	0.10694E+07
   3031.80     1.341	0.10659E+07
   3033.80     1.339	0.10678E+07
   3035.60     1.336	0.10703E+07
   3037.40     1.336	0.10702E+07
   3039.40     1.331	0.10760E+07
   3041.20     1.333	0.10736E+07
   3043.20     1.344	0.10629E+07
   3045.00     1.359	0.10482E+07
   3046.80     1.361	0.10462E+07
   3048.80     1.357	0.10504E+07
   3050.60     1.369	0.10382E+07
   3052.40     1.392	0.10165E+07
   3054.40     1.385	0.10230E+07
   3056.20     1.371	0.10364E+07
   3058.00     1.357	0.10500E+07
   3060.00     1.343	0.10638E+07
   3061.80     1.372	0.10352E+07
   3063.60     1.387	0.10219E+07
   3065.60     1.380	0.10280E+07
   3067.40     1.365	0.10424E+07
   3069.20     1.366	0.10413E+07
   3071.20     1.381	0.10269E+07
   3073.00     1.385	0.10233E+07
   3074.80     1.381	0.10272E+07
   3076.80     1.373	0.10351E+07
   3078.60     1.370	0.10372E+07
   3080.40     1.367	0.10399E+07
   3082.40     1.361	0.10466E+07
   3084.20     1.348	0.10584E+07
   3086.20     1.348	0.10588E+07
   3088.00     1.348	0.10587E+07
   3089.80     1.347	0.10595E+07
   3091.80     1.383	0.10254E+07
   3093.60     1.394	0.10148E+07
   3095.40     1.361	0.10460E+07
   3097.40     1.353	0.10541E+07
   3099.20     1.354	0.10526E+07
   3100.14     1.275	0.11329E+07
   3105.32     1.275	0.11325E+07
   3110.50     1.275	0.11320E+07
   3115.69     1.272	0.11356E+07
   3120.89     1.267	0.11408E+07
   3126.10     1.262	0.11459E+07
   3131.32     1.257	0.11511E+07
   3136.55     1.252	0.11564E+07
   3141.78     1.249	0.11602E+07
   3147.03     1.245	0.11640E+07
   3152.28     1.242	0.11677E+07
   3157.54     1.238	0.11714E+07
   3162.81     1.236	0.11740E+07
   3168.09     1.240	0.11699E+07
   3173.38     1.243	0.11659E+07
   3178.68     1.247	0.11618E+07
   3183.99     1.251	0.11578E+07
   3189.30     1.250	0.11592E+07
   3194.62     1.242	0.11678E+07
   3199.96     1.234	0.11764E+07
   3205.30     1.226	0.11850E+07
   3210.65     1.218	0.11935E+07
   3216.01     1.218	0.11937E+07
   3221.38     1.220	0.11912E+07
   3226.75     1.222	0.11887E+07
   3232.14     1.225	0.11862E+07
   3237.53     1.226	0.11846E+07
   3242.94     1.220	0.11913E+07
   3248.35     1.214	0.11981E+07
   3253.77     1.208	0.12048E+07
   3259.20     1.202	0.12117E+07
   3264.64     1.197	0.12170E+07
   3270.09     1.193	0.12207E+07
   3275.55     1.190	0.12244E+07
   3281.02     1.187	0.12281E+07
   3286.50     1.184	0.12318E+07
   3291.98     1.180	0.12361E+07
   3297.48     1.176	0.12406E+07
   3302.98     1.172	0.12450E+07
   3308.50     1.168	0.12495E+07
   3314.02     1.167	0.12512E+07
   3319.55     1.169	0.12482E+07
   3325.09     1.172	0.12452E+07
   3330.64     1.174	0.12423E+07
   3336.20     1.177	0.12393E+07
   3341.77     1.174	0.12423E+07
   3347.35     1.171	0.12462E+07
   3352.93     1.168	0.12502E+07
   3358.53     1.164	0.12541E+07
   3364.14     1.161	0.12580E+07
   3369.75     1.157	0.12619E+07
   3375.38     1.154	0.12657E+07
   3381.01     1.151	0.12694E+07
   3386.66     1.148	0.12733E+07
   3392.31     1.144	0.12775E+07
   3397.97     1.141	0.12816E+07
   3403.64     1.137	0.12859E+07
   3409.32     1.133	0.12901E+07
   3415.01     1.130	0.12942E+07
   3420.72     1.127	0.12980E+07
   3426.43     1.124	0.13018E+07
   3432.15     1.120	0.13058E+07
   3437.87     1.117	0.13093E+07
   3443.61     1.116	0.13108E+07
   3449.36     1.115	0.13122E+07
   3455.12     1.114	0.13137E+07
   3460.89     1.112	0.13153E+07
   3466.66     1.112	0.13156E+07
   3472.45     1.112	0.13157E+07
   3478.25     1.112	0.13157E+07
   3484.05     1.112	0.13157E+07
   3489.87     1.110	0.13181E+07
   3495.69     1.106	0.13230E+07
   3501.53     1.102	0.13279E+07
   3507.37     1.098	0.13328E+07
   3513.23     1.094	0.13377E+07
   3519.09     1.090	0.13424E+07
   3524.97     1.086	0.13471E+07
   3530.85     1.083	0.13519E+07
   3536.74     1.079	0.13566E+07
   3542.65     1.079	0.13568E+07
   3548.56     1.079	0.13568E+07
   3554.48     1.079	0.13569E+07
   3560.42     1.079	0.13569E+07
   3566.36     1.078	0.13576E+07
   3572.31     1.077	0.13586E+07
   3578.27     1.076	0.13597E+07
   3584.25     1.076	0.13607E+07
   3590.23     1.075	0.13620E+07
   3596.22     1.073	0.13635E+07
   3602.23     1.072	0.13651E+07
   3608.24     1.071	0.13666E+07
   3614.26     1.069	0.13694E+07
   3620.29     1.065	0.13738E+07
   3626.34     1.062	0.13782E+07
   3632.39     1.058	0.13827E+07
   3638.46     1.050	0.13934E+07
   3644.53     1.034	0.14133E+07
   3650.61     1.019	0.14331E+07
   3656.71     1.004	0.14530E+07
   3662.81     0.997	0.14635E+07
   3668.92     1.005	0.14515E+07
   3675.05     1.014	0.14395E+07
   3681.18     1.024	0.14275E+07
   3687.33     1.032	0.14169E+07
   3693.48     1.020	0.14328E+07
   3699.65     1.007	0.14489E+07
   3705.82     0.995	0.14650E+07
   3712.01     0.983	0.14812E+07
   3718.20     0.925	0.15625E+07
   3724.41     0.870	0.16441E+07
   3730.63     0.818	0.17257E+07
   3736.85     0.767	0.18076E+07
   3743.09     0.757	0.18243E+07
   3749.34     0.748	0.18396E+07
   3755.60     0.739	0.18548E+07
   3761.87     0.730	0.18701E+07
   3768.15     0.644	0.20244E+07
   3774.44     0.563	0.21820E+07
   3780.74     0.487	0.23399E+07
   3787.05     0.416	0.24980E+07
   3793.37     0.346	0.26634E+07
   3799.70     0.281	0.28292E+07
   3806.04     0.219	0.29953E+07
   3812.40     0.168	0.31388E+07
   3818.76     0.239	0.29398E+07
   3825.14     0.315	0.27407E+07
   3831.52     0.397	0.25411E+07
   3837.92     0.443	0.24373E+07
   3844.32     0.250	0.29103E+07
   3850.74     0.086	0.33840E+07
   3857.17    -0.056	0.38585E+07
   3863.60    -0.122	0.41006E+07
   3870.05     0.008	0.36391E+07
   3876.51     0.155	0.31768E+07
   3882.98     0.326	0.27137E+07
   3889.47     0.371	0.26030E+07
   3895.96     0.193	0.30681E+07
   3902.46     0.039	0.35342E+07
   3908.98    -0.095	0.40010E+07
   3915.50    -0.157	0.42339E+07
   3922.04    -0.165	0.42641E+07
   3928.58    -0.172	0.42944E+07
   3935.14    -0.180	0.43246E+07
   3941.71    -0.108	0.40459E+07
   3948.29     0.006	0.36443E+07
   3954.88     0.133	0.32420E+07
   3961.48     0.277	0.28391E+07
   3968.09     0.200	0.30468E+07
   3974.72     0.111	0.33072E+07
   3981.35     0.029	0.35680E+07
   3988.00    -0.047	0.38253E+07
   3994.65    -0.111	0.40601E+07
   4001.32    -0.173	0.42954E+07
   4008.00    -0.230	0.45310E+07
   4014.69    -0.265	0.46762E+07
   4021.39    -0.267	0.46859E+07
   4028.10    -0.269	0.46956E+07
   4034.83    -0.272	0.47055E+07
   4041.56    -0.267	0.46875E+07
   4048.31    -0.260	0.46562E+07
   4055.07    -0.253	0.46249E+07
   4061.84    -0.245	0.45935E+07
   4068.62    -0.181	0.43275E+07
   4075.41    -0.110	0.40551E+07
   4082.21    -0.034	0.37823E+07
   4089.02     0.039	0.35344E+07
   4095.85     0.099	0.33465E+07
   4102.69     0.161	0.31582E+07
   4109.54     0.228	0.29697E+07
   4116.40     0.156	0.31740E+07
   4123.27     0.019	0.35996E+07
   4130.15    -0.102	0.40259E+07
   4137.04    -0.211	0.44506E+07
   4143.95    -0.222	0.44977E+07
   4150.87    -0.234	0.45448E+07
   4157.79    -0.245	0.45922E+07
   4164.73    -0.251	0.46177E+07
   4171.69    -0.249	0.46098E+07
   4178.65    -0.247	0.46018E+07
   4185.62    -0.245	0.45938E+07
   4192.61    -0.246	0.45970E+07
   4199.61    -0.248	0.46029E+07
   4206.62    -0.249	0.46088E+07
   4213.64    -0.249	0.46075E+07
   4220.67    -0.243	0.45826E+07
   4227.72    -0.237	0.45576E+07
   4234.78    -0.231	0.45324E+07
   4241.85    -0.227	0.45165E+07
   4248.93    -0.224	0.45048E+07
   4256.02    -0.221	0.44931E+07
   4263.12    -0.219	0.44823E+07
   4270.24    -0.218	0.44771E+07
   4277.37    -0.216	0.44720E+07
   4284.51    -0.215	0.44668E+07
   4291.66    -0.201	0.44096E+07
   4298.82    -0.180	0.43247E+07
   4306.00    -0.158	0.42395E+07
   4313.19    -0.119	0.40876E+07
   4320.38     0.020	0.35970E+07
   4327.60     0.180	0.31056E+07
   4334.82     0.367	0.26134E+07
   4342.06     0.313	0.27473E+07
   4349.30     0.163	0.31522E+07
   4356.56     0.032	0.35578E+07
   4363.84    -0.066	0.38949E+07
   4371.12    -0.102	0.40271E+07
   4378.42    -0.138	0.41596E+07
   4385.73    -0.172	0.42922E+07
   4393.04    -0.179	0.43223E+07
   4400.38    -0.181	0.43307E+07
   4407.72    -0.183	0.43391E+07
   4415.08    -0.186	0.43484E+07
   4422.45    -0.188	0.43588E+07
   4429.83    -0.191	0.43695E+07
   4437.23    -0.194	0.43797E+07
   4444.63    -0.194	0.43815E+07
   4452.05    -0.194	0.43833E+07
   4459.48    -0.195	0.43851E+07
   4466.93    -0.193	0.43769E+07
   4474.38    -0.190	0.43637E+07
   4481.85    -0.186	0.43504E+07
   4489.33    -0.184	0.43407E+07
   4496.83    -0.183	0.43389E+07
   4504.33    -0.183	0.43370E+07
   4511.85    -0.183	0.43352E+07
   4519.38    -0.179	0.43213E+07
   4526.93    -0.175	0.43072E+07
   4534.48    -0.172	0.42929E+07
   4542.05    -0.171	0.42908E+07
   4549.63    -0.172	0.42949E+07
   4557.23    -0.173	0.42989E+07
   4564.84    -0.173	0.42982E+07
   4572.46    -0.171	0.42895E+07
   4580.09    -0.169	0.42808E+07
   4587.73    -0.167	0.42736E+07
   4595.39    -0.169	0.42804E+07
   4603.06    -0.170	0.42871E+07
   4610.75    -0.172	0.42938E+07
   4618.44    -0.171	0.42885E+07
   4626.15    -0.169	0.42807E+07
   4633.87    -0.167	0.42729E+07
   4641.61    -0.166	0.42689E+07
   4649.35    -0.166	0.42678E+07
   4657.12    -0.165	0.42667E+07
   4664.89    -0.163	0.42583E+07
   4672.68    -0.158	0.42377E+07
   4680.48    -0.153	0.42170E+07
   4688.29    -0.147	0.41948E+07
   4696.12    -0.139	0.41658E+07
   4703.95    -0.132	0.41367E+07
   4711.81    -0.124	0.41076E+07
   4719.67    -0.124	0.41089E+07
   4727.55    -0.125	0.41110E+07
   4735.44    -0.125	0.41132E+07
   4743.34    -0.129	0.41267E+07
   4751.26    -0.133	0.41432E+07
   4759.19    -0.138	0.41595E+07
   4767.14    -0.135	0.41479E+07
   4775.09    -0.127	0.41209E+07
   4783.06    -0.120	0.40938E+07
   4791.05    -0.115	0.40748E+07
   4799.05    -0.112	0.40637E+07
   4807.06    -0.109	0.40524E+07
   4815.08    -0.096	0.40043E+07
   4823.12    -0.067	0.38969E+07
   4831.17    -0.036	0.37893E+07
   4839.23     0.023	0.35863E+07
   4847.31     0.170	0.31336E+07
   4855.40     0.340	0.26802E+07
   4863.51     0.463	0.23915E+07
   4871.62     0.281	0.28292E+07
   4879.76     0.124	0.32677E+07
   4887.90    -0.002	0.36696E+07
   4896.06    -0.032	0.37732E+07
   4904.23    -0.061	0.38768E+07
   4912.42    -0.089	0.39761E+07
   4920.62    -0.093	0.39913E+07
   4928.83    -0.097	0.40065E+07
   4937.06    -0.101	0.40216E+07
   4945.30    -0.100	0.40190E+07
   4953.56    -0.100	0.40165E+07
   4961.83    -0.099	0.40139E+07
   4970.11    -0.098	0.40101E+07
   4978.40    -0.097	0.40061E+07
   4986.71    -0.096	0.40023E+07
   4995.04    -0.094	0.39944E+07
   5003.38    -0.091	0.39864E+07
   5011.73    -0.089	0.39783E+07
   5020.09    -0.087	0.39703E+07
   5028.47    -0.085	0.39635E+07
   5036.87    -0.084	0.39585E+07
   5045.27    -0.082	0.39535E+07
   5053.69    -0.081	0.39485E+07
   5062.13    -0.080	0.39434E+07
   5070.58    -0.078	0.39384E+07
   5079.04    -0.077	0.39333E+07
   5087.52    -0.076	0.39284E+07
   5096.01    -0.074	0.39234E+07
   5104.52    -0.073	0.39185E+07
   5113.04    -0.071	0.39135E+07
   5121.58    -0.070	0.39085E+07
   5130.12    -0.067	0.38986E+07
   5138.69    -0.064	0.38855E+07
   5147.27    -0.060	0.38724E+07
   5155.86    -0.056	0.38592E+07
   5164.46    -0.053	0.38460E+07
   5173.08    -0.049	0.38328E+07
   5181.72    -0.048	0.38288E+07
   5190.37    -0.047	0.38276E+07
   5199.03    -0.047	0.38262E+07
   5207.71    -0.047	0.38250E+07
   5216.40    -0.046	0.38236E+07
   5225.11    -0.046	0.38222E+07
   5233.83    -0.044	0.38149E+07
   5242.57    -0.042	0.38075E+07
   5251.32    -0.039	0.38001E+07
   5260.08    -0.037	0.37928E+07
   5268.87    -0.035	0.37854E+07
   5277.66    -0.033	0.37778E+07
   5286.47    -0.031	0.37701E+07
   5295.29    -0.029	0.37622E+07
   5304.13    -0.026	0.37543E+07
   5312.99    -0.024	0.37464E+07
   5321.85    -0.022	0.37385E+07
   5330.74    -0.021	0.37351E+07
   5339.64    -0.021	0.37342E+07
   5348.55    -0.020	0.37333E+07
   5357.48    -0.020	0.37324E+07
   5366.42    -0.020	0.37315E+07
   5375.38    -0.019	0.37304E+07
   5384.35    -0.017	0.37228E+07
   5393.34    -0.015	0.37153E+07
   5402.34    -0.013	0.37076E+07
   5411.36    -0.011	0.37000E+07
   5420.39    -0.008	0.36924E+07
   5429.44    -0.007	0.36867E+07
   5438.50    -0.005	0.36829E+07
   5447.58    -0.004	0.36790E+07
   5456.67    -0.003	0.36751E+07
   5465.78    -0.002	0.36712E+07
   5474.90    -0.001	0.36674E+07
   5484.04     0.001	0.36619E+07
   5493.20     0.002	0.36564E+07
   5502.37     0.004	0.36509E+07
   5511.55     0.006	0.36454E+07
   5520.75     0.007	0.36399E+07
   5529.97     0.009	0.36336E+07
   5539.20     0.011	0.36266E+07
   5548.44     0.013	0.36198E+07
   5557.71     0.015	0.36128E+07
   5566.98     0.017	0.36060E+07
   5576.27     0.019	0.35993E+07
   5585.58     0.021	0.35944E+07
   5594.91     0.022	0.35896E+07
   5604.25     0.024	0.35848E+07
   5613.60     0.025	0.35799E+07
   5622.97     0.027	0.35750E+07
   5632.36     0.029	0.35690E+07
   5641.76     0.031	0.35628E+07
   5651.17     0.032	0.35565E+07
   5660.61     0.034	0.35502E+07
   5670.06     0.036	0.35440E+07
   5679.52     0.038	0.35382E+07
   5689.00     0.040	0.35332E+07
   5698.50     0.041	0.35280E+07
   5708.01     0.043	0.35230E+07
   5717.54     0.044	0.35179E+07
   5727.08     0.046	0.35125E+07
   5736.64     0.048	0.35060E+07
   5746.22     0.050	0.34997E+07
   5755.81     0.052	0.34933E+07
   5765.42     0.054	0.34870E+07
   5775.04     0.056	0.34805E+07
   5784.68     0.058	0.34752E+07
   5794.34     0.059	0.34698E+07
   5804.01     0.061	0.34645E+07
   5813.70     0.063	0.34591E+07
   5823.40     0.064	0.34538E+07
   5833.12     0.066	0.34468E+07
   5842.86     0.069	0.34394E+07
   5852.61     0.071	0.34322E+07
   5862.38     0.073	0.34249E+07
   5872.17     0.076	0.34175E+07
   5881.97     0.077	0.34126E+07
   5891.79     0.079	0.34086E+07
   5901.62     0.080	0.34045E+07
   5911.47     0.081	0.34005E+07
   5921.34     0.082	0.33964E+07
   5931.22     0.084	0.33910E+07
   5941.12     0.086	0.33846E+07
   5951.04     0.088	0.33784E+07
   5960.97     0.090	0.33720E+07
   5970.92     0.092	0.33657E+07
   5980.89     0.094	0.33596E+07
   5990.87     0.096	0.33537E+07
   6000.87     0.098	0.33479E+07
   6010.89     0.100	0.33419E+07
   6020.92     0.102	0.33360E+07
   6030.97     0.104	0.33307E+07
   6041.04     0.105	0.33257E+07
   6051.12     0.107	0.33207E+07
   6061.23     0.109	0.33158E+07
   6071.34     0.110	0.33108E+07
   6081.48     0.112	0.33047E+07
   6091.63     0.114	0.32979E+07
   6101.80     0.117	0.32911E+07
   6111.98     0.119	0.32842E+07
   6122.19     0.121	0.32773E+07
   6132.40     0.123	0.32719E+07
   6142.64     0.125	0.32669E+07
   6152.89     0.126	0.32618E+07
   6163.16     0.128	0.32568E+07
   6173.45     0.130	0.32516E+07
   6183.76     0.132	0.32451E+07
   6194.08     0.134	0.32384E+07
   6204.42     0.136	0.32316E+07
   6214.77     0.139	0.32249E+07
   6225.15     0.141	0.32181E+07
   6235.54     0.142	0.32142E+07
   6245.95     0.144	0.32102E+07
   6256.37     0.145	0.32063E+07
   6266.82     0.146	0.32023E+07
   6277.28     0.148	0.31976E+07
   6287.75     0.150	0.31905E+07
   6298.25     0.153	0.31836E+07
   6308.76     0.155	0.31765E+07
   6319.29     0.158	0.31695E+07
   6329.84     0.160	0.31636E+07
   6340.41     0.161	0.31593E+07
   6350.99     0.163	0.31548E+07
   6361.59     0.164	0.31505E+07
   6372.21     0.166	0.31461E+07
   6382.85     0.168	0.31405E+07
   6393.50     0.170	0.31343E+07
   6404.17     0.172	0.31282E+07
   6414.87     0.174	0.31220E+07
   6425.57     0.176	0.31157E+07
   6436.30     0.179	0.31061E+07
   6447.04     0.183	0.30964E+07
   6457.80     0.186	0.30868E+07
   6468.58     0.190	0.30771E+07
   6479.38     0.195	0.30611E+07
   6490.20     0.204	0.30356E+07
   6501.03     0.214	0.30101E+07
   6511.88     0.223	0.29845E+07
   6522.75     0.232	0.29590E+07
   6533.64     0.267	0.28655E+07
   6544.54     0.310	0.27541E+07
   6555.47     0.355	0.26425E+07
   6566.41     0.402	0.25307E+07
   6577.37     0.429	0.24687E+07
   6588.35     0.378	0.25881E+07
   6599.35     0.328	0.27077E+07
   6610.36     0.281	0.28275E+07
   6621.40     0.236	0.29475E+07
   6632.45     0.222	0.29871E+07
   6643.52     0.222	0.29877E+07
   6654.61     0.221	0.29883E+07
   6665.72     0.221	0.29889E+07
   6676.85     0.221	0.29887E+07
   6687.99     0.223	0.29849E+07
   6699.15     0.224	0.29809E+07
   6710.34     0.226	0.29770E+07
   6721.54     0.227	0.29731E+07
   6732.76     0.229	0.29680E+07
   6744.00     0.231	0.29625E+07
   6755.25     0.233	0.29568E+07
   6766.53     0.235	0.29512E+07
   6777.82     0.237	0.29458E+07
   6789.14     0.239	0.29406E+07
   6800.47     0.241	0.29353E+07
   6811.82     0.243	0.29301E+07
   6823.19     0.245	0.29247E+07
   6834.58     0.247	0.29198E+07
   6845.99     0.248	0.29148E+07
   6857.42     0.250	0.29100E+07
   6868.86     0.252	0.29049E+07
   6880.33     0.254	0.28999E+07
   6891.81     0.256	0.28945E+07
   6903.32     0.258	0.28892E+07
   6914.84     0.260	0.28838E+07
   6926.38     0.262	0.28785E+07
   6937.94     0.264	0.28731E+07
   6949.52     0.266	0.28678E+07
   6961.12     0.268	0.28623E+07
   6972.75     0.270	0.28570E+07
   6984.38     0.272	0.28515E+07
   6996.04     0.274	0.28462E+07
   7007.72     0.276	0.28407E+07
   7019.42     0.279	0.28353E+07
   7031.13     0.281	0.28300E+07
   7042.87     0.282	0.28250E+07
   7054.63     0.284	0.28199E+07
   7066.40     0.286	0.28148E+07
   7078.20     0.288	0.28095E+07
   7090.01     0.291	0.28033E+07
   7101.85     0.293	0.27970E+07
   7113.70     0.296	0.27909E+07
   7125.58     0.298	0.27846E+07
   7137.47     0.301	0.27784E+07
   7149.38     0.303	0.27721E+07
   7161.32     0.305	0.27673E+07
   7173.27     0.307	0.27623E+07
   7185.25     0.309	0.27575E+07
   7197.24     0.311	0.27525E+07
   7209.25     0.313	0.27477E+07
   7221.29     0.315	0.27427E+07
   7233.34     0.316	0.27379E+07
   7245.42     0.318	0.27330E+07
   7257.51     0.320	0.27283E+07
   7269.62     0.322	0.27238E+07
   7281.76     0.324	0.27193E+07
   7293.91     0.326	0.27149E+07
   7306.09     0.327	0.27104E+07
   7318.28     0.329	0.27059E+07
   7330.50     0.331	0.27015E+07
   7342.73     0.333	0.26969E+07
   7354.99     0.335	0.26916E+07
   7367.27     0.338	0.26851E+07
   7379.57     0.340	0.26787E+07
   7391.88     0.343	0.26721E+07
   7404.22     0.346	0.26655E+07
   7416.58     0.348	0.26590E+07
   7428.96     0.351	0.26524E+07
   7441.36     0.354	0.26458E+07
   7453.78     0.356	0.26402E+07
   7466.23     0.357	0.26366E+07
   7478.69     0.359	0.26330E+07
   7491.17     0.360	0.26294E+07
   7503.68     0.362	0.26259E+07
   7516.20     0.363	0.26222E+07
   7528.75     0.365	0.26187E+07
   7541.31     0.366	0.26151E+07
   7553.90     0.368	0.26109E+07
   7566.51     0.370	0.26059E+07
   7579.14     0.372	0.26008E+07
   7591.79     0.374	0.25958E+07
   7604.46     0.376	0.25907E+07
   7617.16     0.379	0.25856E+07
   7629.87     0.381	0.25806E+07
   7642.61     0.383	0.25754E+07
   7655.37     0.385	0.25699E+07
   7668.15     0.388	0.25636E+07
   7680.94     0.391	0.25573E+07
   7693.77     0.393	0.25510E+07
   7706.61     0.396	0.25447E+07
   7719.47     0.399	0.25384E+07
   7732.36     0.401	0.25321E+07
   7745.26     0.404	0.25258E+07
   7758.19     0.406	0.25210E+07
   7771.14     0.408	0.25172E+07
   7784.12     0.409	0.25133E+07
   7797.11     0.411	0.25095E+07
   7810.12     0.413	0.25057E+07
   7823.16     0.414	0.25018E+07
   7836.22     0.416	0.24979E+07
   7849.30     0.418	0.24941E+07
   7862.40     0.420	0.24896E+07
   7875.52     0.422	0.24851E+07
   7888.67     0.424	0.24805E+07
   7901.84     0.426	0.24760E+07
   7915.03     0.428	0.24715E+07
   7928.24     0.430	0.24669E+07
   7941.47     0.432	0.24623E+07
   7954.73     0.434	0.24578E+07
   7968.01     0.436	0.24533E+07
   7981.31     0.438	0.24488E+07
   7994.63     0.440	0.24443E+07
   8007.98     0.442	0.24399E+07
   8021.34     0.444	0.24353E+07
   8034.73     0.446	0.24308E+07
   8048.14     0.448	0.24263E+07
   8061.58     0.450	0.24214E+07
   8075.03     0.452	0.24165E+07
   8088.51     0.454	0.24114E+07
   8102.02     0.457	0.24065E+07
   8115.54     0.459	0.24014E+07
   8129.08     0.461	0.23965E+07
   8142.65     0.463	0.23914E+07
   8156.25     0.465	0.23878E+07
   8169.86     0.465	0.23874E+07
   8183.50     0.465	0.23870E+07
   8197.16     0.466	0.23866E+07
   8210.84     0.466	0.23862E+07
   8224.55     0.466	0.23858E+07
   8238.27     0.466	0.23854E+07
   8252.03     0.466	0.23850E+07
   8265.80     0.468	0.23809E+07
   8279.60     0.470	0.23768E+07
   8293.42     0.472	0.23727E+07
   8307.26     0.474	0.23687E+07
   8321.13     0.476	0.23646E+07
   8335.02     0.477	0.23605E+07
   8348.93     0.479	0.23564E+07
   8362.87     0.482	0.23513E+07
   8376.83     0.484	0.23462E+07
   8390.81     0.487	0.23410E+07
   8404.82     0.489	0.23358E+07
   8418.84     0.491	0.23307E+07
   8432.90     0.494	0.23254E+07
   8446.97     0.496	0.23202E+07
   8461.07     0.500	0.23124E+07
   8475.20     0.504	0.23038E+07
   8489.34     0.508	0.22953E+07
   8503.51     0.512	0.22868E+07
   8517.71     0.516	0.22782E+07
   8531.93     0.520	0.22696E+07
   8546.17     0.524	0.22609E+07
   8560.43     0.527	0.22557E+07
   8574.72     0.529	0.22517E+07
   8589.04     0.531	0.22477E+07
   8603.37     0.533	0.22437E+07
   8617.73     0.535	0.22396E+07
   8632.12     0.537	0.22356E+07
   8646.53     0.538	0.22315E+07
   8660.96     0.535	0.22383E+07
   8675.42     0.530	0.22485E+07
   8689.90     0.525	0.22587E+07
   8704.40     0.520	0.22690E+07
   8718.93     0.516	0.22792E+07
   8733.49     0.511	0.22895E+07
   8748.06     0.506	0.22998E+07
   8762.67     0.508	0.22941E+07
   8777.29     0.512	0.22860E+07
   8791.95     0.516	0.22779E+07
   8806.62     0.520	0.22697E+07
   8821.32     0.524	0.22615E+07
   8836.04     0.528	0.22533E+07
   8850.79     0.531	0.22473E+07
   8865.57     0.515	0.22799E+07
   8880.37     0.500	0.23125E+07
   8895.19     0.485	0.23452E+07
   8910.04     0.470	0.23779E+07
   8924.91     0.455	0.24107E+07
   8939.81     0.440	0.24436E+07
   8954.73     0.435	0.24543E+07
   8969.68     0.452	0.24171E+07
   8984.65     0.469	0.23799E+07
   8999.65     0.486	0.23427E+07
   9014.67     0.503	0.23054E+07
   9029.72     0.521	0.22680E+07
   9044.79     0.539	0.22305E+07
   9059.89     0.534	0.22406E+07
   9075.01     0.517	0.22759E+07
   9090.16     0.500	0.23111E+07
   9105.33     0.484	0.23464E+07
   9120.53     0.468	0.23817E+07
   9135.75     0.452	0.24171E+07
   9151.00     0.438	0.24471E+07
   9166.28     0.460	0.23982E+07
   9181.58     0.483	0.23491E+07
   9196.91     0.506	0.23001E+07
   9212.26     0.529	0.22508E+07
   9227.63     0.553	0.22016E+07
   9243.04     0.578	0.21521E+07
   9258.47     0.577	0.21537E+07
   9273.92     0.555	0.21973E+07
   9289.40     0.534	0.22410E+07
   9304.91     0.513	0.22849E+07
   9320.44     0.492	0.23286E+07
   9336.00     0.472	0.23726E+07
   9351.58     0.454	0.24113E+07
   9367.19     0.458	0.24034E+07
   9382.83     0.462	0.23955E+07
   9398.49     0.465	0.23875E+07
   9414.18     0.469	0.23795E+07
   9429.89     0.472	0.23715E+07
   9445.63     0.476	0.23636E+07
   9461.40     0.494	0.23244E+07
   9477.19     0.518	0.22732E+07
   9493.01     0.543	0.22221E+07
   9508.86     0.569	0.21707E+07
   9524.73     0.595	0.21193E+07
   9540.63     0.621	0.20678E+07
   9556.55     0.629	0.20539E+07
   9572.50     0.608	0.20940E+07
   9588.48     0.587	0.21343E+07
   9604.49     0.567	0.21745E+07
   9620.52     0.547	0.22148E+07
   9636.58     0.527	0.22552E+07
   9652.66     0.511	0.22889E+07
   9668.78     0.511	0.22886E+07
   9684.92     0.511	0.22882E+07
   9701.08     0.511	0.22879E+07
   9717.27     0.512	0.22875E+07
   9733.49     0.512	0.22872E+07
   9749.74     0.512	0.22868E+07
   9766.02     0.515	0.22805E+07
   9782.32     0.518	0.22740E+07
   9798.65     0.521	0.22676E+07
   9815.00     0.524	0.22611E+07
   9831.39     0.527	0.22547E+07
   9847.80     0.530	0.22482E+07
   9864.23     0.534	0.22409E+07
   9880.70     0.538	0.22335E+07
   9897.19     0.541	0.22260E+07
   9913.71     0.545	0.22185E+07
   9930.26     0.548	0.22111E+07
   9946.84     0.552	0.22036E+07
   9963.44     0.573	0.21618E+07
   9980.07     0.598	0.21118E+07
   9996.73     0.624	0.20617E+07
  10013.42     0.651	0.20115E+07
  10030.13     0.679	0.19613E+07
  10046.87     0.707	0.19109E+07
  10063.64     0.694	0.19330E+07
  10080.44     0.673	0.19718E+07
  10097.27     0.652	0.20105E+07
  10114.12     0.631	0.20494E+07
  10131.01     0.611	0.20882E+07
  10147.92     0.590	0.21273E+07
  10164.86     0.588	0.21315E+07
  10181.82     0.589	0.21308E+07
  10198.82     0.589	0.21302E+07
  10215.84     0.589	0.21295E+07
  10232.90     0.590	0.21289E+07
  10249.98     0.590	0.21282E+07
  10267.09     0.593	0.21230E+07
  10284.22     0.595	0.21178E+07
  10301.39     0.598	0.21126E+07
  10318.59     0.601	0.21072E+07
  10335.81     0.603	0.21020E+07
  10353.06     0.606	0.20966E+07
  10370.34     0.609	0.20909E+07
  10387.65     0.612	0.20852E+07
  10404.99     0.615	0.20795E+07
  10422.36     0.618	0.20737E+07
  10439.76     0.621	0.20680E+07
  10457.18     0.624	0.20622E+07
  10474.64     0.627	0.20565E+07
  10492.12     0.630	0.20510E+07
  10509.64     0.633	0.20454E+07
  10527.18     0.636	0.20397E+07
  10544.75     0.639	0.20339E+07
  10562.35     0.642	0.20278E+07
  10579.99     0.646	0.20214E+07
  10597.65     0.649	0.20150E+07
  10615.33     0.653	0.20085E+07
  10633.05     0.656	0.20021E+07
  10650.80     0.660	0.19958E+07
  10668.58     0.662	0.19917E+07
  10686.39     0.664	0.19877E+07
  10704.23     0.666	0.19837E+07
  10722.09     0.668	0.19797E+07
  10739.99     0.671	0.19756E+07
  10757.92     0.674	0.19700E+07
  10775.88     0.678	0.19621E+07
  10793.86     0.683	0.19542E+07
  10811.88     0.687	0.19464E+07
  10829.93     0.691	0.19385E+07
  10848.01     0.696	0.19306E+07
  10866.11     0.718	0.18913E+07
  10884.25     0.743	0.18480E+07
  10902.42     0.769	0.18047E+07
  10920.62     0.795	0.17613E+07
  10938.85     0.823	0.17179E+07
  10957.11     0.830	0.17056E+07
  10975.40     0.807	0.17427E+07
  10993.72     0.784	0.17797E+07
  11012.07     0.762	0.18169E+07
  11030.45     0.740	0.18540E+07
  11048.86     0.718	0.18912E+07
  11067.30     0.718	0.18911E+07
  11085.78     0.720	0.18887E+07
  11104.28     0.721	0.18861E+07
  11122.82     0.723	0.18836E+07
  11141.38     0.724	0.18810E+07
  11159.98     0.726	0.18771E+07
  11178.61     0.729	0.18718E+07
  11197.27     0.732	0.18665E+07
  11215.96     0.735	0.18613E+07
  11234.68     0.739	0.18559E+07
  11253.43     0.742	0.18505E+07
  11272.22     0.745	0.18443E+07
  11291.03     0.749	0.18380E+07
  11309.88     0.753	0.18318E+07
  11328.76     0.757	0.18255E+07
  11347.67     0.760	0.18193E+07
  11366.61     0.762	0.18160E+07
  11385.58     0.764	0.18133E+07
  11404.59     0.765	0.18106E+07
  11423.63     0.767	0.18078E+07
  11442.70     0.769	0.18050E+07
  11461.80     0.771	0.18017E+07
  11480.93     0.773	0.17980E+07
  11500.09     0.775	0.17942E+07
  11519.29     0.777	0.17906E+07
  11538.52     0.780	0.17869E+07
  11557.78     0.783	0.17818E+07
  11577.07     0.787	0.17748E+07
  11596.39     0.791	0.17677E+07
  11615.75     0.796	0.17606E+07
  11635.14     0.800	0.17536E+07
  11654.56     0.804	0.17473E+07
  11674.01     0.806	0.17436E+07
  11693.50     0.809	0.17397E+07
  11713.02     0.811	0.17360E+07
  11732.57     0.814	0.17322E+07
  11752.16     0.816	0.17283E+07
  11771.77     0.818	0.17243E+07
  11791.42     0.821	0.17202E+07
  11811.10     0.824	0.17160E+07
  11830.82     0.826	0.17119E+07
  11850.57     0.829	0.17077E+07
  11870.35     0.831	0.17045E+07
  11890.16     0.833	0.17013E+07
  11910.01     0.835	0.16982E+07
  11929.89     0.837	0.16949E+07
  11949.80     0.839	0.16917E+07
  11969.75     0.842	0.16877E+07
  11989.73     0.844	0.16836E+07
  12009.74     0.847	0.16796E+07
