0.24128E-04
0.25421E-04
0.26713E-04
0.28004E-04
0.29294E-04
0.30583E-04
0.31871E-04
0.33161E-04
0.34450E-04
0.35739E-04
0.37030E-04
0.38320E-04
0.39612E-04
0.40905E-04
0.42199E-04
0.43494E-04
0.44790E-04
0.46087E-04
0.47386E-04
0.48686E-04
0.49989E-04
0.51292E-04
0.52597E-04
0.53904E-04
0.55213E-04
0.56523E-04
0.57835E-04
0.59149E-04
0.60465E-04
0.61782E-04
0.63101E-04
0.64423E-04
0.65745E-04
0.67069E-04
0.68397E-04
0.69727E-04
0.71059E-04
0.72390E-04
0.73726E-04
0.75062E-04
0.76402E-04
0.77742E-04
0.79086E-04
0.80430E-04
0.81778E-04
0.83127E-04
0.84477E-04
0.85832E-04
0.87189E-04
0.88544E-04
0.89905E-04
0.91266E-04
0.92632E-04
0.95324E-04
0.99321E-04
0.10332E-03
0.10731E-03
0.11131E-03
0.11531E-03
0.11930E-03
0.12330E-03
0.12731E-03
0.13131E-03
0.13532E-03
0.13933E-03
0.14334E-03
0.14736E-03
0.15139E-03
0.15541E-03
0.15945E-03
0.16349E-03
0.16752E-03
0.17157E-03
0.17563E-03
0.17969E-03
0.18375E-03
0.18782E-03
0.19189E-03
0.19597E-03
0.20005E-03
0.20415E-03
0.20825E-03
0.21235E-03
0.21645E-03
0.22056E-03
0.22469E-03
0.22882E-03
0.23295E-03
0.23708E-03
0.24123E-03
0.24538E-03
0.24954E-03
0.25371E-03
0.25787E-03
0.26204E-03
0.26623E-03
0.27042E-03
0.27462E-03
0.27882E-03
0.28302E-03
0.28724E-03
0.29291E-03
0.30326E-03
0.31359E-03
0.32394E-03
0.33429E-03
0.34465E-03
0.35500E-03
0.36538E-03
0.37576E-03
0.38615E-03
0.39654E-03
0.40696E-03
0.41737E-03
0.42781E-03
0.43826E-03
0.44872E-03
0.45918E-03
0.46965E-03
0.48015E-03
0.49067E-03
0.50118E-03
0.51172E-03
0.52227E-03
0.53284E-03
0.54341E-03
0.55399E-03
0.56461E-03
0.57523E-03
0.58586E-03
0.59653E-03
0.60721E-03
0.61788E-03
0.62859E-03
0.63931E-03
0.65004E-03
0.66079E-03
0.67154E-03
0.68233E-03
0.69314E-03
0.70395E-03
0.71478E-03
0.72563E-03
0.73648E-03
0.74737E-03
0.75827E-03
0.77617E-03
0.79939E-03
0.82263E-03
0.84589E-03
0.86916E-03
0.89245E-03
0.91575E-03
0.93908E-03
0.96247E-03
0.98584E-03
0.10092E-02
0.10327E-02
0.10562E-02
0.10796E-02
0.11031E-02
0.11267E-02
0.11502E-02
0.11739E-02
0.11976E-02
0.12212E-02
0.12449E-02
0.12686E-02
0.12925E-02
0.13162E-02
0.13401E-02
0.13639E-02
0.13878E-02
0.14117E-02
0.14358E-02
0.14598E-02
0.14838E-02
0.15079E-02
0.15319E-02
0.15562E-02
0.15803E-02
0.16045E-02
0.16288E-02
0.16531E-02
0.16775E-02
0.17018E-02
0.17262E-02
0.17508E-02
0.17970E-02
0.18436E-02
0.18902E-02
0.19369E-02
0.19837E-02
0.20305E-02
0.20774E-02
0.21242E-02
0.21711E-02
0.22181E-02
0.22652E-02
0.23123E-02
0.23594E-02
0.24067E-02
0.24539E-02
0.25013E-02
0.25488E-02
0.25962E-02
0.26437E-02
0.26914E-02
0.27390E-02
0.27868E-02
0.28346E-02
0.28824E-02
0.29303E-02
0.29784E-02
0.30265E-02
0.30747E-02
0.31228E-02
0.31712E-02
0.32195E-02
0.32680E-02
0.33165E-02
0.33650E-02
0.34137E-02
0.34624E-02
0.35113E-02
0.35601E-02
0.36133E-02
0.36985E-02
0.37837E-02
0.38690E-02
0.39544E-02
0.40399E-02
0.41256E-02
0.42113E-02
0.42971E-02
0.43831E-02
0.44690E-02
0.45551E-02
0.46415E-02
0.47277E-02
0.48142E-02
0.49008E-02
0.49875E-02
0.50743E-02
0.51613E-02
0.52483E-02
0.53356E-02
0.54228E-02
0.55103E-02
0.55979E-02
0.56855E-02
0.57733E-02
0.58613E-02
0.59493E-02
0.60375E-02
0.61260E-02
0.62144E-02
0.63028E-02
0.63916E-02
0.64806E-02
0.65696E-02
0.66586E-02
0.67479E-02
0.68708E-02
0.70149E-02
0.71594E-02
0.73041E-02
0.74488E-02
0.75940E-02
0.77390E-02
0.78844E-02
0.80301E-02
0.81757E-02
0.83215E-02
0.84677E-02
0.86140E-02
0.87605E-02
0.89071E-02
0.90540E-02
0.92012E-02
0.93484E-02
0.94960E-02
0.96436E-02
0.97915E-02
0.99396E-02
0.10088E-01
0.10237E-01
0.10385E-01
0.10535E-01
0.10684E-01
0.10833E-01
0.10983E-01
0.11132E-01
0.11282E-01
0.11433E-01
0.11584E-01
0.11734E-01
0.11901E-01
0.12130E-01
0.12359E-01
0.12589E-01
0.12820E-01
0.13050E-01
0.13280E-01
0.13511E-01
0.13742E-01
0.13973E-01
0.14205E-01
0.14437E-01
0.14669E-01
0.14903E-01
0.15136E-01
0.15369E-01
0.15602E-01
0.15836E-01
0.16070E-01
0.16306E-01
0.16540E-01
0.16776E-01
0.17012E-01
0.17247E-01
0.17484E-01
0.17720E-01
0.17958E-01
0.18196E-01
0.18433E-01
0.18671E-01
0.18909E-01
0.19149E-01
0.19388E-01
0.19601E-01
0.19800E-01
0.19999E-01
0.20199E-01
0.20399E-01
0.20599E-01
0.20800E-01
0.21000E-01
0.21201E-01
0.21402E-01
0.21603E-01
0.21805E-01
0.22008E-01
0.22209E-01
0.22411E-01
0.22615E-01
0.22818E-01
0.23021E-01
0.23225E-01
0.23429E-01
0.23634E-01
0.23837E-01
0.24042E-01
0.24247E-01
0.24453E-01
0.24659E-01
0.24865E-01
0.25071E-01
0.25278E-01
0.25485E-01
0.25692E-01
0.25899E-01
0.26096E-01
0.26778E-01
0.28941E-01
0.33845E-01
0.38003E-01
0.52997E-01
0.44305E-01
0.61687E-01
0.48721E-01
0.82280E-01
0.64416E-01
0.55233E-01
0.92367E-01
0.10322E+00
0.87591E-01
0.40404E-01
0.84469E-01
0.11488E+00
0.14136E+00
0.15243E+00
0.13888E+00
0.11318E+00
0.80258E-01
0.61568E-01
0.10593E+00
0.14201E+00
0.18895E+00
0.24973E+00
0.31658E+00
0.37355E+00
0.39346E+00
0.36880E+00
0.31289E+00
0.24698E+00
0.19002E+00
0.14644E+00
0.10886E+00
0.63616E-01
0.11290E+00
0.16487E+00
0.22305E+00
0.30543E+00
0.41669E+00
0.57801E+00
0.76668E+00
0.10272E+01
0.13033E+01
0.16271E+01
0.19455E+01
0.22501E+01
0.25073E+01
0.27120E+01
0.28113E+01
0.28629E+01
0.27640E+01
0.26332E+01
0.23941E+01
0.21290E+01
0.18164E+01
0.15151E+01
0.12206E+01
0.96871E+00
0.73499E+00
0.57395E+00
0.43369E+00
0.33218E+00
0.25998E+00
0.20368E+00
0.14648E+00
0.11728E+00
0.21183E+00
0.30495E+00
0.39779E+00
0.49059E+00
0.58345E+00
0.68251E+00
0.10761E+01
0.14680E+01
0.18598E+01
0.22519E+01
0.26444E+01
0.30374E+01
0.36960E+01
0.43483E+01
0.49925E+01
0.56318E+01
0.62679E+01
0.69017E+01
0.74937E+01
0.80763E+01
0.86533E+01
0.92258E+01
0.97948E+01
0.10359E+02
0.10752E+02
0.11141E+02
0.11529E+02
0.11915E+02
0.12300E+02
0.12665E+02
0.12857E+02
0.13049E+02
0.13239E+02
0.13431E+02
0.13621E+02
0.13810E+02
0.13993E+02
0.14175E+02
0.14358E+02
0.14538E+02
0.14720E+02
0.14846E+02
0.14910E+02
0.14974E+02
0.15039E+02
0.15103E+02
0.15168E+02
0.15195E+02
0.15208E+02
0.15223E+02
0.15236E+02
0.15249E+02
0.15259E+02
0.15228E+02
0.15195E+02
0.15164E+02
0.15133E+02
0.15100E+02
0.15048E+02
0.14967E+02
0.14887E+02
0.14807E+02
0.14726E+02
0.14644E+02
0.14509E+02
0.14366E+02
0.14222E+02
0.14079E+02
0.13935E+02
0.13758E+02
0.13520E+02
0.13280E+02
0.13040E+02
0.12263E+02
0.13261E+02
0.12760E+02
0.12570E+02
0.11314E+02
0.10656E+02
0.10726E+02
0.11228E+02
0.10361E+02
0.88446E+01
0.94109E+01
0.93020E+01
0.91927E+01
0.87968E+01
0.84101E+01
0.77146E+01
0.71588E+01
0.69448E+01
0.65713E+01
0.57433E+01
0.55682E+01
0.61592E+01
0.52289E+01
0.47287E+01
0.44859E+01
0.43268E+01
0.37586E+01
0.31686E+01
0.30293E+01
0.29500E+01
0.28802E+01
0.28138E+01
0.24957E+01
0.21136E+01
0.23653E+01
0.18920E+01
0.14177E+01
0.11124E+01
0.95208E+00
0.79100E+00
0.62882E+00
0.46456E+00
0.38716E+00
0.52209E+00
0.63007E+00
0.74048E+00
0.88761E+00
0.10018E+01
0.82509E+00
0.10057E+01
0.11595E+01
0.11721E+01
0.10424E+01
0.15296E+01
0.18420E+01
0.20318E+01
0.24938E+01
0.29249E+01
0.33746E+01
0.38813E+01
0.46028E+01
0.51885E+01
0.53847E+01
0.56398E+01
0.61382E+01
0.66306E+01
0.68881E+01
0.71039E+01
0.80414E+01
0.80662E+01
0.85051E+01
0.86128E+01
0.92480E+01
0.95473E+01
0.95804E+01
0.10065E+02
0.10570E+02
0.11311E+02
0.11307E+02
0.11863E+02
0.11602E+02
0.11547E+02
0.12421E+02
0.12385E+02
0.12826E+02
0.13554E+02
0.14088E+02
0.13983E+02
0.14140E+02
0.13028E+02
0.13777E+02
0.13979E+02
0.14105E+02
0.14768E+02
0.14689E+02
0.15126E+02
0.14246E+02
0.14644E+02
0.14935E+02
0.14372E+02
0.14975E+02
0.15283E+02
0.14866E+02
0.14779E+02
0.15275E+02
0.15092E+02
0.15983E+02
0.15986E+02
0.16500E+02
0.15168E+02
0.14672E+02
0.14416E+02
0.15160E+02
0.15398E+02
0.14806E+02
0.15733E+02
0.15184E+02
0.15347E+02
0.16204E+02
0.16507E+02
0.15095E+02
0.16011E+02
0.16001E+02
0.16639E+02
0.16266E+02
0.15391E+02
0.16206E+02
0.16012E+02
0.15774E+02
0.16496E+02
0.16477E+02
0.15914E+02
0.16117E+02
0.14913E+02
0.15699E+02
0.16026E+02
0.15355E+02
0.16039E+02
0.15280E+02
0.15427E+02
0.15229E+02
0.15229E+02
0.15801E+02
0.15817E+02
0.14917E+02
0.15614E+02
0.16598E+02
0.16106E+02
0.15697E+02
0.16240E+02
0.16606E+02
0.15956E+02
0.15305E+02
0.15149E+02
0.15477E+02
0.15159E+02
0.15585E+02
0.14907E+02
0.14709E+02
0.14755E+02
0.15236E+02
0.15375E+02
0.15883E+02
0.15369E+02
0.15054E+02
0.16349E+02
0.16308E+02
0.14843E+02
0.15255E+02
0.14760E+02
0.14278E+02
0.14929E+02
0.15467E+02
0.14751E+02
0.14986E+02
0.15087E+02
0.15115E+02
0.13999E+02
0.14968E+02
0.15398E+02
0.13871E+02
0.14138E+02
0.14759E+02
0.14138E+02
0.14790E+02
0.14921E+02
0.14185E+02
0.13460E+02
0.14404E+02
0.14065E+02
0.13963E+02
0.14102E+02
0.13509E+02
0.13618E+02
0.14536E+02
0.14402E+02
0.13924E+02
0.13450E+02
0.14102E+02
0.14691E+02
0.14427E+02
0.14361E+02
0.14325E+02
0.14989E+02
0.14218E+02
0.15160E+02
0.14387E+02
0.14085E+02
0.15455E+02
0.14127E+02
0.14399E+02
0.14435E+02
0.14033E+02
0.14783E+02
0.14757E+02
0.13945E+02
0.14994E+02
0.15313E+02
0.14747E+02
0.14579E+02
0.15615E+02
0.14006E+02
0.15031E+02
0.15758E+02
0.14352E+02
0.15086E+02
0.14096E+02
0.14434E+02
0.15599E+02
0.14500E+02
0.13972E+02
0.14770E+02
0.13835E+02
0.13767E+02
0.14844E+02
0.15078E+02
0.14656E+02
0.14267E+02
0.14565E+02
0.14328E+02
0.13902E+02
0.14111E+02
0.14878E+02
0.15916E+02
0.15530E+02
0.14330E+02
0.14412E+02
0.15129E+02
0.15341E+02
0.15360E+02
0.16248E+02
0.15279E+02
0.15014E+02
0.15543E+02
0.14923E+02
0.15247E+02
0.15697E+02
0.15139E+02
0.14583E+02
0.14957E+02
0.15981E+02
0.15562E+02
0.15681E+02
0.16769E+02
0.16365E+02
0.15627E+02
0.16328E+02
0.16338E+02
0.16389E+02
0.16246E+02
0.15871E+02
0.15893E+02
0.16492E+02
0.16526E+02
0.15187E+02
0.16297E+02
0.16594E+02
0.16114E+02
0.15836E+02
0.15939E+02
0.15926E+02
0.15198E+02
0.14895E+02
0.14260E+02
0.14762E+02
0.14987E+02
0.14751E+02
0.14788E+02
0.14769E+02
0.14098E+02
0.13980E+02
0.14905E+02
0.14869E+02
0.14526E+02
0.14977E+02
0.14999E+02
0.15263E+02
0.14967E+02
0.15124E+02
0.15309E+02
0.15477E+02
0.15312E+02
0.14779E+02
0.14705E+02
0.14826E+02
0.14719E+02
0.13851E+02
0.13644E+02
0.13636E+02
0.14281E+02
0.14206E+02
0.15040E+02
0.15146E+02
0.14880E+02
0.14648E+02
0.14230E+02
0.14559E+02
0.14723E+02
0.14079E+02
0.15408E+02
0.15419E+02
0.14266E+02
0.13537E+02
0.14945E+02
0.14968E+02
0.14740E+02
0.13947E+02
0.13417E+02
0.13960E+02
0.14402E+02
0.13571E+02
0.13685E+02
0.14423E+02
0.14432E+02
0.14257E+02
0.14293E+02
0.15186E+02
0.14524E+02
0.13824E+02
0.14693E+02
0.14344E+02
0.13864E+02
0.14963E+02
0.14173E+02
0.14284E+02
0.14874E+02
0.14057E+02
0.13439E+02
0.13987E+02
0.14173E+02
0.13764E+02
0.14018E+02
0.13778E+02
0.14016E+02
0.13945E+02
0.13731E+02
0.14002E+02
0.13539E+02
0.13712E+02
0.13930E+02
0.13668E+02
0.13791E+02
0.13670E+02
0.14158E+02
0.14361E+02
0.13822E+02
0.13648E+02
0.14118E+02
0.14492E+02
0.13713E+02
0.13605E+02
0.13586E+02
0.13000E+02
0.12904E+02
0.13427E+02
0.13677E+02
0.13947E+02
0.13632E+02
0.12899E+02
0.13294E+02
0.12728E+02
0.13479E+02
0.13174E+02
0.11872E+02
0.12295E+02
0.13033E+02
0.12669E+02
0.12399E+02
0.13115E+02
0.12901E+02
0.12916E+02
0.12967E+02
0.13118E+02
0.13183E+02
0.12408E+02
0.12483E+02
0.12740E+02
0.13138E+02
0.12404E+02
0.12333E+02
0.12309E+02
0.12578E+02
0.12521E+02
0.12925E+02
0.13384E+02
0.12545E+02
0.13477E+02
0.13032E+02
0.13014E+02
0.13199E+02
0.12723E+02
0.13207E+02
0.13294E+02
0.13726E+02
0.13981E+02
0.13717E+02
0.13338E+02
0.13444E+02
0.13296E+02
0.13650E+02
0.13554E+02
0.13151E+02
0.12961E+02
0.12918E+02
0.12553E+02
0.12759E+02
0.12845E+02
0.12154E+02
0.12227E+02
0.12659E+02
0.12425E+02
0.12686E+02
0.12709E+02
0.12898E+02
0.12497E+02
0.12399E+02
0.12416E+02
0.12105E+02
0.11773E+02
0.12568E+02
0.13036E+02
0.12489E+02
0.12050E+02
0.13051E+02
0.12435E+02
0.12440E+02
0.13161E+02
0.13162E+02
0.12727E+02
0.13132E+02
0.13242E+02
0.13048E+02
0.12732E+02
0.12709E+02
0.12634E+02
0.12539E+02
0.12218E+02
0.12267E+02
0.12674E+02
0.12930E+02
0.12557E+02
0.11917E+02
0.12107E+02
0.12579E+02
0.12653E+02
0.13531E+02
0.13211E+02
0.12741E+02
0.12563E+02
0.12188E+02
0.12009E+02
0.12283E+02
0.12619E+02
0.13120E+02
0.12934E+02
0.12876E+02
0.12758E+02
0.12672E+02
0.12965E+02
0.13101E+02
0.13338E+02
0.12972E+02
0.12572E+02
0.12866E+02
0.13145E+02
0.12899E+02
0.12789E+02
0.12859E+02
0.12475E+02
0.12680E+02
0.12570E+02
0.12412E+02
0.12769E+02
0.12897E+02
0.13206E+02
0.13224E+02
0.13026E+02
0.12973E+02
0.13101E+02
0.13578E+02
0.13061E+02
0.12707E+02
0.12412E+02
0.13157E+02
0.13333E+02
0.12920E+02
0.13301E+02
0.13505E+02
0.12911E+02
0.12713E+02
0.12560E+02
0.12629E+02
0.13070E+02
0.13031E+02
0.12626E+02
0.12246E+02
0.12489E+02
0.12623E+02
0.12431E+02
0.12312E+02
0.12389E+02
0.12590E+02
0.12582E+02
0.12545E+02
0.12565E+02
0.12269E+02
0.12333E+02
0.12322E+02
0.12473E+02
0.12459E+02
0.12448E+02
0.12013E+02
0.11850E+02
0.11642E+02
0.12075E+02
0.12518E+02
0.12607E+02
0.12404E+02
0.12253E+02
0.12275E+02
0.12236E+02
0.12448E+02
0.12339E+02
0.12475E+02
0.12130E+02
0.12365E+02
0.12534E+02
0.12657E+02
0.12615E+02
0.12775E+02
0.12725E+02
0.12934E+02
0.12747E+02
0.12525E+02
0.12263E+02
0.12430E+02
0.12466E+02
0.12443E+02
0.12331E+02
0.12261E+02
0.12134E+02
0.12082E+02
0.12278E+02
0.12205E+02
0.12063E+02
0.11984E+02
0.12095E+02
0.12212E+02
0.12273E+02
0.11867E+02
0.12137E+02
0.12319E+02
0.12071E+02
0.12208E+02
0.12454E+02
0.12152E+02
0.11862E+02
0.11827E+02
0.11849E+02
0.11699E+02
0.11729E+02
0.11824E+02
0.11718E+02
0.11684E+02
0.11589E+02
0.11720E+02
0.11786E+02
0.11991E+02
0.12083E+02
0.12200E+02
0.12052E+02
0.11930E+02
0.11764E+02
0.11979E+02
0.12344E+02
0.12495E+02
0.12071E+02
0.11708E+02
0.11855E+02
0.11765E+02
0.11615E+02
0.11627E+02
0.11674E+02
0.12004E+02
0.11704E+02
0.11992E+02
0.11816E+02
0.11615E+02
0.11330E+02
0.11611E+02
0.11611E+02
0.11544E+02
0.11534E+02
0.11811E+02
0.11584E+02
0.11627E+02
0.11418E+02
0.11171E+02
0.11250E+02
0.11353E+02
0.11124E+02
0.11181E+02
0.11189E+02
0.11216E+02
0.11158E+02
0.11275E+02
0.11455E+02
0.11563E+02
0.11595E+02
0.11588E+02
0.11359E+02
0.11264E+02
0.11128E+02
0.11276E+02
0.11291E+02
0.11330E+02
0.11294E+02
0.11309E+02
0.11626E+02
0.11641E+02
0.11633E+02
0.11393E+02
0.11357E+02
0.11825E+02
0.11935E+02
0.11944E+02
0.11511E+02
0.11007E+02
0.11155E+02
0.11208E+02
0.11067E+02
0.11117E+02
0.10970E+02
0.11093E+02
0.11251E+02
0.11371E+02
0.11241E+02
0.11136E+02
0.11062E+02
0.11345E+02
0.11692E+02
0.11558E+02
0.11325E+02
0.11352E+02
0.11502E+02
0.11820E+02
0.11868E+02
0.11670E+02
0.11112E+02
0.11387E+02
0.11412E+02
0.11310E+02
0.11653E+02
0.11763E+02
0.11524E+02
0.11330E+02
0.11219E+02
0.11633E+02
0.11835E+02
0.11958E+02
0.11898E+02
0.11436E+02
0.11906E+02
0.10379E+02
0.11907E+02
0.14484E+02
0.11891E+02
0.96874E+01
0.11266E+02
0.11429E+02
0.10608E+02
0.99172E+01
0.11592E+02
0.10404E+02
0.99976E+01
0.10458E+02
0.11292E+02
0.97091E+01
0.91997E+01
0.96678E+01
0.93078E+01
0.11622E+02
0.13763E+02
0.12579E+02
0.11973E+02
0.95821E+01
0.11059E+02
0.13103E+02
0.11251E+02
0.11370E+02
0.96626E+01
0.11738E+02
0.12296E+02
0.12489E+02
0.11967E+02
0.93134E+01
0.99115E+01
0.14105E+02
0.13735E+02
0.12687E+02
0.13159E+02
0.13914E+02
0.10675E+02
0.10596E+02
0.11569E+02
0.14495E+02
0.14184E+02
0.12077E+02
0.99480E+01
0.11007E+02
0.12015E+02
0.11813E+02
0.10641E+02
0.11050E+02
0.11267E+02
0.12037E+02
0.14127E+02
0.14081E+02
0.11140E+02
0.10751E+02
0.13471E+02
0.12139E+02
0.10950E+02
0.11160E+02
0.11786E+02
0.10876E+02
0.11250E+02
0.11753E+02
0.10586E+02
0.10210E+02
0.11006E+02
0.11380E+02
0.11653E+02
0.14310E+02
0.14405E+02
0.11288E+02
0.10907E+02
0.10843E+02
0.99574E+01
0.13277E+02
0.12853E+02
0.10205E+02
0.10479E+02
0.13567E+02
0.12136E+02
0.95083E+01
0.85687E+01
0.11348E+02
0.13470E+02
0.11363E+02
0.98326E+01
0.10683E+02
0.10523E+02
0.10757E+02
0.11503E+02
0.11162E+02
0.11116E+02
0.10829E+02
0.10044E+02
0.10393E+02
0.10575E+02
0.10364E+02
0.11194E+02
0.11178E+02
0.10226E+02
0.12198E+02
0.11440E+02
0.10135E+02
0.10996E+02
0.12638E+02
0.11696E+02
0.10266E+02
0.93823E+01
0.10588E+02
0.12201E+02
0.12265E+02
0.96697E+01
0.76870E+01
0.99102E+01
0.98773E+01
0.10237E+02
0.12114E+02
0.10468E+02
0.11224E+02
0.11474E+02
0.11011E+02
0.11703E+02
0.10973E+02
0.83925E+01
0.93706E+01
0.12337E+02
0.12367E+02
0.10083E+02
0.99555E+01
0.11095E+02
0.12136E+02
0.11249E+02
0.99838E+01
0.11275E+02
0.11797E+02
0.11383E+02
0.10489E+02
0.10418E+02
0.10987E+02
0.10092E+02
0.10478E+02
0.11314E+02
0.12905E+02
0.11870E+02
0.96744E+01
0.11183E+02
0.12949E+02
0.11910E+02
0.11255E+02
0.10137E+02
0.10801E+02
0.11445E+02
0.12655E+02
0.12479E+02
0.10463E+02
0.95044E+01
0.10269E+02
0.12001E+02
0.11111E+02
0.97653E+01
0.10948E+02
0.10085E+02
0.10510E+02
0.10873E+02
0.10792E+02
0.10152E+02
0.92945E+01
0.11060E+02
0.12224E+02
0.11230E+02
0.99417E+01
0.10162E+02
0.11631E+02
0.11181E+02
0.10452E+02
0.11167E+02
0.10804E+02
0.11260E+02
0.11224E+02
0.11843E+02
0.11670E+02
0.11420E+02
0.11080E+02
0.10807E+02
0.10899E+02
0.11315E+02
0.11270E+02
0.10361E+02
0.11738E+02
0.12083E+02
0.12384E+02
0.12340E+02
0.11426E+02
0.10821E+02
0.10321E+02
0.10092E+02
0.10727E+02
0.12105E+02
0.11880E+02
0.10446E+02
0.10191E+02
0.11655E+02
0.11708E+02
0.10775E+02
0.90654E+01
0.11203E+02
0.12283E+02
0.10983E+02
0.10486E+02
0.10488E+02
0.11252E+02
0.11949E+02
0.10379E+02
0.10464E+02
0.11846E+02
0.11566E+02
0.10187E+02
0.11189E+02
0.11959E+02
0.11131E+02
0.11874E+02
0.11126E+02
0.10602E+02
0.98943E+01
0.10126E+02
0.11401E+02
0.11097E+02
0.10846E+02
0.10920E+02
0.11285E+02
0.11364E+02
0.10835E+02
0.97261E+01
0.10092E+02
0.11540E+02
0.11726E+02
0.10080E+02
0.92126E+01
0.10159E+02
0.10827E+02
0.10454E+02
0.10466E+02
0.10480E+02
0.10205E+02
0.10617E+02
0.11212E+02
0.10703E+02
0.10412E+02
0.10893E+02
0.10563E+02
0.99559E+01
0.11217E+02
0.12555E+02
0.11892E+02
0.10100E+02
0.10442E+02
0.11001E+02
0.10339E+02
0.10180E+02
0.10065E+02
0.10841E+02
0.10911E+02
0.10823E+02
0.10382E+02
0.11000E+02
0.11155E+02
0.11558E+02
0.10842E+02
0.10252E+02
0.10549E+02
0.10997E+02
0.11011E+02
0.10665E+02
0.10257E+02
0.96691E+01
0.99583E+01
0.10284E+02
0.10713E+02
0.11612E+02
0.11452E+02
0.11286E+02
0.11220E+02
0.11492E+02
0.11574E+02
0.11315E+02
0.11246E+02
0.11297E+02
0.11362E+02
0.10929E+02
0.10073E+02
0.10174E+02
0.10815E+02
0.10889E+02
0.99124E+01
0.99800E+01
0.11207E+02
0.10946E+02
0.10036E+02
0.99326E+01
0.10406E+02
0.11179E+02
0.10715E+02
0.10451E+02
0.10988E+02
0.11445E+02
0.11058E+02
0.10089E+02
0.98001E+01
0.10480E+02
0.10234E+02
0.10539E+02
0.11196E+02
0.10312E+02
0.98456E+01
0.97309E+01
0.96847E+01
0.10025E+02
0.10447E+02
0.10386E+02
0.10495E+02
0.10585E+02
0.10851E+02
0.11190E+02
0.10676E+02
0.97731E+01
0.10397E+02
0.10818E+02
0.10451E+02
0.10758E+02
0.11204E+02
0.10911E+02
0.10109E+02
0.98907E+01
0.10120E+02
0.10508E+02
0.99452E+01
0.95385E+01
0.99306E+01
0.10583E+02
0.10406E+02
0.98094E+01
0.93520E+01
0.98472E+01
0.10525E+02
0.10837E+02
0.10769E+02
0.10801E+02
0.10684E+02
0.10227E+02
0.97808E+01
0.10196E+02
0.10607E+02
0.99164E+01
0.94509E+01
0.10207E+02
0.10202E+02
0.91410E+01
0.91371E+01
0.10082E+02
0.10614E+02
0.10274E+02
0.10234E+02
0.10813E+02
0.10680E+02
0.10329E+02
0.10690E+02
0.10353E+02
0.96723E+01
0.99025E+01
0.10438E+02
0.10381E+02
0.97660E+01
0.98262E+01
0.10337E+02
0.10449E+02
0.10104E+02
0.98709E+01
0.10131E+02
0.97525E+01
0.93748E+01
0.92825E+01
0.95818E+01
0.96661E+01
0.96454E+01
0.99196E+01
0.10019E+02
0.10128E+02
0.99058E+01
0.97495E+01
0.10175E+02
0.10324E+02
0.10551E+02
0.10513E+02
0.10222E+02
0.10159E+02
0.10305E+02
0.10325E+02
0.10097E+02
0.97063E+01
0.95813E+01
0.96902E+01
0.97619E+01
0.97216E+01
0.98614E+01
0.10009E+02
0.99755E+01
0.98669E+01
0.98089E+01
0.99162E+01
0.10188E+02
0.10310E+02
0.10413E+02
0.10193E+02
0.98965E+01
0.97322E+01
0.98579E+01
0.98090E+01
0.96277E+01
0.94988E+01
0.95599E+01
0.98145E+01
0.94192E+01
0.93189E+01
0.99431E+01
0.10117E+02
0.99303E+01
0.97513E+01
0.94776E+01
0.96526E+01
0.97502E+01
0.94544E+01
0.91086E+01
0.87468E+01
0.89352E+01
0.97846E+01
0.10249E+02
0.96362E+01
0.94507E+01
0.97080E+01
0.92978E+01
0.89533E+01
0.95584E+01
0.99463E+01
0.99986E+01
0.97902E+01
0.95082E+01
0.97313E+01
0.10070E+02
0.99552E+01
0.98913E+01
0.10101E+02
0.98041E+01
0.94776E+01
0.96329E+01
0.97317E+01
0.10046E+02
0.10385E+02
0.10186E+02
0.99737E+01
0.99318E+01
0.99490E+01
0.97263E+01
0.95650E+01
0.97429E+01
0.97662E+01
0.97610E+01
0.96086E+01
0.96582E+01
0.97207E+01
0.97914E+01
0.97167E+01
0.93055E+01
0.90704E+01
0.92479E+01
0.93038E+01
0.94315E+01
0.96801E+01
0.96571E+01
0.98876E+01
0.97273E+01
0.91386E+01
0.91884E+01
0.93775E+01
0.91500E+01
0.95342E+01
0.10106E+02
0.10091E+02
0.98422E+01
0.94634E+01
0.94169E+01
0.97767E+01
0.98114E+01
0.96709E+01
0.97314E+01
0.95677E+01
0.93074E+01
0.94050E+01
0.95801E+01
0.95396E+01
0.94118E+01
0.91036E+01
0.91806E+01
0.97145E+01
0.10001E+02
0.97911E+01
0.97154E+01
0.98645E+01
0.97228E+01
0.95224E+01
0.93997E+01
0.91969E+01
0.90380E+01
0.87926E+01
0.85733E+01
0.85883E+01
0.87392E+01
0.91194E+01
0.97038E+01
0.98970E+01
0.94349E+01
0.90609E+01
0.94073E+01
0.96984E+01
0.95565E+01
0.94447E+01
0.91696E+01
0.89178E+01
0.89695E+01
0.91703E+01
0.92257E+01
0.91142E+01
0.92936E+01
0.95936E+01
0.98071E+01
0.99864E+01
0.99522E+01
0.97856E+01
0.94600E+01
0.95781E+01
0.97914E+01
0.95991E+01
0.92996E+01
0.92809E+01
0.95381E+01
0.95842E+01
0.96682E+01
0.96763E+01
0.97280E+01
0.96852E+01
0.93407E+01
0.93485E+01
0.91807E+01
0.87048E+01
0.87625E+01
0.90182E+01
0.92540E+01
0.94763E+01
0.91065E+01
0.88172E+01
0.90169E+01
0.92375E+01
0.94787E+01
0.92842E+01
0.88420E+01
0.87955E+01
0.92153E+01
0.92613E+01
0.92027E+01
0.91844E+01
0.92669E+01
0.92886E+01
0.93635E+01
0.91071E+01
0.89453E+01
0.90579E+01
0.91712E+01
0.92884E+01
0.90821E+01
0.88088E+01
0.88898E+01
0.94344E+01
0.10061E+02
0.97583E+01
0.92160E+01
0.88734E+01
0.87488E+01
0.88862E+01
0.89680E+01
0.88868E+01
0.90579E+01
0.90465E+01
0.85510E+01
0.87652E+01
0.93629E+01
0.95448E+01
0.95374E+01
0.93933E+01
0.92130E+01
0.93959E+01
0.95423E+01
0.95787E+01
0.96587E+01
0.96252E+01
0.95890E+01
0.94004E+01
0.90657E+01
0.87368E+01
0.86196E+01
0.87065E+01
0.87025E+01
0.86863E+01
0.88883E+01
0.90674E+01
0.90741E+01
0.89523E+01
0.87746E+01
0.88889E+01
0.91807E+01
0.96221E+01
0.99886E+01
0.98072E+01
0.91213E+01
0.85388E+01
0.83568E+01
0.87295E+01
0.92046E+01
0.85316E+01
0.85202E+01
0.85087E+01
0.84972E+01
0.84856E+01
0.84740E+01
0.84624E+01
0.84508E+01
0.84392E+01
0.84275E+01
0.84158E+01
0.84042E+01
0.83925E+01
0.83807E+01
0.83689E+01
0.83571E+01
0.83454E+01
0.83336E+01
0.83217E+01
0.83098E+01
0.82979E+01
0.82861E+01
0.82742E+01
0.82623E+01
0.82503E+01
0.82391E+01
0.82279E+01
0.82168E+01
0.82057E+01
0.81945E+01
0.81833E+01
0.81720E+01
0.81608E+01
0.81495E+01
0.81382E+01
0.81269E+01
0.81156E+01
0.81041E+01
0.80929E+01
0.80815E+01
0.80699E+01
0.80586E+01
0.80471E+01
0.80357E+01
0.80241E+01
0.80126E+01
0.80012E+01
0.79895E+01
0.79780E+01
0.79664E+01
0.79548E+01
0.79432E+01
0.79315E+01
0.79198E+01
0.79082E+01
0.78965E+01
0.78847E+01
0.78733E+01
0.78621E+01
0.78511E+01
0.78399E+01
0.78288E+01
0.78176E+01
0.78065E+01
0.77953E+01
0.77839E+01
0.77727E+01
0.77614E+01
0.77502E+01
0.77389E+01
0.77276E+01
0.77162E+01
0.77049E+01
0.76935E+01
0.76822E+01
0.76707E+01
0.76592E+01
0.76478E+01
0.76364E+01
0.76248E+01
0.76133E+01
0.76017E+01
0.75902E+01
0.75786E+01
0.75670E+01
0.75554E+01
0.75438E+01
0.75321E+01
0.74947E+01
0.74385E+01
0.73821E+01
0.73255E+01
0.72689E+01
0.72123E+01
0.71555E+01
0.70986E+01
0.70418E+01
0.69847E+01
0.69275E+01
0.68703E+01
0.68130E+01
0.67555E+01
0.66981E+01
0.66404E+01
0.66464E+01
0.65750E+01
0.65482E+01
0.65131E+01
0.65298E+01
0.65360E+01
0.65062E+01
0.63883E+01
0.65944E+01
0.64699E+01
0.66334E+01
0.66547E+01
0.64830E+01
0.62082E+01
0.63759E+01
0.63803E+01
0.67367E+01
0.69874E+01
0.70421E+01
0.68562E+01
0.64705E+01
0.59797E+01
0.59461E+01
0.58919E+01
0.64040E+01
0.69224E+01
0.73619E+01
0.76792E+01
0.78153E+01
0.77767E+01
0.75205E+01
0.71099E+01
0.65719E+01
0.59902E+01
0.55302E+01
0.55800E+01
0.60160E+01
0.65894E+01
0.71333E+01
0.76142E+01
0.80116E+01
0.83238E+01
0.85539E+01
0.86929E+01
0.87539E+01
0.87188E+01
0.86117E+01
0.84167E+01
0.81309E+01
0.77543E+01
0.72855E+01
0.67382E+01
0.61460E+01
0.55544E+01
0.48923E+01
0.54765E+01
0.60820E+01
0.66512E+01
0.71657E+01
0.76456E+01
0.80134E+01
0.83240E+01
0.85773E+01
0.87494E+01
0.88934E+01
0.89929E+01
0.90621E+01
0.91150E+01
0.91410E+01
0.91596E+01
0.91579E+01
0.91454E+01
0.91225E+01
0.90875E+01
0.90407E+01
0.89755E+01
0.88976E+01
0.88041E+01
0.86747E+01
0.85213E+01
0.83275E+01
0.80699E+01
0.77701E+01
0.73894E+01
0.69382E+01
0.64443E+01
0.59007E+01
0.52247E+01
0.45286E+01
0.52894E+01
0.59250E+01
0.64440E+01
0.69047E+01
0.73145E+01
0.76644E+01
0.79120E+01
0.81210E+01
0.82867E+01
0.83951E+01
0.84825E+01
0.85469E+01
0.85878E+01
0.86148E+01
0.86242E+01
0.86336E+01
0.86431E+01
0.86527E+01
0.86512E+01
0.86422E+01
0.86333E+01
0.86243E+01
0.86152E+01
0.86006E+01
0.85849E+01
0.85691E+01
0.85532E+01
0.85370E+01
0.85181E+01
0.84991E+01
0.84800E+01
0.84610E+01
0.84410E+01
0.84200E+01
0.83987E+01
0.83775E+01
0.83563E+01
0.83333E+01
0.83100E+01
0.82864E+01
0.82630E+01
0.82389E+01
0.82119E+01
0.81850E+01
0.81582E+01
0.81311E+01
0.80999E+01
0.80661E+01
0.80321E+01
0.79981E+01
0.79631E+01
0.79118E+01
0.78606E+01
0.78092E+01
0.77577E+01
0.76936E+01
0.76164E+01
0.75221E+01
0.74067E+01
0.72707E+01
0.71102E+01
0.68933E+01
0.66332E+01
0.63255E+01
0.59493E+01
0.55145E+01
0.48081E+01
0.40041E+01
0.49897E+01
0.55755E+01
0.59782E+01
0.63314E+01
0.65911E+01
0.68023E+01
0.69691E+01
0.70923E+01
0.71781E+01
0.72444E+01
0.72942E+01
0.73284E+01
0.73264E+01
0.73199E+01
0.73133E+01
0.73068E+01
0.73002E+01
0.72937E+01
0.72871E+01
0.72805E+01
0.72739E+01
0.72673E+01
0.72606E+01
0.72540E+01
0.72473E+01
0.72408E+01
0.72340E+01
0.72272E+01
0.72205E+01
0.72139E+01
0.72071E+01
0.71998E+01
0.71833E+01
0.71669E+01
0.71503E+01
0.71339E+01
0.71173E+01
0.71007E+01
0.70841E+01
0.70675E+01
0.70508E+01
0.70341E+01
0.70173E+01
0.70007E+01
0.69838E+01
0.69669E+01
0.69502E+01
0.69334E+01
0.69165E+01
0.68994E+01
0.68826E+01
0.68662E+01
0.68496E+01
0.68331E+01
0.68166E+01
0.68000E+01
0.67835E+01
0.67669E+01
0.67503E+01
0.67337E+01
0.67170E+01
0.67002E+01
0.66835E+01
0.66668E+01
0.66500E+01
0.66331E+01
0.66164E+01
0.65995E+01
0.65825E+01
0.65659E+01
0.65500E+01
0.65340E+01
0.65180E+01
0.65020E+01
0.64859E+01
0.64700E+01
0.64539E+01
0.64377E+01
0.64217E+01
0.64055E+01
0.63893E+01
0.63730E+01
0.63568E+01
0.63405E+01
0.63242E+01
0.63079E+01
0.62915E+01
0.62753E+01
0.62600E+01
0.62446E+01
0.62292E+01
0.62137E+01
0.61983E+01
0.61828E+01
0.61671E+01
0.61517E+01
0.61361E+01
0.61205E+01
0.61049E+01
0.60891E+01
0.60735E+01
0.60578E+01
0.60421E+01
0.60263E+01
0.60105E+01
0.59954E+01
0.59804E+01
0.59656E+01
0.59507E+01
0.59357E+01
0.59208E+01
0.59057E+01
0.58907E+01
0.58757E+01
0.58605E+01
0.58455E+01
0.58303E+01
0.58151E+01
0.58000E+01
0.57848E+01
0.57696E+01
0.57543E+01
0.57396E+01
0.57252E+01
0.57107E+01
0.56961E+01
0.56817E+01
0.56671E+01
0.56525E+01
0.56380E+01
0.56233E+01
0.56086E+01
0.55940E+01
0.55794E+01
0.55646E+01
0.55499E+01
0.55350E+01
0.55203E+01
0.55056E+01
0.54910E+01
0.54765E+01
0.54621E+01
0.54475E+01
0.54329E+01
0.54182E+01
0.54037E+01
0.53890E+01
0.53743E+01
0.53596E+01
0.53449E+01
0.53302E+01
0.53154E+01
0.53007E+01
0.52857E+01
0.52707E+01
0.52500E+01
0.52293E+01
0.52086E+01
0.51879E+01
0.51671E+01
0.51462E+01
0.51254E+01
0.51044E+01
0.50835E+01
0.50625E+01
0.50415E+01
0.50204E+01
0.49993E+01
0.49781E+01
0.49570E+01
0.49277E+01
0.48802E+01
0.48211E+01
0.47456E+01
0.46470E+01
0.45173E+01
0.43452E+01
0.41279E+01
0.37841E+01
0.33126E+01
0.39468E+01
0.41736E+01
0.43575E+01
0.44918E+01
0.45397E+01
0.45504E+01
0.45612E+01
0.45720E+01
0.45827E+01
0.45935E+01
0.46043E+01
0.46151E+01
0.46260E+01
0.46368E+01
0.46477E+01
0.46586E+01
0.46695E+01
0.46804E+01
0.46913E+01
0.47022E+01
0.46950E+01
0.46831E+01
0.46711E+01
0.46591E+01
0.46471E+01
0.46351E+01
0.46231E+01
0.46111E+01
0.45989E+01
0.45867E+01
0.45746E+01
0.45625E+01
0.45503E+01
0.45382E+01
0.45260E+01
0.45140E+01
0.45024E+01
0.44909E+01
0.44794E+01
0.44677E+01
0.44561E+01
0.44444E+01
0.44328E+01
0.44211E+01
0.44095E+01
0.43978E+01
0.43861E+01
0.43743E+01
0.43626E+01
0.43508E+01
0.43392E+01
0.43281E+01
0.43169E+01
0.43058E+01
0.42945E+01
0.42834E+01
0.42722E+01
0.42608E+01
0.42496E+01
0.42382E+01
0.42271E+01
0.42157E+01
0.42043E+01
0.41929E+01
0.41816E+01
0.41706E+01
0.41598E+01
0.41490E+01
0.41382E+01
0.41274E+01
0.41165E+01
0.41057E+01
0.40948E+01
0.40839E+01
0.40730E+01
0.40621E+01
0.40511E+01
0.40401E+01
0.40291E+01
0.40184E+01
0.40080E+01
0.39976E+01
0.39871E+01
0.39767E+01
0.39663E+01
0.39556E+01
0.39453E+01
0.39347E+01
0.39242E+01
0.39136E+01
0.39030E+01
0.38924E+01
0.38818E+01
0.38714E+01
0.38613E+01
0.38512E+01
0.38411E+01
0.38309E+01
0.38208E+01
0.38106E+01
0.38004E+01
0.37902E+01
0.37800E+01
0.37699E+01
0.37597E+01
0.37493E+01
0.37391E+01
0.37292E+01
0.37194E+01
0.37096E+01
0.36998E+01
0.36900E+01
0.36802E+01
0.36703E+01
0.36606E+01
0.36507E+01
0.36408E+01
0.36309E+01
0.36209E+01
0.36110E+01
0.36021E+01
0.35947E+01
0.35874E+01
0.35799E+01
0.35724E+01
0.35651E+01
0.35576E+01
0.35501E+01
0.35427E+01
0.35352E+01
0.35277E+01
0.35202E+01
0.35127E+01
0.35041E+01
0.34938E+01
0.34835E+01
0.34731E+01
0.34627E+01
0.34523E+01
0.34419E+01
0.34316E+01
0.34210E+01
0.34107E+01
0.34001E+01
0.33897E+01
0.33792E+01
0.33687E+01
0.33562E+01
0.33406E+01
0.33243E+01
0.33081E+01
0.32924E+01
0.32768E+01
0.32598E+01
0.32489E+01
0.32290E+01
0.32138E+01
0.32068E+01
0.31858E+01
0.31686E+01
0.31598E+01
0.31545E+01
0.31305E+01
0.31157E+01
0.31048E+01
0.31037E+01
0.30907E+01
0.30704E+01
0.30585E+01
0.30478E+01
0.30389E+01
0.30459E+01
0.30274E+01
0.30102E+01
0.30009E+01
0.29912E+01
0.29801E+01
0.29687E+01
0.29633E+01
0.29918E+01
0.29496E+01
0.29423E+01
0.29394E+01
0.29348E+01
0.29267E+01
0.29144E+01
0.28985E+01
0.28812E+01
0.28689E+01
0.29012E+01
0.28621E+01
0.28585E+01
0.28656E+01
0.28725E+01
0.28765E+01
0.28755E+01
0.28680E+01
0.28541E+01
0.28339E+01
0.28075E+01
0.27763E+01
0.27432E+01
0.27160E+01
0.27414E+01
0.27039E+01
0.27094E+01
0.27307E+01
0.27534E+01
0.27750E+01
0.27906E+01
0.28028E+01
0.28103E+01
0.28110E+01
0.28078E+01
0.27989E+01
0.27833E+01
0.27634E+01
0.27365E+01
0.27031E+01
0.26655E+01
0.26216E+01
0.25757E+01
0.25308E+01
0.25106E+01
0.25072E+01
0.25148E+01
0.25477E+01
0.25804E+01
0.26098E+01
0.26393E+01
0.26612E+01
0.26775E+01
0.26940E+01
0.27017E+01
0.27071E+01
0.27126E+01
0.27104E+01
0.27083E+01
0.27047E+01
0.26969E+01
0.26889E+01
0.26780E+01
0.26641E+01
0.26502E+01
0.26297E+01
0.26075E+01
0.25844E+01
0.25504E+01
0.25164E+01
0.24772E+01
0.24291E+01
0.23808E+01
0.23271E+01
0.22682E+01
0.22116E+01
0.22220E+01
0.22720E+01
0.23173E+01
0.23508E+01
0.23792E+01
0.24077E+01
0.24362E+01
0.24648E+01
0.24745E+01
0.24814E+01
0.24883E+01
0.24953E+01
0.25017E+01
0.24994E+01
0.24971E+01
0.24949E+01
0.24925E+01
0.24895E+01
0.24840E+01
0.24785E+01
0.24730E+01
0.24675E+01
0.24612E+01
0.24544E+01
0.24476E+01
0.24408E+01
0.24339E+01
0.24264E+01
0.24186E+01
0.24107E+01
0.24029E+01
0.23947E+01
0.23853E+01
0.23757E+01
0.23661E+01
0.23565E+01
0.23446E+01
0.23306E+01
0.23165E+01
0.23024E+01
0.22884E+01
0.22632E+01
0.22373E+01
0.22114E+01
0.21854E+01
0.21554E+01
0.21164E+01
0.20759E+01
0.20288E+01
0.19703E+01
0.19043E+01
0.19432E+01
0.19974E+01
0.20335E+01
0.20652E+01
0.20928E+01
0.21108E+01
0.21213E+01
0.21317E+01
0.21422E+01
0.21526E+01
0.21631E+01
0.21657E+01
0.21640E+01
0.21623E+01
0.21606E+01
0.21588E+01
0.21571E+01
0.21523E+01
0.21475E+01
0.21426E+01
0.21378E+01
0.21329E+01
0.21278E+01
0.21222E+01
0.21164E+01
0.21106E+01
0.21050E+01
0.20992E+01
0.20934E+01
0.20876E+01
0.20818E+01
0.20758E+01
0.20700E+01
0.20641E+01
0.20583E+01
0.20523E+01
0.20463E+01
0.20404E+01
0.20344E+01
0.20286E+01
0.20227E+01
0.20169E+01
0.20110E+01
0.20051E+01
0.19992E+01
0.19934E+01
0.19876E+01
0.19817E+01
0.19758E+01
0.19700E+01
0.19642E+01
0.19584E+01
0.19527E+01
0.19468E+01
0.19411E+01
0.19382E+01
