    500.00    27.954		0.24128E-04
    500.83    27.897		0.25421E-04
    501.67    27.843		0.26713E-04
    502.51    27.792		0.28004E-04
    503.35    27.743		0.29294E-04
    504.19    27.696		0.30583E-04
    505.03    27.652		0.31871E-04
    505.87    27.608		0.33161E-04
    506.72    27.567		0.34450E-04
    507.56    27.527		0.35739E-04
    508.41    27.489		0.37030E-04
    509.26    27.451		0.38320E-04
    510.11    27.415		0.39612E-04
    510.96    27.381		0.40905E-04
    511.81    27.347		0.42199E-04
    512.67    27.314		0.43494E-04
    513.52    27.282		0.44790E-04
    514.38    27.251		0.46087E-04
    515.24    27.221		0.47386E-04
    516.10    27.191		0.48686E-04
    516.96    27.163		0.49989E-04
    517.82    27.135		0.51292E-04
    518.69    27.108		0.52597E-04
    519.55    27.081		0.53904E-04
    520.42    27.055		0.55213E-04
    521.29    27.029		0.56523E-04
    522.16    27.005		0.57835E-04
    523.03    26.980		0.59149E-04
    523.90    26.956		0.60465E-04
    524.78    26.933		0.61782E-04
    525.65    26.910		0.63101E-04
    526.53    26.887		0.64423E-04
    527.41    26.865		0.65745E-04
    528.29    26.844		0.67069E-04
    529.17    26.822		0.68397E-04
    530.06    26.801		0.69727E-04
    530.94    26.781		0.71059E-04
    531.83    26.761		0.72390E-04
    532.71    26.741		0.73726E-04
    533.60    26.721		0.75062E-04
    534.49    26.702		0.76402E-04
    535.39    26.683		0.77742E-04
    536.28    26.665		0.79086E-04
    537.18    26.646		0.80430E-04
    538.07    26.628		0.81778E-04
    538.97    26.611		0.83127E-04
    539.87    26.593		0.84477E-04
    540.77    26.576		0.85832E-04
    541.67    26.559		0.87189E-04
    542.58    26.542		0.88544E-04
    543.48    26.526		0.89905E-04
    544.39    26.509		0.91266E-04
    545.30    26.493		0.92632E-04
    546.21    26.462		0.95324E-04
    547.12    26.417		0.99321E-04
    548.03    26.375		0.10332E-03
    548.95    26.333		0.10731E-03
    549.87    26.294		0.11131E-03
    550.78    26.255		0.11531E-03
    551.70    26.218		0.11930E-03
    552.62    26.183		0.12330E-03
    553.55    26.148		0.12731E-03
    554.47    26.114		0.13131E-03
    555.40    26.082		0.13532E-03
    556.32    26.050		0.13933E-03
    557.25    26.019		0.14334E-03
    558.18    25.989		0.14736E-03
    559.11    25.960		0.15139E-03
    560.05    25.931		0.15541E-03
    560.98    25.903		0.15945E-03
    561.92    25.876		0.16349E-03
    562.86    25.850		0.16752E-03
    563.80    25.824		0.17157E-03
    564.74    25.799		0.17563E-03
    565.68    25.774		0.17969E-03
    566.62    25.749		0.18375E-03
    567.57    25.726		0.18782E-03
    568.52    25.702		0.19189E-03
    569.47    25.680		0.19597E-03
    570.42    25.657		0.20005E-03
    571.37    25.635		0.20415E-03
    572.32    25.614		0.20825E-03
    573.28    25.592		0.21235E-03
    574.23    25.572		0.21645E-03
    575.19    25.551		0.22056E-03
    576.15    25.531		0.22469E-03
    577.11    25.511		0.22882E-03
    578.08    25.492		0.23295E-03
    579.04    25.473		0.23708E-03
    580.01    25.454		0.24123E-03
    580.98    25.435		0.24538E-03
    581.95    25.417		0.24954E-03
    582.92    25.399		0.25371E-03
    583.89    25.381		0.25787E-03
    584.87    25.364		0.26204E-03
    585.84    25.347		0.26623E-03
    586.82    25.330		0.27042E-03
    587.80    25.313		0.27462E-03
    588.78    25.297		0.27882E-03
    589.76    25.280		0.28302E-03
    590.75    25.264		0.28724E-03
    591.73    25.243		0.29291E-03
    592.72    25.205		0.30326E-03
    593.71    25.169		0.31359E-03
    594.70    25.134		0.32394E-03
    595.70    25.100		0.33429E-03
    596.69    25.067		0.34465E-03
    597.69    25.034		0.35500E-03
    598.68    25.003		0.36538E-03
    599.68    24.973		0.37576E-03
    600.68    24.943		0.38615E-03
    601.69    24.914		0.39654E-03
    602.69    24.886		0.40696E-03
    603.70    24.859		0.41737E-03
    604.70    24.832		0.42781E-03
    605.71    24.806		0.43826E-03
    606.72    24.780		0.44872E-03
    607.74    24.755		0.45918E-03
    608.75    24.731		0.46965E-03
    609.77    24.707		0.48015E-03
    610.79    24.683		0.49067E-03
    611.81    24.660		0.50118E-03
    612.83    24.637		0.51172E-03
    613.85    24.615		0.52227E-03
    614.87    24.594		0.53284E-03
    615.90    24.572		0.54341E-03
    616.93    24.551		0.55399E-03
    617.96    24.531		0.56461E-03
    618.99    24.510		0.57523E-03
    620.02    24.491		0.58586E-03
    621.06    24.471		0.59653E-03
    622.09    24.452		0.60721E-03
    623.13    24.433		0.61788E-03
    624.17    24.414		0.62859E-03
    625.22    24.396		0.63931E-03
    626.26    24.378		0.65004E-03
    627.30    24.360		0.66079E-03
    628.35    24.342		0.67154E-03
    629.40    24.325		0.68233E-03
    630.45    24.308		0.69314E-03
    631.50    24.291		0.70395E-03
    632.56    24.275		0.71478E-03
    633.61    24.258		0.72563E-03
    634.67    24.242		0.73648E-03
    635.73    24.226		0.74737E-03
    636.79    24.210		0.75827E-03
    637.85    24.185		0.77617E-03
    638.92    24.153		0.79939E-03
    639.99    24.122		0.82263E-03
    641.05    24.092		0.84589E-03
    642.12    24.062		0.86916E-03
    643.20    24.034		0.89245E-03
    644.27    24.006		0.91575E-03
    645.34    23.978		0.93908E-03
    646.42    23.952		0.96247E-03
    647.50    23.925		0.98584E-03
    648.58    23.900		0.10092E-02
    649.66    23.875		0.10327E-02
    650.75    23.851		0.10562E-02
    651.84    23.827		0.10796E-02
    652.92    23.803		0.11031E-02
    654.01    23.780		0.11267E-02
    655.10    23.758		0.11502E-02
    656.20    23.736		0.11739E-02
    657.29    23.714		0.11976E-02
    658.39    23.693		0.12212E-02
    659.49    23.672		0.12449E-02
    660.59    23.652		0.12686E-02
    661.69    23.631		0.12925E-02
    662.80    23.612		0.13162E-02
    663.90    23.592		0.13401E-02
    665.01    23.573		0.13639E-02
    666.12    23.554		0.13878E-02
    667.23    23.536		0.14117E-02
    668.35    23.517		0.14358E-02
    669.46    23.499		0.14598E-02
    670.58    23.482		0.14838E-02
    671.70    23.464		0.15079E-02
    672.82    23.447		0.15319E-02
    673.94    23.430		0.15562E-02
    675.07    23.413		0.15803E-02
    676.20    23.397		0.16045E-02
    677.33    23.380		0.16288E-02
    678.46    23.364		0.16531E-02
    679.59    23.348		0.16775E-02
    680.72    23.333		0.17018E-02
    681.86    23.317		0.17262E-02
    683.00    23.302		0.17508E-02
    684.14    23.274		0.17970E-02
    685.28    23.246		0.18436E-02
    686.42    23.219		0.18902E-02
    687.57    23.192		0.19369E-02
    688.72    23.166		0.19837E-02
    689.87    23.141		0.20305E-02
    691.02    23.116		0.20774E-02
    692.17    23.092		0.21242E-02
    693.33    23.068		0.21711E-02
    694.48    23.045		0.22181E-02
    695.64    23.022		0.22652E-02
    696.80    23.000		0.23123E-02
    697.97    22.978		0.23594E-02
    699.13    22.956		0.24067E-02
    700.30    22.935		0.24539E-02
    701.47    22.915		0.25013E-02
    702.64    22.894		0.25488E-02
    703.81    22.874		0.25962E-02
    704.99    22.854		0.26437E-02
    706.16    22.835		0.26914E-02
    707.34    22.816		0.27390E-02
    708.52    22.797		0.27868E-02
    709.71    22.779		0.28346E-02
    710.89    22.761		0.28824E-02
    712.08    22.743		0.29303E-02
    713.27    22.725		0.29784E-02
    714.46    22.708		0.30265E-02
    715.65    22.690		0.30747E-02
    716.84    22.674		0.31228E-02
    718.04    22.657		0.31712E-02
    719.24    22.641		0.32195E-02
    720.44    22.624		0.32680E-02
    721.64    22.608		0.33165E-02
    722.85    22.593		0.33650E-02
    724.05    22.577		0.34137E-02
    725.26    22.562		0.34624E-02
    726.47    22.546		0.35113E-02
    727.68    22.531		0.35601E-02
    728.90    22.515		0.36133E-02
    730.12    22.490		0.36985E-02
    731.33    22.465		0.37837E-02
    732.56    22.441		0.38690E-02
    733.78    22.417		0.39544E-02
    735.00    22.394		0.40399E-02
    736.23    22.371		0.41256E-02
    737.46    22.349		0.42113E-02
    738.69    22.327		0.42971E-02
    739.92    22.306		0.43831E-02
    741.16    22.284		0.44690E-02
    742.40    22.264		0.45551E-02
    743.63    22.243		0.46415E-02
    744.88    22.223		0.47277E-02
    746.12    22.204		0.48142E-02
    747.36    22.184		0.49008E-02
    748.61    22.165		0.49875E-02
    749.86    22.147		0.50743E-02
    751.11    22.128		0.51613E-02
    752.37    22.110		0.52483E-02
    753.62    22.092		0.53356E-02
    754.88    22.074		0.54228E-02
    756.14    22.057		0.55103E-02
    757.40    22.040		0.55979E-02
    758.67    22.023		0.56855E-02
    759.93    22.006		0.57733E-02
    761.20    21.990		0.58613E-02
    762.47    21.974		0.59493E-02
    763.75    21.958		0.60375E-02
    765.02    21.942		0.61260E-02
    766.30    21.927		0.62144E-02
    767.58    21.911		0.63028E-02
    768.86    21.896		0.63916E-02
    770.14    21.881		0.64806E-02
    771.43    21.866		0.65696E-02
    772.71    21.852		0.66586E-02
    774.00    21.837		0.67479E-02
    775.30    21.817		0.68708E-02
    776.59    21.795		0.70149E-02
    777.89    21.773		0.71594E-02
    779.18    21.751		0.73041E-02
    780.49    21.730		0.74488E-02
    781.79    21.709		0.75940E-02
    783.09    21.688		0.77390E-02
    784.40    21.668		0.78844E-02
    785.71    21.648		0.80301E-02
    787.02    21.629		0.81757E-02
    788.34    21.609		0.83215E-02
    789.65    21.591		0.84677E-02
    790.97    21.572		0.86140E-02
    792.29    21.554		0.87605E-02
    793.61    21.536		0.89071E-02
    794.94    21.518		0.90540E-02
    796.26    21.500		0.92012E-02
    797.59    21.483		0.93484E-02
    798.92    21.466		0.94960E-02
    800.26    21.449		0.96436E-02
    801.59    21.433		0.97915E-02
    802.93    21.417		0.99396E-02
    804.27    21.400		0.10088E-01
    805.61    21.385		0.10237E-01
    806.96    21.369		0.10385E-01
    808.31    21.353		0.10535E-01
    809.66    21.338		0.10684E-01
    811.01    21.323		0.10833E-01
    812.36    21.308		0.10983E-01
    813.72    21.294		0.11132E-01
    815.07    21.279		0.11282E-01
    816.44    21.265		0.11433E-01
    817.80    21.250		0.11584E-01
    819.16    21.236		0.11734E-01
    820.53    21.221		0.11901E-01
    821.90    21.200		0.12130E-01
    823.27    21.180		0.12359E-01
    824.65    21.160		0.12589E-01
    826.02    21.140		0.12820E-01
    827.40    21.121		0.13050E-01
    828.78    21.102		0.13280E-01
    830.17    21.083		0.13511E-01
    831.55    21.065		0.13742E-01
    832.94    21.047		0.13973E-01
    834.33    21.029		0.14205E-01
    835.72    21.011		0.14437E-01
    837.12    20.994		0.14669E-01
    838.52    20.977		0.14903E-01
    839.91    20.960		0.15136E-01
    841.32    20.943		0.15369E-01
    842.72    20.927		0.15602E-01
    844.13    20.911		0.15836E-01
    845.54    20.895		0.16070E-01
    846.95    20.879		0.16306E-01
    848.36    20.864		0.16540E-01
    849.78    20.848		0.16776E-01
    851.20    20.833		0.17012E-01
    852.62    20.818		0.17247E-01
    854.04    20.803		0.17484E-01
    855.47    20.789		0.17720E-01
    856.89    20.774		0.17958E-01
    858.32    20.760		0.18196E-01
    859.76    20.746		0.18433E-01
    861.19    20.732		0.18671E-01
    862.63    20.718		0.18909E-01
    864.07    20.705		0.19149E-01
    865.51    20.691		0.19388E-01
    866.96    20.679		0.19601E-01
    868.40    20.668		0.19800E-01
    869.85    20.657		0.19999E-01
    871.31    20.647		0.20199E-01
    872.76    20.636		0.20399E-01
    874.22    20.625		0.20599E-01
    875.68    20.615		0.20800E-01
    877.14    20.604		0.21000E-01
    878.60    20.594		0.21201E-01
    880.07    20.584		0.21402E-01
    881.54    20.574		0.21603E-01
    883.01    20.564		0.21805E-01
    884.48    20.554		0.22008E-01
    885.96    20.544		0.22209E-01
    887.44    20.534		0.22411E-01
    888.92    20.524		0.22615E-01
    890.40    20.514		0.22818E-01
    891.89    20.505		0.23021E-01
    893.38    20.495		0.23225E-01
    894.87    20.486		0.23429E-01
    896.36    20.476		0.23634E-01
    897.86    20.467		0.23837E-01
    899.36    20.458		0.24042E-01
    900.86    20.448		0.24247E-01
    902.36    20.439		0.24453E-01
    903.87    20.430		0.24659E-01
    905.38    20.421		0.24865E-01
    906.89    20.412		0.25071E-01
    908.40    20.403		0.25278E-01
    909.92    20.394		0.25485E-01
    911.44    20.386		0.25692E-01
    912.96    20.377		0.25899E-01
    914.48    20.369		0.26096E-01
    916.01    20.341		0.26778E-01
    917.54    20.256		0.28941E-01
    919.07    20.086		0.33845E-01
    920.60    19.960		0.38003E-01
    922.14    19.599		0.52997E-01
    923.68    19.794		0.44305E-01
    925.22    19.435		0.61687E-01
    926.77    19.691		0.48721E-01
    928.31    19.122		0.82280E-01
    929.86    19.388		0.64416E-01
    931.42    19.554		0.55233E-01
    932.97    18.996		0.92367E-01
    934.53    18.876		0.10322E+00
    936.09    19.054		0.87591E-01
    937.65    19.894		0.40404E-01
    939.21    19.093		0.84469E-01
    940.78    18.759		0.11488E+00
    942.35    18.534		0.14136E+00
    943.93    18.452		0.15243E+00
    945.50    18.553		0.13888E+00
    947.08    18.776		0.11318E+00
    948.66    19.149		0.80258E-01
    950.24    19.437		0.61568E-01
    951.83    18.847		0.10593E+00
    953.42    18.529		0.14201E+00
    955.01    18.219		0.18895E+00
    956.60    17.916		0.24973E+00
    958.20    17.659		0.31658E+00
    959.80    17.479		0.37355E+00
    961.40    17.423		0.39346E+00
    963.01    17.493		0.36880E+00
    964.62    17.672		0.31289E+00
    966.23    17.928		0.24698E+00
    967.84    18.213		0.19002E+00
    969.45    18.496		0.14644E+00
    971.07    18.818		0.10886E+00
    972.69    19.401		0.63616E-01
    974.32    18.778		0.11290E+00
    975.94    18.367		0.16487E+00
    977.57    18.039		0.22305E+00
    979.20    17.698		0.30543E+00
    980.84    17.360		0.41669E+00
    982.48    17.005		0.57801E+00
    984.12    16.698		0.76668E+00
    985.76    16.381		0.10272E+01
    987.40    16.122		0.13033E+01
    989.05    15.881		0.16271E+01
    990.70    15.687		0.19455E+01
    992.36    15.529		0.22501E+01
    994.01    15.412		0.25073E+01
    995.67    15.327		0.27120E+01
    997.33    15.288		0.28113E+01
    999.00    15.268		0.28629E+01
   1000.67    15.306		0.27640E+01
   1002.34    15.359		0.26332E+01
   1004.01    15.462		0.23941E+01
   1005.69    15.590		0.21290E+01
   1007.36    15.762		0.18164E+01
   1009.05    15.959		0.15151E+01
   1010.73    16.194		0.12206E+01
   1012.42    16.445		0.96871E+00
   1014.11    16.744		0.73499E+00
   1015.80    17.013		0.57395E+00
   1017.50    17.317		0.43369E+00
   1019.19    17.607		0.33218E+00
   1020.90    17.873		0.25998E+00
   1022.60    18.138		0.20368E+00
   1024.31    18.496		0.14648E+00
   1026.02    18.737		0.11728E+00
   1027.73    18.095		0.21183E+00
   1029.44    17.699		0.30495E+00
   1031.16    17.411		0.39779E+00
   1032.88    17.183		0.49059E+00
   1034.61    16.995		0.58345E+00
   1036.33    16.825		0.68251E+00
   1038.06    16.330		0.10761E+01
   1039.80    15.993		0.14680E+01
   1041.53    15.736		0.18598E+01
   1043.27    15.529		0.22519E+01
   1045.01    15.354		0.26444E+01
   1046.76    15.204		0.30374E+01
   1048.51    14.991		0.36960E+01
   1050.26    14.814		0.43483E+01
   1052.01    14.664		0.49925E+01
   1053.76    14.533		0.56318E+01
   1055.52    14.417		0.62679E+01
   1057.29    14.313		0.69017E+01
   1059.05    14.223		0.74937E+01
   1060.82    14.142		0.80763E+01
   1062.59    14.067		0.86533E+01
   1064.36    13.997		0.92258E+01
   1066.14    13.933		0.97948E+01
   1067.92    13.872		0.10359E+02
   1069.70    13.831		0.10752E+02
   1071.49    13.793		0.11141E+02
   1073.28    13.756		0.11529E+02
   1075.07    13.720		0.11915E+02
   1076.86    13.685		0.12300E+02
   1078.66    13.653		0.12665E+02
   1080.46    13.637		0.12857E+02
   1082.26    13.621		0.13049E+02
   1084.07    13.605		0.13239E+02
   1085.88    13.590		0.13431E+02
   1087.69    13.574		0.13621E+02
   1089.51    13.560		0.13810E+02
   1091.32    13.545		0.13993E+02
   1093.15    13.531		0.14175E+02
   1094.97    13.517		0.14358E+02
   1096.80    13.504		0.14538E+02
   1098.63    13.490		0.14720E+02
   1100.46    13.481		0.14846E+02
   1102.30    13.476		0.14910E+02
   1104.14    13.472		0.14974E+02
   1105.98    13.467		0.15039E+02
   1107.83    13.462		0.15103E+02
   1109.68    13.458		0.15168E+02
   1111.53    13.456		0.15195E+02
   1113.39    13.455		0.15208E+02
   1115.24    13.454		0.15223E+02
   1117.11    13.453		0.15236E+02
   1118.97    13.452		0.15249E+02
   1120.84    13.451		0.15259E+02
   1122.71    13.453		0.15228E+02
   1124.58    13.456		0.15195E+02
   1126.46    13.458		0.15164E+02
   1128.34    13.460		0.15133E+02
   1130.22    13.463		0.15100E+02
   1132.11    13.466		0.15048E+02
   1134.00    13.472		0.14967E+02
   1135.90    13.478		0.14887E+02
   1137.79    13.484		0.14807E+02
   1139.69    13.490		0.14726E+02
   1141.59    13.496		0.14644E+02
   1143.50    13.506		0.14509E+02
   1145.41    13.517		0.14366E+02
   1147.32    13.528		0.14222E+02
   1149.23    13.539		0.14079E+02
   1151.15    13.550		0.13935E+02
   1153.07    13.564		0.13758E+02
   1155.00    13.583		0.13520E+02
   1156.93    13.602		0.13280E+02
   1158.86    13.622		0.13040E+02
   1160.40    13.688		0.12263E+02
   1161.60    13.604		0.13261E+02
   1162.80    13.645		0.12760E+02
   1164.00    13.662		0.12570E+02
   1165.20    13.776		0.11314E+02
   1166.40    13.841		0.10656E+02
   1167.60    13.834		0.10726E+02
   1168.80    13.784		0.11228E+02
   1169.80    13.871		0.10361E+02
   1171.00    14.043		0.88446E+01
   1172.20    13.976		0.94109E+01
   1173.40    13.989		0.93020E+01
   1174.60    14.001		0.91927E+01
   1175.80    14.049		0.87968E+01
   1177.00    14.098		0.84101E+01
   1178.20    14.192		0.77146E+01
   1179.40    14.273		0.71588E+01
   1180.60    14.306		0.69448E+01
   1181.60    14.366		0.65713E+01
   1182.80    14.512		0.57433E+01
   1184.00    14.546		0.55682E+01
   1185.20    14.436		0.61592E+01
   1186.40    14.614		0.52289E+01
   1187.60    14.723		0.47287E+01
   1188.80    14.780		0.44859E+01
   1190.00    14.820		0.43268E+01
   1191.20    14.972		0.37586E+01
   1192.40    15.158		0.31686E+01
   1193.40    15.207		0.30293E+01
   1194.60    15.235		0.29500E+01
   1195.80    15.261		0.28802E+01
   1197.00    15.287		0.28138E+01
   1198.20    15.417		0.24957E+01
   1199.40    15.597		0.21136E+01
   1200.16    15.475		0.23653E+01
   1202.17    15.718		0.18920E+01
   1204.17    16.031		0.14177E+01
   1206.18    16.294		0.11124E+01
   1208.20    16.463		0.95208E+00
   1210.21    16.665		0.79100E+00
   1212.23    16.914		0.62882E+00
   1214.26    17.242		0.46456E+00
   1216.29    17.440		0.38716E+00
   1218.31    17.116		0.52209E+00
   1220.35    16.912		0.63007E+00
   1222.39    16.736		0.74048E+00
   1224.43    16.539		0.88761E+00
   1225.40    16.408		0.10018E+01
   1226.60    16.619		0.82509E+00
   1227.80    16.404		0.10057E+01
   1228.80    16.249		0.11595E+01
   1230.00    16.238		0.11721E+01
   1231.20    16.365		0.10424E+01
   1232.40    15.949		0.15296E+01
   1233.60    15.747		0.18420E+01
   1234.80    15.640		0.20318E+01
   1236.00    15.418		0.24938E+01
   1237.20    15.245		0.29249E+01
   1238.40    15.089		0.33746E+01
   1239.60    14.938		0.38813E+01
   1240.60    14.752		0.46028E+01
   1241.80    14.622		0.51885E+01
   1243.00    14.582		0.53847E+01
   1244.20    14.532		0.56398E+01
   1245.40    14.440		0.61382E+01
   1246.60    14.356		0.66306E+01
   1247.80    14.315		0.68881E+01
   1249.00    14.281		0.71039E+01
   1250.20    14.147		0.80414E+01
   1251.40    14.143		0.80662E+01
   1252.40    14.086		0.85051E+01
   1253.60    14.072		0.86128E+01
   1254.80    13.995		0.92480E+01
   1256.00    13.960		0.95473E+01
   1257.20    13.957		0.95804E+01
   1258.40    13.903		0.10065E+02
   1259.60    13.850		0.10570E+02
   1260.80    13.776		0.11311E+02
   1262.00    13.777		0.11307E+02
   1263.20    13.725		0.11863E+02
   1264.20    13.749		0.11602E+02
   1265.40    13.754		0.11547E+02
   1266.60    13.675		0.12421E+02
   1267.80    13.678		0.12385E+02
   1269.00    13.640		0.12826E+02
   1270.20    13.580		0.13554E+02
   1271.40    13.538		0.14088E+02
   1272.60    13.546		0.13983E+02
   1273.80    13.534		0.14140E+02
   1275.00    13.623		0.13028E+02
   1276.00    13.562		0.13777E+02
   1277.20    13.546		0.13979E+02
   1278.40    13.537		0.14105E+02
   1279.60    13.487		0.14768E+02
   1280.80    13.493		0.14689E+02
   1282.00    13.461		0.15126E+02
   1283.20    13.526		0.14246E+02
   1284.40    13.496		0.14644E+02
   1285.60    13.474		0.14935E+02
   1286.80    13.516		0.14372E+02
   1287.80    13.472		0.14975E+02
   1289.00    13.449		0.15283E+02
   1290.20    13.479		0.14866E+02
   1291.40    13.486		0.14779E+02
   1292.60    13.450		0.15275E+02
   1293.80    13.463		0.15092E+02
   1295.00    13.401		0.15983E+02
   1296.20    13.401		0.15986E+02
   1297.40    13.366		0.16500E+02
   1298.60    13.458		0.15168E+02
   1299.60    13.494		0.14672E+02
   1300.80    13.513		0.14416E+02
   1302.00    13.458		0.15160E+02
   1303.20    13.441		0.15398E+02
   1304.40    13.484		0.14806E+02
   1305.60    13.418		0.15733E+02
   1306.80    13.457		0.15184E+02
   1308.00    13.445		0.15347E+02
   1309.20    13.386		0.16204E+02
   1310.40    13.366		0.16507E+02
   1311.40    13.463		0.15095E+02
   1312.60    13.399		0.16011E+02
   1313.80    13.400		0.16001E+02
   1315.00    13.357		0.16639E+02
   1316.20    13.382		0.16266E+02
   1317.40    13.442		0.15391E+02
   1318.60    13.386		0.16206E+02
   1319.80    13.399		0.16012E+02
   1321.00    13.415		0.15774E+02
   1322.00    13.367		0.16496E+02
   1323.20    13.368		0.16477E+02
   1324.40    13.406		0.15914E+02
   1325.60    13.392		0.16117E+02
   1326.80    13.476		0.14913E+02
   1328.00    13.420		0.15699E+02
   1329.20    13.398		0.16026E+02
   1330.40    13.444		0.15355E+02
   1331.60    13.397		0.16039E+02
   1332.80    13.450		0.15280E+02
   1333.80    13.439		0.15427E+02
   1335.00    13.453		0.15229E+02
   1336.20    13.453		0.15229E+02
   1337.40    13.413		0.15801E+02
   1338.60    13.412		0.15817E+02
   1339.80    13.476		0.14917E+02
   1341.00    13.426		0.15614E+02
   1342.20    13.360		0.16598E+02
   1343.40    13.393		0.16106E+02
   1344.60    13.420		0.15697E+02
   1345.60    13.384		0.16240E+02
   1346.80    13.359		0.16606E+02
   1348.00    13.403		0.15956E+02
   1349.20    13.448		0.15305E+02
   1350.40    13.459		0.15149E+02
   1351.60    13.436		0.15477E+02
   1352.80    13.458		0.15159E+02
   1354.00    13.428		0.15585E+02
   1355.20    13.477		0.14907E+02
   1356.40    13.491		0.14709E+02
   1357.40    13.488		0.14755E+02
   1358.60    13.453		0.15236E+02
   1359.80    13.443		0.15375E+02
   1361.00    13.408		0.15883E+02
   1362.20    13.443		0.15369E+02
   1363.40    13.466		0.15054E+02
   1364.60    13.376		0.16349E+02
   1365.80    13.379		0.16308E+02
   1367.00    13.481		0.14843E+02
   1368.20    13.451		0.15255E+02
   1369.20    13.487		0.14760E+02
   1370.40    13.523		0.14278E+02
   1371.60    13.475		0.14929E+02
   1372.80    13.437		0.15467E+02
   1374.00    13.488		0.14751E+02
   1375.20    13.471		0.14986E+02
   1376.40    13.463		0.15087E+02
   1377.60    13.462		0.15115E+02
   1378.80    13.545		0.13999E+02
   1380.00    13.472		0.14968E+02
   1381.00    13.441		0.15398E+02
   1382.20    13.555		0.13871E+02
   1383.40    13.534		0.14138E+02
   1384.60    13.487		0.14759E+02
   1385.80    13.534		0.14138E+02
   1387.00    13.485		0.14790E+02
   1388.20    13.476		0.14921E+02
   1389.40    13.530		0.14185E+02
   1390.60    13.587		0.13460E+02
   1391.80    13.514		0.14404E+02
   1392.80    13.540		0.14065E+02
   1394.00    13.548		0.13963E+02
   1395.20    13.537		0.14102E+02
   1396.40    13.583		0.13509E+02
   1397.60    13.575		0.13618E+02
   1398.80    13.504		0.14536E+02
   1400.00    13.514		0.14402E+02
   1401.20    13.551		0.13924E+02
   1402.40    13.588		0.13450E+02
   1403.60    13.537		0.14102E+02
   1404.60    13.492		0.14691E+02
   1405.80    13.512		0.14427E+02
   1407.00    13.517		0.14361E+02
   1408.20    13.520		0.14325E+02
   1409.40    13.471		0.14989E+02
   1410.60    13.528		0.14218E+02
   1411.80    13.458		0.15160E+02
   1413.00    13.515		0.14387E+02
   1414.20    13.538		0.14085E+02
   1415.40    13.437		0.15455E+02
   1416.40    13.535		0.14127E+02
   1417.60    13.514		0.14399E+02
   1418.80    13.511		0.14435E+02
   1420.00    13.542		0.14033E+02
   1421.20    13.486		0.14783E+02
   1422.40    13.487		0.14757E+02
   1423.60    13.549		0.13945E+02
   1424.80    13.470		0.14994E+02
   1426.00    13.447		0.15313E+02
   1427.20    13.488		0.14747E+02
   1428.20    13.501		0.14579E+02
   1429.40    13.426		0.15615E+02
   1430.60    13.544		0.14006E+02
   1431.80    13.468		0.15031E+02
   1433.00    13.416		0.15758E+02
   1434.20    13.518		0.14352E+02
   1435.40    13.464		0.15086E+02
   1436.60    13.537		0.14096E+02
   1437.80    13.512		0.14434E+02
   1439.00    13.427		0.15599E+02
   1440.00    13.507		0.14500E+02
   1441.20    13.547		0.13972E+02
   1442.40    13.487		0.14770E+02
   1443.60    13.558		0.13835E+02
   1444.80    13.563		0.13767E+02
   1446.00    13.481		0.14844E+02
   1447.20    13.464		0.15078E+02
   1448.40    13.495		0.14656E+02
   1449.60    13.524		0.14267E+02
   1450.80    13.502		0.14565E+02
   1451.80    13.520		0.14328E+02
   1453.00    13.552		0.13902E+02
   1454.20    13.536		0.14111E+02
   1455.40    13.479		0.14878E+02
   1456.60    13.405		0.15916E+02
   1457.80    13.432		0.15530E+02
   1459.00    13.519		0.14330E+02
   1460.20    13.513		0.14412E+02
   1461.40    13.460		0.15129E+02
   1462.60    13.445		0.15341E+02
   1463.60    13.444		0.15360E+02
   1464.80    13.383		0.16248E+02
   1466.00    13.450		0.15279E+02
   1467.20    13.469		0.15014E+02
   1468.40    13.431		0.15543E+02
   1469.60    13.475		0.14923E+02
   1470.80    13.452		0.15247E+02
   1472.00    13.420		0.15697E+02
   1473.20    13.460		0.15139E+02
   1474.40    13.500		0.14583E+02
   1475.40    13.473		0.14957E+02
   1476.60    13.401		0.15981E+02
   1477.80    13.430		0.15562E+02
   1479.00    13.422		0.15681E+02
   1480.20    13.349		0.16769E+02
   1481.40    13.375		0.16365E+02
   1482.60    13.425		0.15627E+02
   1483.80    13.378		0.16328E+02
   1485.00    13.377		0.16338E+02
   1486.00    13.374		0.16389E+02
   1487.20    13.383		0.16246E+02
   1488.40    13.408		0.15871E+02
   1489.60    13.407		0.15893E+02
   1490.80    13.367		0.16492E+02
   1492.00    13.365		0.16526E+02
   1493.20    13.456		0.15187E+02
   1494.40    13.380		0.16297E+02
   1495.60    13.360		0.16594E+02
   1496.80    13.392		0.16114E+02
   1497.80    13.411		0.15836E+02
   1499.00    13.404		0.15939E+02
   1500.20    13.405		0.15926E+02
   1501.40    13.456		0.15198E+02
   1502.60    13.477		0.14895E+02
   1503.80    13.525		0.14260E+02
   1505.00    13.487		0.14762E+02
   1506.20    13.471		0.14987E+02
   1507.40    13.488		0.14751E+02
   1508.60    13.485		0.14788E+02
   1509.60    13.487		0.14769E+02
   1510.80    13.537		0.14098E+02
   1512.00    13.546		0.13980E+02
   1513.20    13.477		0.14905E+02
   1514.40    13.479		0.14869E+02
   1515.60    13.505		0.14526E+02
   1516.80    13.471		0.14977E+02
   1518.00    13.470		0.14999E+02
   1519.20    13.451		0.15263E+02
   1520.40    13.472		0.14967E+02
   1521.40    13.461		0.15124E+02
   1522.60    13.448		0.15309E+02
   1523.80    13.436		0.15477E+02
   1525.00    13.447		0.15312E+02
   1526.20    13.486		0.14779E+02
   1527.40    13.491		0.14705E+02
   1528.60    13.482		0.14826E+02
   1529.80    13.490		0.14719E+02
   1531.00    13.556		0.13851E+02
   1532.20    13.573		0.13644E+02
   1533.20    13.573		0.13636E+02
   1534.40    13.523		0.14281E+02
   1535.60    13.529		0.14206E+02
   1536.80    13.467		0.15040E+02
   1538.00    13.459		0.15146E+02
   1539.20    13.478		0.14880E+02
   1540.40    13.496		0.14648E+02
   1541.60    13.527		0.14230E+02
   1542.80    13.502		0.14559E+02
   1544.00    13.490		0.14723E+02
   1545.00    13.539		0.14079E+02
   1546.20    13.441		0.15408E+02
   1547.40    13.440		0.15419E+02
   1548.60    13.524		0.14266E+02
   1549.80    13.581		0.13537E+02
   1551.00    13.474		0.14945E+02
   1552.20    13.472		0.14968E+02
   1553.40    13.489		0.14740E+02
   1554.60    13.549		0.13947E+02
   1555.80    13.591		0.13417E+02
   1556.80    13.548		0.13960E+02
   1558.00    13.514		0.14402E+02
   1559.20    13.578		0.13571E+02
   1560.40    13.569		0.13685E+02
   1561.60    13.512		0.14423E+02
   1562.80    13.512		0.14432E+02
   1564.00    13.525		0.14257E+02
   1565.20    13.522		0.14293E+02
   1566.40    13.456		0.15186E+02
   1567.60    13.505		0.14524E+02
   1568.60    13.558		0.13824E+02
   1569.80    13.492		0.14693E+02
   1571.00    13.518		0.14344E+02
   1572.20    13.555		0.13864E+02
   1573.40    13.472		0.14963E+02
   1574.60    13.531		0.14173E+02
   1575.80    13.523		0.14284E+02
   1577.00    13.479		0.14874E+02
   1578.20    13.540		0.14057E+02
   1579.40    13.589		0.13439E+02
   1580.40    13.546		0.13987E+02
   1581.60    13.531		0.14173E+02
   1582.80    13.563		0.13764E+02
   1584.00    13.543		0.14018E+02
   1585.20    13.562		0.13778E+02
   1586.40    13.543		0.14016E+02
   1587.60    13.549		0.13945E+02
   1588.80    13.566		0.13731E+02
   1590.00    13.544		0.14002E+02
   1591.20    13.581		0.13539E+02
   1592.20    13.567		0.13712E+02
   1593.40    13.550		0.13930E+02
   1594.60    13.571		0.13668E+02
   1595.80    13.561		0.13791E+02
   1597.00    13.571		0.13670E+02
   1598.20    13.533		0.14158E+02
   1599.40    13.517		0.14361E+02
   1600.60    13.559		0.13822E+02
   1601.80    13.572		0.13648E+02
   1603.00    13.536		0.14118E+02
   1604.00    13.507		0.14492E+02
   1605.20    13.567		0.13713E+02
   1606.40    13.576		0.13605E+02
   1607.60    13.577		0.13586E+02
   1608.80    13.625		0.13000E+02
   1610.00    13.633		0.12904E+02
   1611.20    13.590		0.13427E+02
   1612.40    13.570		0.13677E+02
   1613.60    13.549		0.13947E+02
   1614.80    13.574		0.13632E+02
   1615.80    13.634		0.12899E+02
   1617.00    13.601		0.13294E+02
   1618.20    13.648		0.12728E+02
   1619.40    13.586		0.13479E+02
   1620.60    13.611		0.13174E+02
   1621.80    13.724		0.11872E+02
   1623.00    13.686		0.12295E+02
   1624.20    13.622		0.13033E+02
   1625.40    13.653		0.12669E+02
   1626.60    13.677		0.12399E+02
   1627.60    13.616		0.13115E+02
   1628.80    13.633		0.12901E+02
   1630.00    13.632		0.12916E+02
   1631.20    13.628		0.12967E+02
   1632.40    13.615		0.13118E+02
   1633.60    13.610		0.13183E+02
   1634.80    13.676		0.12408E+02
   1636.00    13.669		0.12483E+02
   1637.20    13.647		0.12740E+02
   1638.40    13.614		0.13138E+02
   1639.40    13.676		0.12404E+02
   1640.60    13.682		0.12333E+02
   1641.80    13.684		0.12309E+02
   1643.00    13.661		0.12578E+02
   1644.20    13.666		0.12521E+02
   1645.40    13.631		0.12925E+02
   1646.60    13.594		0.13384E+02
   1647.80    13.664		0.12545E+02
   1649.00    13.586		0.13477E+02
   1650.00    13.622		0.13032E+02
   1651.20    13.624		0.13014E+02
   1652.40    13.609		0.13199E+02
   1653.60    13.649		0.12723E+02
   1654.80    13.608		0.13207E+02
   1656.00    13.601		0.13294E+02
   1657.20    13.566		0.13726E+02
   1658.40    13.546		0.13981E+02
   1659.60    13.567		0.13717E+02
   1660.80    13.597		0.13338E+02
   1661.80    13.589		0.13444E+02
   1663.00    13.601		0.13296E+02
   1664.20    13.572		0.13650E+02
   1665.40    13.580		0.13554E+02
   1666.60    13.613		0.13151E+02
   1667.80    13.628		0.12961E+02
   1669.00    13.632		0.12918E+02
   1670.20    13.663		0.12553E+02
   1671.40    13.645		0.12759E+02
   1672.60    13.638		0.12845E+02
   1673.60    13.698		0.12154E+02
   1674.80    13.692		0.12227E+02
   1676.00    13.654		0.12659E+02
   1677.20    13.674		0.12425E+02
   1678.40    13.652		0.12686E+02
   1679.60    13.650		0.12709E+02
   1680.80    13.634		0.12898E+02
   1682.00    13.668		0.12497E+02
   1683.20    13.677		0.12399E+02
   1684.40    13.675		0.12416E+02
   1685.40    13.703		0.12105E+02
   1686.60    13.733		0.11773E+02
   1687.80    13.662		0.12568E+02
   1689.00    13.622		0.13036E+02
   1690.20    13.669		0.12489E+02
   1691.40    13.707		0.12050E+02
   1692.60    13.621		0.13051E+02
   1693.80    13.673		0.12435E+02
   1695.00    13.673		0.12440E+02
   1696.20    13.612		0.13161E+02
   1697.20    13.612		0.13162E+02
   1698.40    13.648		0.12727E+02
   1699.60    13.614		0.13132E+02
   1700.80    13.605		0.13242E+02
   1702.00    13.621		0.13048E+02
   1703.20    13.648		0.12732E+02
   1704.40    13.650		0.12709E+02
   1705.60    13.656		0.12634E+02
   1706.80    13.664		0.12539E+02
   1708.00    13.693		0.12218E+02
   1709.00    13.688		0.12267E+02
   1710.20    13.653		0.12674E+02
   1711.40    13.631		0.12930E+02
   1712.60    13.663		0.12557E+02
   1713.80    13.720		0.11917E+02
   1715.00    13.702		0.12107E+02
   1716.20    13.661		0.12579E+02
   1717.40    13.655		0.12653E+02
   1718.60    13.582		0.13531E+02
   1719.80    13.608		0.13211E+02
   1720.80    13.647		0.12741E+02
   1722.00    13.662		0.12563E+02
   1723.20    13.695		0.12188E+02
   1724.40    13.711		0.12009E+02
   1725.60    13.687		0.12283E+02
   1726.80    13.657		0.12619E+02
   1728.00    13.615		0.13120E+02
   1729.20    13.631		0.12934E+02
   1730.40    13.636		0.12876E+02
   1731.60    13.646		0.12758E+02
   1732.60    13.653		0.12672E+02
   1733.80    13.628		0.12965E+02
   1735.00    13.617		0.13101E+02
   1736.20    13.597		0.13338E+02
   1737.40    13.627		0.12972E+02
   1738.60    13.661		0.12572E+02
   1739.80    13.636		0.12866E+02
   1741.00    13.613		0.13145E+02
   1742.20    13.634		0.12899E+02
   1743.40    13.643		0.12789E+02
   1744.40    13.637		0.12859E+02
   1745.60    13.670		0.12475E+02
   1746.80    13.652		0.12680E+02
   1748.00    13.662		0.12570E+02
   1749.20    13.675		0.12412E+02
   1750.40    13.645		0.12769E+02
   1751.60    13.634		0.12897E+02
   1752.80    13.608		0.13206E+02
   1754.00    13.607		0.13224E+02
   1755.20    13.623		0.13026E+02
   1756.20    13.627		0.12973E+02
   1757.40    13.617		0.13101E+02
   1758.60    13.578		0.13578E+02
   1759.80    13.620		0.13061E+02
   1761.00    13.650		0.12707E+02
   1762.20    13.675		0.12412E+02
   1763.40    13.612		0.13157E+02
   1764.60    13.598		0.13333E+02
   1765.80    13.632		0.12920E+02
   1767.00    13.600		0.13301E+02
   1768.00    13.584		0.13505E+02
   1769.20    13.633		0.12911E+02
   1770.40    13.649		0.12713E+02
   1771.60    13.663		0.12560E+02
   1772.80    13.657		0.12629E+02
   1774.00    13.619		0.13070E+02
   1775.20    13.623		0.13031E+02
   1776.40    13.657		0.12626E+02
   1777.60    13.690		0.12246E+02
   1778.80    13.669		0.12489E+02
   1779.80    13.657		0.12623E+02
   1781.00    13.674		0.12431E+02
   1782.20    13.684		0.12312E+02
   1783.40    13.677		0.12389E+02
   1784.60    13.660		0.12590E+02
   1785.80    13.661		0.12582E+02
   1787.00    13.664		0.12545E+02
   1788.20    13.662		0.12565E+02
   1789.40    13.688		0.12269E+02
   1790.60    13.682		0.12333E+02
   1791.60    13.683		0.12322E+02
   1792.80    13.670		0.12473E+02
   1794.00    13.671		0.12459E+02
   1795.20    13.672		0.12448E+02
   1796.40    13.711		0.12013E+02
   1797.60    13.726		0.11850E+02
   1798.80    13.745		0.11642E+02
   1800.00    13.705		0.12075E+02
   1801.20    13.666		0.12518E+02
   1802.40    13.659		0.12607E+02
   1803.40    13.676		0.12404E+02
   1804.60    13.689		0.12253E+02
   1805.80    13.687		0.12275E+02
   1807.00    13.691		0.12236E+02
   1808.20    13.672		0.12448E+02
   1809.40    13.682		0.12339E+02
   1810.60    13.670		0.12475E+02
   1811.80    13.700		0.12130E+02
   1813.00    13.679		0.12365E+02
   1814.00    13.665		0.12534E+02
   1815.20    13.654		0.12657E+02
   1816.40    13.658		0.12615E+02
   1817.60    13.644		0.12775E+02
   1818.80    13.648		0.12725E+02
   1820.00    13.631		0.12934E+02
   1821.20    13.646		0.12747E+02
   1822.40    13.666		0.12525E+02
   1823.60    13.688		0.12263E+02
   1824.80    13.674		0.12430E+02
   1825.80    13.671		0.12466E+02
   1827.00    13.673		0.12443E+02
   1828.20    13.683		0.12331E+02
   1829.40    13.689		0.12261E+02
   1830.60    13.700		0.12134E+02
   1831.80    13.705		0.12082E+02
   1833.00    13.687		0.12278E+02
   1834.20    13.694		0.12205E+02
   1835.40    13.706		0.12063E+02
   1836.60    13.714		0.11984E+02
   1837.60    13.703		0.12095E+02
   1838.80    13.693		0.12212E+02
   1840.00    13.688		0.12273E+02
   1841.20    13.724		0.11867E+02
   1842.40    13.700		0.12137E+02
   1843.60    13.684		0.12319E+02
   1844.80    13.706		0.12071E+02
   1846.00    13.693		0.12208E+02
   1847.20    13.672		0.12454E+02
   1848.40    13.698		0.12152E+02
   1849.40    13.725		0.11862E+02
   1850.60    13.728		0.11827E+02
   1851.80    13.726		0.11849E+02
   1853.00    13.740		0.11699E+02
   1854.20    13.737		0.11729E+02
   1855.40    13.728		0.11824E+02
   1856.60    13.738		0.11718E+02
   1857.80    13.741		0.11684E+02
   1859.00    13.750		0.11589E+02
   1860.20    13.738		0.11720E+02
   1861.20    13.732		0.11786E+02
   1862.40    13.713		0.11991E+02
   1863.60    13.705		0.12083E+02
   1864.80    13.694		0.12200E+02
   1866.00    13.707		0.12052E+02
   1867.20    13.718		0.11930E+02
   1868.40    13.734		0.11764E+02
   1869.60    13.714		0.11979E+02
   1870.80    13.681		0.12344E+02
   1872.00    13.668		0.12495E+02
   1873.00    13.706		0.12071E+02
   1874.20    13.739		0.11708E+02
   1875.40    13.725		0.11855E+02
   1876.60    13.734		0.11765E+02
   1877.80    13.747		0.11615E+02
   1879.00    13.746		0.11627E+02
   1880.20    13.742		0.11674E+02
   1881.40    13.712		0.12004E+02
   1882.60    13.739		0.11704E+02
   1883.80    13.713		0.11992E+02
   1884.80    13.729		0.11816E+02
   1886.00    13.747		0.11615E+02
   1887.20    13.774		0.11330E+02
   1888.40    13.748		0.11611E+02
   1889.60    13.748		0.11611E+02
   1890.80    13.754		0.11544E+02
   1892.00    13.755		0.11534E+02
   1893.20    13.729		0.11811E+02
   1894.40    13.750		0.11584E+02
   1895.60    13.746		0.11627E+02
   1896.60    13.766		0.11418E+02
   1897.80    13.790		0.11171E+02
   1899.00    13.782		0.11250E+02
   1900.20    13.772		0.11353E+02
   1901.40    13.794		0.11124E+02
   1902.60    13.789		0.11181E+02
   1903.80    13.788		0.11189E+02
   1905.00    13.785		0.11216E+02
   1906.20    13.791		0.11158E+02
   1907.40    13.780		0.11275E+02
   1908.40    13.763		0.11455E+02
   1909.60    13.752		0.11563E+02
   1910.80    13.749		0.11595E+02
   1912.00    13.750		0.11588E+02
   1913.20    13.772		0.11359E+02
   1914.40    13.781		0.11264E+02
   1915.60    13.794		0.11128E+02
   1916.80    13.780		0.11276E+02
   1918.00    13.778		0.11291E+02
   1919.20    13.774		0.11330E+02
   1920.20    13.778		0.11294E+02
   1921.40    13.776		0.11309E+02
   1922.60    13.746		0.11626E+02
   1923.80    13.745		0.11641E+02
   1925.00    13.746		0.11633E+02
   1926.20    13.768		0.11393E+02
   1927.40    13.772		0.11357E+02
   1928.60    13.728		0.11825E+02
   1929.80    13.718		0.11935E+02
   1931.00    13.717		0.11944E+02
   1932.00    13.757		0.11511E+02
   1933.20    13.806		0.11007E+02
   1934.40    13.791		0.11155E+02
   1935.60    13.786		0.11208E+02
   1936.80    13.800		0.11067E+02
   1938.00    13.795		0.11117E+02
   1939.20    13.810		0.10970E+02
   1940.40    13.797		0.11093E+02
   1941.60    13.782		0.11251E+02
   1942.80    13.770		0.11371E+02
   1943.80    13.783		0.11241E+02
   1945.00    13.793		0.11136E+02
   1946.20    13.800		0.11062E+02
   1947.40    13.773		0.11345E+02
   1948.60    13.740		0.11692E+02
   1949.80    13.753		0.11558E+02
   1951.00    13.775		0.11325E+02
   1952.20    13.772		0.11352E+02
   1953.40    13.758		0.11502E+02
   1954.60    13.728		0.11820E+02
   1955.60    13.724		0.11868E+02
   1956.80    13.742		0.11670E+02
   1958.00    13.796		0.11112E+02
   1959.20    13.769		0.11387E+02
   1960.40    13.767		0.11412E+02
   1961.60    13.776		0.11310E+02
   1962.80    13.744		0.11653E+02
   1964.00    13.734		0.11763E+02
   1965.20    13.756		0.11524E+02
   1966.20    13.774		0.11330E+02
   1967.40    13.785		0.11219E+02
   1968.60    13.746		0.11633E+02
   1969.80    13.727		0.11835E+02
   1970.20    13.716		0.11958E+02
   1972.00    13.721		0.11898E+02
   1973.80    13.764		0.11436E+02
   1975.80    13.721		0.11906E+02
   1977.60    13.870		0.10379E+02
   1979.40    13.720		0.11907E+02
   1981.40    13.508		0.14484E+02
   1983.20    13.722		0.11891E+02
   1985.00    13.944		0.96874E+01
   1987.00    13.781		0.11266E+02
   1988.80    13.765		0.11429E+02
   1990.60    13.846		0.10608E+02
   1992.60    13.919		0.99172E+01
   1994.40    13.750		0.11592E+02
   1996.20    13.867		0.10404E+02
   1998.20    13.910		0.99976E+01
   2000.00    13.861		0.10458E+02
   2001.80    13.778		0.11292E+02
   2003.80    13.942		0.97091E+01
   2005.60    14.001		0.91997E+01
   2007.40    13.947		0.96678E+01
   2009.40    13.988		0.93078E+01
   2011.20    13.747		0.11622E+02
   2013.20    13.563		0.13763E+02
   2015.00    13.661		0.12579E+02
   2016.80    13.715		0.11973E+02
   2018.80    13.956		0.95821E+01
   2020.60    13.801		0.11059E+02
   2022.40    13.617		0.13103E+02
   2024.40    13.782		0.11251E+02
   2026.20    13.771		0.11370E+02
   2028.00    13.947		0.96626E+01
   2030.00    13.736		0.11738E+02
   2031.80    13.686		0.12296E+02
   2033.60    13.669		0.12489E+02
   2035.60    13.715		0.11967E+02
   2037.40    13.987		0.93134E+01
   2039.20    13.920		0.99115E+01
   2041.20    13.537		0.14105E+02
   2043.00    13.565		0.13735E+02
   2044.80    13.652		0.12687E+02
   2046.80    13.612		0.13159E+02
   2048.60    13.551		0.13914E+02
   2050.40    13.839		0.10675E+02
   2052.40    13.847		0.10596E+02
   2054.20    13.752		0.11569E+02
   2056.00    13.507		0.14495E+02
   2058.00    13.531		0.14184E+02
   2059.80    13.705		0.12077E+02
   2061.80    13.916		0.99480E+01
   2063.60    13.806		0.11007E+02
   2065.40    13.711		0.12015E+02
   2067.40    13.729		0.11813E+02
   2069.20    13.842		0.10641E+02
   2071.00    13.802		0.11050E+02
   2073.00    13.780		0.11267E+02
   2074.80    13.709		0.12037E+02
   2076.60    13.535		0.14127E+02
   2078.60    13.538		0.14081E+02
   2080.40    13.793		0.11140E+02
   2082.20    13.831		0.10751E+02
   2084.20    13.586		0.13471E+02
   2086.00    13.700		0.12139E+02
   2087.80    13.811		0.10950E+02
   2089.80    13.791		0.11160E+02
   2091.60    13.732		0.11786E+02
   2093.40    13.819		0.10876E+02
   2095.40    13.782		0.11250E+02
   2097.20    13.735		0.11753E+02
   2099.00    13.848		0.10586E+02
   2101.00    13.887		0.10210E+02
   2102.80    13.806		0.11006E+02
   2104.80    13.770		0.11380E+02
   2106.60    13.744		0.11653E+02
   2108.40    13.521		0.14310E+02
   2110.40    13.514		0.14405E+02
   2112.20    13.778		0.11288E+02
   2114.00    13.816		0.10907E+02
   2116.00    13.822		0.10843E+02
   2117.80    13.915		0.99574E+01
   2119.60    13.602		0.13277E+02
   2121.60    13.638		0.12853E+02
   2123.40    13.888		0.10205E+02
   2125.20    13.859		0.10479E+02
   2127.20    13.579		0.13567E+02
   2129.00    13.700		0.12136E+02
   2130.80    13.965		0.95083E+01
   2132.80    14.078		0.85687E+01
   2134.60    13.773		0.11348E+02
   2136.40    13.587		0.13470E+02
   2138.40    13.771		0.11363E+02
   2140.20    13.928		0.98326E+01
   2142.00    13.838		0.10683E+02
   2144.00    13.855		0.10523E+02
   2145.80    13.831		0.10757E+02
   2147.60    13.758		0.11503E+02
   2149.60    13.791		0.11162E+02
   2151.40    13.795		0.11116E+02
   2153.40    13.824		0.10829E+02
   2155.20    13.905		0.10044E+02
   2157.00    13.868		0.10393E+02
   2159.00    13.849		0.10575E+02
   2160.80    13.871		0.10364E+02
   2162.60    13.788		0.11194E+02
   2164.60    13.789		0.11178E+02
   2166.40    13.886		0.10226E+02
   2168.20    13.694		0.12198E+02
   2170.20    13.764		0.11440E+02
   2172.00    13.895		0.10135E+02
   2173.80    13.807		0.10996E+02
   2175.80    13.656		0.12638E+02
   2177.60    13.740		0.11696E+02
   2179.40    13.881		0.10266E+02
   2181.40    13.979		0.93823E+01
   2183.20    13.848		0.10588E+02
   2185.00    13.694		0.12201E+02
   2187.00    13.688		0.12265E+02
   2188.80    13.946		0.96697E+01
   2190.60    14.196		0.76870E+01
   2192.60    13.920		0.99102E+01
   2194.40    13.923		0.98773E+01
   2196.20    13.885		0.10237E+02
   2198.20    13.702		0.12114E+02
   2200.00    13.860		0.10468E+02
   2202.00    13.785		0.11224E+02
   2203.80    13.761		0.11474E+02
   2205.60    13.805		0.11011E+02
   2207.60    13.739		0.11703E+02
   2209.40    13.809		0.10973E+02
   2211.20    14.100		0.83925E+01
   2213.20    13.981		0.93706E+01
   2215.00    13.682		0.12337E+02
   2216.80    13.679		0.12367E+02
   2218.80    13.901		0.10083E+02
   2220.60    13.915		0.99555E+01
   2222.40    13.797		0.11095E+02
   2224.40    13.700		0.12136E+02
   2226.20    13.782		0.11249E+02
   2228.00    13.912		0.99838E+01
   2230.00    13.780		0.11275E+02
   2231.80    13.731		0.11797E+02
   2233.60    13.769		0.11383E+02
   2235.60    13.858		0.10489E+02
   2237.40    13.865		0.10418E+02
   2239.20    13.808		0.10987E+02
   2241.20    13.900		0.10092E+02
   2243.00    13.859		0.10478E+02
   2245.00    13.776		0.11314E+02
   2246.80    13.633		0.12905E+02
   2248.60    13.724		0.11870E+02
   2250.60    13.946		0.96744E+01
   2252.40    13.789		0.11183E+02
   2254.20    13.629		0.12949E+02
   2256.20    13.720		0.11910E+02
   2258.00    13.782		0.11255E+02
   2259.80    13.895		0.10137E+02
   2261.80    13.826		0.10801E+02
   2263.60    13.763		0.11445E+02
   2265.40    13.654		0.12655E+02
   2267.40    13.670		0.12479E+02
   2269.20    13.861		0.10463E+02
   2271.00    13.965		0.95044E+01
   2273.00    13.881		0.10269E+02
   2274.80    13.712		0.12001E+02
   2276.60    13.796		0.11111E+02
   2278.60    13.936		0.97653E+01
   2280.40    13.812		0.10948E+02
   2282.20    13.901		0.10085E+02
   2284.20    13.856		0.10510E+02
   2286.00    13.819		0.10873E+02
   2287.80    13.827		0.10792E+02
   2289.80    13.894		0.10152E+02
   2291.60    13.989		0.92945E+01
   2293.60    13.801		0.11060E+02
   2295.40    13.692		0.12224E+02
   2297.20    13.784		0.11230E+02
   2299.20    13.916		0.99417E+01
   2301.00    13.893		0.10162E+02
   2302.80    13.746		0.11631E+02
   2304.80    13.789		0.11181E+02
   2306.60    13.862		0.10452E+02
   2308.40    13.790		0.11167E+02
   2310.40    13.826		0.10804E+02
   2312.20    13.781		0.11260E+02
   2314.00    13.785		0.11224E+02
   2316.00    13.726		0.11843E+02
   2317.80    13.742		0.11670E+02
   2319.60    13.766		0.11420E+02
   2321.60    13.799		0.11080E+02
   2323.40    13.826		0.10807E+02
   2325.20    13.817		0.10899E+02
   2327.20    13.776		0.11315E+02
   2329.00    13.780		0.11270E+02
   2330.80    13.871		0.10361E+02
   2332.80    13.736		0.11738E+02
   2334.60    13.705		0.12083E+02
   2336.40    13.678		0.12384E+02
   2338.40    13.682		0.12340E+02
   2340.20    13.765		0.11426E+02
   2342.20    13.824		0.10821E+02
   2344.00    13.876		0.10321E+02
   2345.80    13.900		0.10092E+02
   2347.80    13.834		0.10727E+02
   2349.60    13.703		0.12105E+02
   2351.40    13.723		0.11880E+02
   2353.40    13.863		0.10446E+02
   2355.20    13.889		0.10191E+02
   2357.00    13.744		0.11655E+02
   2359.00    13.739		0.11708E+02
   2360.80    13.829		0.10775E+02
   2362.60    14.017		0.90654E+01
   2364.60    13.787		0.11203E+02
   2366.40    13.687		0.12283E+02
   2368.20    13.808		0.10983E+02
   2370.20    13.858		0.10486E+02
   2372.00    13.858		0.10488E+02
   2373.80    13.782		0.11252E+02
   2375.80    13.717		0.11949E+02
   2377.60    13.870		0.10379E+02
   2379.40    13.861		0.10464E+02
   2381.40    13.726		0.11846E+02
   2383.20    13.752		0.11566E+02
   2385.20    13.890		0.10187E+02
   2387.00    13.788		0.11189E+02
   2388.80    13.716		0.11959E+02
   2390.80    13.794		0.11131E+02
   2392.60    13.724		0.11874E+02
   2394.40    13.794		0.11126E+02
   2396.40    13.847		0.10602E+02
   2398.20    13.922		0.98943E+01
   2400.00    13.896		0.10126E+02
   2402.00    13.768		0.11401E+02
   2403.80    13.797		0.11097E+02
   2405.60    13.822		0.10846E+02
   2407.60    13.814		0.10920E+02
   2409.40    13.779		0.11285E+02
   2411.20    13.771		0.11364E+02
   2413.20    13.823		0.10835E+02
   2415.00    13.940		0.97261E+01
   2416.80    13.900		0.10092E+02
   2418.80    13.755		0.11540E+02
   2420.60    13.737		0.11726E+02
   2422.40    13.901		0.10080E+02
   2424.40    13.999		0.92126E+01
   2426.20    13.893		0.10159E+02
   2428.00    13.824		0.10827E+02
   2430.00    13.862		0.10454E+02
   2431.80    13.861		0.10466E+02
   2433.80    13.859		0.10480E+02
   2435.60    13.888		0.10205E+02
   2437.40    13.845		0.10617E+02
   2439.40    13.786		0.11212E+02
   2441.20    13.836		0.10703E+02
   2443.00    13.866		0.10412E+02
   2445.00    13.817		0.10893E+02
   2446.80    13.851		0.10563E+02
   2448.60    13.915		0.99559E+01
   2450.60    13.785		0.11217E+02
   2452.40    13.663		0.12555E+02
   2454.20    13.722		0.11892E+02
   2456.20    13.899		0.10100E+02
   2458.00    13.863		0.10442E+02
   2459.80    13.806		0.11001E+02
   2461.80    13.874		0.10339E+02
   2463.60    13.891		0.10180E+02
   2465.40    13.903		0.10065E+02
   2467.40    13.822		0.10841E+02
   2469.20    13.815		0.10911E+02
   2471.00    13.824		0.10823E+02
   2473.00    13.869		0.10382E+02
   2474.80    13.807		0.11000E+02
   2476.60    13.791		0.11155E+02
   2478.60    13.753		0.11558E+02
   2480.40    13.822		0.10842E+02
   2482.40    13.883		0.10252E+02
   2484.20    13.852		0.10549E+02
   2486.00    13.807		0.10997E+02
   2488.00    13.805		0.11011E+02
   2489.80    13.840		0.10665E+02
   2491.60    13.882		0.10257E+02
   2493.60    13.947		0.96691E+01
   2495.40    13.915		0.99583E+01
   2497.20    13.880		0.10284E+02
   2499.20    13.835		0.10713E+02
   2501.00    13.748		0.11612E+02
   2502.80    13.763		0.11452E+02
   2504.80    13.779		0.11286E+02
   2506.60    13.785		0.11220E+02
   2508.40    13.759		0.11492E+02
   2510.40    13.751		0.11574E+02
   2512.20    13.776		0.11315E+02
   2514.00    13.782		0.11246E+02
   2516.00    13.778		0.11297E+02
   2517.80    13.771		0.11362E+02
   2519.60    13.814		0.10929E+02
   2521.60    13.902		0.10073E+02
   2523.40    13.891		0.10174E+02
   2525.40    13.825		0.10815E+02
   2527.20    13.818		0.10889E+02
   2529.00    13.920		0.99124E+01
   2531.00    13.912		0.99800E+01
   2532.80    13.786		0.11207E+02
   2534.60    13.812		0.10946E+02
   2536.60    13.906		0.10036E+02
   2538.40    13.917		0.99326E+01
   2540.20    13.867		0.10406E+02
   2542.20    13.789		0.11179E+02
   2544.00    13.835		0.10715E+02
   2545.80    13.862		0.10451E+02
   2547.80    13.808		0.10988E+02
   2549.60    13.763		0.11445E+02
   2551.40    13.801		0.11058E+02
   2553.40    13.900		0.10089E+02
   2555.20    13.932		0.98001E+01
   2557.00    13.859		0.10480E+02
   2559.00    13.885		0.10234E+02
   2560.80    13.853		0.10539E+02
   2562.60    13.787		0.11196E+02
   2564.60    13.877		0.10312E+02
   2566.40    13.927		0.98456E+01
   2568.20    13.940		0.97309E+01
   2570.20    13.945		0.96847E+01
   2572.00    13.907		0.10025E+02
   2574.00    13.863		0.10447E+02
   2575.80    13.869		0.10386E+02
   2577.60    13.858		0.10495E+02
   2579.60    13.848		0.10585E+02
   2581.40    13.821		0.10851E+02
   2583.20    13.788		0.11190E+02
   2585.20    13.839		0.10676E+02
   2587.00    13.935		0.97731E+01
   2588.80    13.868		0.10397E+02
   2590.80    13.825		0.10818E+02
   2592.60    13.862		0.10451E+02
   2594.40    13.831		0.10758E+02
   2596.40    13.787		0.11204E+02
   2598.20    13.815		0.10911E+02
   2600.00    13.898		0.10109E+02
   2602.00    13.922		0.98907E+01
   2603.80    13.897		0.10120E+02
   2605.60    13.856		0.10508E+02
   2607.60    13.916		0.99452E+01
   2609.40    13.961		0.95385E+01
   2611.20    13.918		0.99306E+01
   2613.20    13.848		0.10583E+02
   2615.00    13.867		0.10406E+02
   2616.80    13.931		0.98094E+01
   2618.80    13.983		0.93520E+01
   2620.60    13.927		0.98472E+01
   2622.60    13.854		0.10525E+02
   2624.40    13.823		0.10837E+02
   2626.20    13.830		0.10769E+02
   2628.20    13.826		0.10801E+02
   2630.00    13.838		0.10684E+02
   2631.80    13.886		0.10227E+02
   2633.80    13.934		0.97808E+01
   2635.60    13.889		0.10196E+02
   2637.40    13.846		0.10607E+02
   2639.40    13.919		0.99164E+01
   2641.20    13.971		0.94509E+01
   2643.00    13.888		0.10207E+02
   2645.00    13.888		0.10202E+02
   2646.80    14.008		0.91410E+01
   2648.60    14.008		0.91371E+01
   2650.60    13.901		0.10082E+02
   2652.40    13.845		0.10614E+02
   2654.20    13.881		0.10274E+02
   2656.20    13.885		0.10234E+02
   2658.00    13.825		0.10813E+02
   2659.80    13.839		0.10680E+02
   2661.80    13.875		0.10329E+02
   2663.60    13.838		0.10690E+02
   2665.60    13.872		0.10353E+02
   2667.40    13.946		0.96723E+01
   2669.20    13.921		0.99025E+01
   2671.20    13.863		0.10438E+02
   2673.00    13.869		0.10381E+02
   2674.80    13.936		0.97660E+01
   2676.80    13.929		0.98262E+01
   2678.60    13.874		0.10337E+02
   2680.40    13.862		0.10449E+02
   2682.40    13.899		0.10104E+02
   2684.20    13.924		0.98709E+01
   2686.00    13.896		0.10131E+02
   2688.00    13.937		0.97525E+01
   2689.80    13.980		0.93748E+01
   2691.60    13.991		0.92825E+01
   2693.60    13.956		0.95818E+01
   2695.40    13.947		0.96661E+01
   2697.20    13.949		0.96454E+01
   2699.20    13.919		0.99196E+01
   2701.00    13.908		0.10019E+02
   2702.80    13.896		0.10128E+02
   2704.80    13.920		0.99058E+01
   2706.60    13.938		0.97495E+01
   2708.40    13.891		0.10175E+02
   2710.40    13.875		0.10324E+02
   2712.20    13.852		0.10551E+02
   2714.20    13.856		0.10513E+02
   2716.00    13.886		0.10222E+02
   2717.80    13.893		0.10159E+02
   2719.80    13.877		0.10305E+02
   2721.60    13.875		0.10325E+02
   2723.40    13.900		0.10097E+02
   2725.40    13.942		0.97063E+01
   2727.20    13.956		0.95813E+01
   2729.00    13.944		0.96902E+01
   2731.00    13.936		0.97619E+01
   2732.80    13.941		0.97216E+01
   2734.60    13.925		0.98614E+01
   2736.60    13.909		0.10009E+02
   2738.40    13.913		0.99755E+01
   2740.20    13.925		0.98669E+01
   2742.20    13.931		0.98089E+01
   2744.00    13.919		0.99162E+01
   2745.80    13.890		0.10188E+02
   2747.80    13.877		0.10310E+02
   2749.60    13.866		0.10413E+02
   2751.40    13.889		0.10193E+02
   2753.40    13.921		0.98965E+01
   2755.20    13.939		0.97322E+01
   2757.00    13.926		0.98579E+01
   2759.00    13.931		0.98090E+01
   2760.80    13.951		0.96277E+01
   2762.80    13.966		0.94988E+01
   2764.60    13.959		0.95599E+01
   2766.40    13.930		0.98145E+01
   2768.40    13.975		0.94192E+01
   2770.20    13.987		0.93189E+01
   2772.00    13.916		0.99431E+01
   2774.00    13.897		0.10117E+02
   2775.80    13.918		0.99303E+01
   2777.60    13.937		0.97513E+01
   2779.60    13.968		0.94776E+01
   2781.40    13.948		0.96526E+01
   2783.20    13.937		0.97502E+01
   2785.20    13.971		0.94544E+01
   2787.00    14.011		0.91086E+01
   2788.80    14.055		0.87468E+01
   2790.80    14.032		0.89352E+01
   2792.60    13.934		0.97846E+01
   2794.40    13.883		0.10249E+02
   2796.40    13.950		0.96362E+01
   2798.20    13.971		0.94507E+01
   2800.00    13.942		0.97080E+01
   2802.00    13.989		0.92978E+01
   2803.80    14.030		0.89533E+01
   2805.80    13.959		0.95584E+01
   2807.60    13.916		0.99463E+01
   2809.40    13.910		0.99986E+01
   2811.40    13.933		0.97902E+01
   2813.20    13.965		0.95082E+01
   2815.00    13.940		0.97313E+01
   2817.00    13.902		0.10070E+02
   2818.80    13.915		0.99552E+01
   2820.60    13.922		0.98913E+01
   2822.60    13.899		0.10101E+02
   2824.40    13.931		0.98041E+01
   2826.20    13.968		0.94776E+01
   2828.20    13.951		0.96329E+01
   2830.00    13.940		0.97317E+01
   2831.80    13.905		0.10046E+02
   2833.80    13.869		0.10385E+02
   2835.60    13.890		0.10186E+02
   2837.40    13.913		0.99737E+01
   2839.40    13.917		0.99318E+01
   2841.20    13.916		0.99490E+01
   2843.00    13.940		0.97263E+01
   2845.00    13.958		0.95650E+01
   2846.80    13.938		0.97429E+01
   2848.60    13.936		0.97662E+01
   2850.60    13.936		0.97610E+01
   2852.40    13.953		0.96086E+01
   2854.40    13.948		0.96582E+01
   2856.20    13.941		0.97207E+01
   2858.00    13.933		0.97914E+01
   2860.00    13.941		0.97167E+01
   2861.80    13.988		0.93055E+01
   2863.60    14.016		0.90704E+01
   2865.60    13.995		0.92479E+01
   2867.40    13.988		0.93038E+01
   2869.20    13.974		0.94315E+01
   2871.20    13.945		0.96801E+01
   2873.00    13.948		0.96571E+01
   2874.80    13.922		0.98876E+01
   2876.80    13.940		0.97273E+01
   2878.60    14.008		0.91386E+01
   2880.40    14.002		0.91884E+01
   2882.40    13.980		0.93775E+01
   2884.20    14.006		0.91500E+01
   2886.00    13.962		0.95342E+01
   2888.00    13.899		0.10106E+02
   2889.80    13.900		0.10091E+02
   2891.60    13.927		0.98422E+01
   2893.60    13.970		0.94634E+01
   2895.40    13.975		0.94169E+01
   2897.20    13.935		0.97767E+01
   2899.20    13.931		0.98114E+01
   2901.00    13.946		0.96709E+01
   2903.00    13.940		0.97314E+01
   2904.80    13.958		0.95677E+01
   2906.60    13.988		0.93074E+01
   2908.60    13.977		0.94050E+01
   2910.40    13.957		0.95801E+01
   2912.20    13.961		0.95396E+01
   2914.20    13.976		0.94118E+01
   2916.00    14.012		0.91036E+01
   2917.80    14.003		0.91806E+01
   2919.80    13.941		0.97145E+01
   2921.60    13.910		0.10001E+02
   2923.40    13.933		0.97911E+01
   2925.40    13.941		0.97154E+01
   2927.20    13.925		0.98645E+01
   2929.00    13.941		0.97228E+01
   2931.00    13.963		0.95224E+01
   2932.80    13.977		0.93997E+01
   2934.60    14.001		0.91969E+01
   2936.60    14.020		0.90380E+01
   2938.40    14.050		0.87926E+01
   2940.20    14.077		0.85733E+01
   2942.20    14.075		0.85883E+01
   2944.00    14.056		0.87392E+01
   2946.00    14.010		0.91194E+01
   2947.80    13.943		0.97038E+01
   2949.60    13.921		0.98970E+01
   2951.60    13.973		0.94349E+01
   2953.40    14.017		0.90609E+01
   2955.20    13.976		0.94073E+01
   2957.20    13.943		0.96984E+01
   2959.00    13.959		0.95565E+01
   2960.80    13.972		0.94447E+01
   2962.80    14.004		0.91696E+01
   2964.60    14.034		0.89178E+01
   2966.40    14.028		0.89695E+01
   2968.40    14.004		0.91703E+01
   2970.20    13.998		0.92257E+01
   2972.00    14.011		0.91142E+01
   2974.00    13.990		0.92936E+01
   2975.80    13.955		0.95936E+01
   2977.60    13.931		0.98071E+01
   2979.60    13.911		0.99864E+01
   2981.40    13.915		0.99522E+01
   2983.20    13.934		0.97856E+01
   2985.20    13.970		0.94600E+01
   2987.00    13.957		0.95781E+01
   2988.80    13.933		0.97914E+01
   2990.80    13.954		0.95991E+01
   2992.60    13.989		0.92996E+01
   2994.60    13.991		0.92809E+01
   2996.40    13.961		0.95381E+01
   2998.20    13.956		0.95842E+01
   3000.20    13.947		0.96682E+01
   3002.00    13.946		0.96763E+01
   3003.80    13.940		0.97280E+01
   3005.80    13.945		0.96852E+01
   3007.60    13.984		0.93407E+01
   3009.40    13.983		0.93485E+01
   3011.40    14.003		0.91807E+01
   3013.20    14.061		0.87048E+01
   3015.00    14.053		0.87625E+01
   3017.00    14.022		0.90182E+01
   3018.80    13.994		0.92540E+01
   3020.60    13.968		0.94763E+01
   3022.60    14.012		0.91065E+01
   3024.40    14.047		0.88172E+01
   3026.20    14.022		0.90169E+01
   3028.20    13.996		0.92375E+01
   3030.00    13.968		0.94787E+01
   3031.80    13.991		0.92842E+01
   3033.80    14.044		0.88420E+01
   3035.60    14.049		0.87955E+01
   3037.40    13.999		0.92153E+01
   3039.40    13.993		0.92613E+01
   3041.20    14.000		0.92027E+01
   3043.20    14.002		0.91844E+01
   3045.00    13.993		0.92669E+01
   3046.80    13.990		0.92886E+01
   3048.80    13.981		0.93635E+01
   3050.60    14.012		0.91071E+01
   3052.40    14.031		0.89453E+01
   3054.40    14.017		0.90579E+01
   3056.20    14.004		0.91712E+01
   3058.00    13.990		0.92884E+01
   3060.00    14.015		0.90821E+01
   3061.80    14.048		0.88088E+01
   3063.60    14.038		0.88898E+01
   3065.60    13.973		0.94344E+01
   3067.40    13.903		0.10061E+02
   3069.20    13.937		0.97583E+01
   3071.20    13.999		0.92160E+01
   3073.00    14.040		0.88734E+01
   3074.80    14.055		0.87488E+01
   3076.80    14.038		0.88862E+01
   3078.60    14.028		0.89680E+01
   3080.40    14.038		0.88868E+01
   3082.40    14.017		0.90579E+01
   3084.20    14.019		0.90465E+01
   3086.20    14.080		0.85510E+01
   3088.00    14.053		0.87652E+01
   3089.80    13.981		0.93629E+01
   3091.80    13.961		0.95448E+01
   3093.60    13.961		0.95374E+01
   3095.40    13.978		0.93933E+01
   3097.40    13.999		0.92130E+01
   3099.20    13.978		0.93959E+01
   3101.00    13.961		0.95423E+01
   3103.00    13.957		0.95787E+01
   3104.80    13.948		0.96587E+01
   3106.60    13.951		0.96252E+01
   3108.60    13.956		0.95890E+01
   3110.40    13.977		0.94004E+01
   3112.20    14.016		0.90657E+01
   3114.20    14.057		0.87368E+01
   3116.00    14.071		0.86196E+01
   3117.80    14.060		0.87065E+01
   3119.80    14.061		0.87025E+01
   3121.60    14.063		0.86863E+01
   3123.40    14.038		0.88883E+01
   3125.40    14.016		0.90674E+01
   3127.20    14.015		0.90741E+01
   3129.00    14.030		0.89523E+01
   3131.00    14.052		0.87746E+01
   3132.80    14.038		0.88889E+01
   3134.80    14.003		0.91807E+01
   3136.60    13.952		0.96221E+01
   3138.40    13.911		0.99886E+01
   3140.40    13.931		0.98072E+01
   3142.20    14.010		0.91213E+01
   3144.00    14.082		0.85388E+01
   3146.00    14.105		0.83568E+01
   3147.80    14.058		0.87295E+01
   3149.60    14.000		0.92046E+01
   3152.28    14.082		0.85316E+01
   3157.54    14.084		0.85202E+01
   3162.81    14.085		0.85087E+01
   3168.09    14.087		0.84972E+01
   3173.38    14.088		0.84856E+01
   3178.68    14.090		0.84740E+01
   3183.99    14.091		0.84624E+01
   3189.30    14.093		0.84508E+01
   3194.62    14.094		0.84392E+01
   3199.96    14.096		0.84275E+01
   3205.30    14.097		0.84158E+01
   3210.65    14.099		0.84042E+01
   3216.01    14.100		0.83925E+01
   3221.38    14.102		0.83807E+01
   3226.75    14.103		0.83689E+01
   3232.14    14.105		0.83571E+01
   3237.53    14.106		0.83454E+01
   3242.94    14.108		0.83336E+01
   3248.35    14.109		0.83217E+01
   3253.77    14.111		0.83098E+01
   3259.20    14.113		0.82979E+01
   3264.64    14.114		0.82861E+01
   3270.09    14.116		0.82742E+01
   3275.55    14.117		0.82623E+01
   3281.02    14.119		0.82503E+01
   3286.50    14.120		0.82391E+01
   3291.98    14.122		0.82279E+01
   3297.48    14.123		0.82168E+01
   3302.98    14.125		0.82057E+01
   3308.50    14.126		0.81945E+01
   3314.02    14.128		0.81833E+01
   3319.55    14.129		0.81720E+01
   3325.09    14.131		0.81608E+01
   3330.64    14.132		0.81495E+01
   3336.20    14.134		0.81382E+01
   3341.77    14.135		0.81269E+01
   3347.35    14.137		0.81156E+01
   3352.93    14.138		0.81041E+01
   3358.53    14.140		0.80929E+01
   3364.14    14.141		0.80815E+01
   3369.75    14.143		0.80699E+01
   3375.38    14.144		0.80586E+01
   3381.01    14.146		0.80471E+01
   3386.66    14.147		0.80357E+01
   3392.31    14.149		0.80241E+01
   3397.97    14.151		0.80126E+01
   3403.64    14.152		0.80012E+01
   3409.32    14.154		0.79895E+01
   3415.01    14.155		0.79780E+01
   3420.72    14.157		0.79664E+01
   3426.43    14.158		0.79548E+01
   3432.15    14.160		0.79432E+01
   3437.87    14.162		0.79315E+01
   3443.61    14.163		0.79198E+01
   3449.36    14.165		0.79082E+01
   3455.12    14.166		0.78965E+01
   3460.89    14.168		0.78847E+01
   3466.66    14.170		0.78733E+01
   3472.45    14.171		0.78621E+01
   3478.25    14.173		0.78511E+01
   3484.05    14.174		0.78399E+01
   3489.87    14.176		0.78288E+01
   3495.69    14.177		0.78176E+01
   3501.53    14.179		0.78065E+01
   3507.37    14.180		0.77953E+01
   3513.23    14.182		0.77839E+01
   3519.09    14.184		0.77727E+01
   3524.97    14.185		0.77614E+01
   3530.85    14.187		0.77502E+01
   3536.74    14.188		0.77389E+01
   3542.65    14.190		0.77276E+01
   3548.56    14.191		0.77162E+01
   3554.48    14.193		0.77049E+01
   3560.42    14.195		0.76935E+01
   3566.36    14.196		0.76822E+01
   3572.31    14.198		0.76707E+01
   3578.27    14.200		0.76592E+01
   3584.25    14.201		0.76478E+01
   3590.23    14.203		0.76364E+01
   3596.22    14.204		0.76248E+01
   3602.23    14.206		0.76133E+01
   3608.24    14.208		0.76017E+01
   3614.26    14.209		0.75902E+01
   3620.29    14.211		0.75786E+01
   3626.34    14.213		0.75670E+01
   3632.39    14.214		0.75554E+01
   3638.46    14.216		0.75438E+01
   3644.53    14.218		0.75321E+01
   3650.61    14.223		0.74947E+01
   3656.71    14.231		0.74385E+01
   3662.81    14.240		0.73821E+01
   3668.92    14.248		0.73255E+01
   3675.05    14.256		0.72689E+01
   3681.18    14.265		0.72123E+01
   3687.33    14.273		0.71555E+01
   3693.48    14.282		0.70986E+01
   3699.65    14.291		0.70418E+01
   3705.82    14.300		0.69847E+01
   3712.01    14.309		0.69275E+01
   3718.20    14.318		0.68703E+01
   3724.41    14.327		0.68130E+01
   3730.63    14.336		0.67555E+01
   3736.85    14.345		0.66981E+01
   3743.09    14.355		0.66404E+01
   3749.34    14.354		0.66464E+01
   3755.60    14.365		0.65750E+01
   3761.87    14.370		0.65482E+01
   3768.15    14.376		0.65131E+01
   3774.44    14.373		0.65298E+01
   3780.74    14.372		0.65360E+01
   3787.05    14.377		0.65062E+01
   3793.37    14.397		0.63883E+01
   3799.70    14.362		0.65944E+01
   3806.04    14.383		0.64699E+01
   3812.40    14.356		0.66334E+01
   3818.76    14.352		0.66547E+01
   3825.14    14.381		0.64830E+01
   3831.52    14.428		0.62082E+01
   3837.92    14.399		0.63759E+01
   3844.32    14.398		0.63803E+01
   3850.74    14.339		0.67367E+01
   3857.17    14.299		0.69874E+01
   3863.60    14.291		0.70421E+01
   3870.05    14.320		0.68562E+01
   3876.51    14.383		0.64705E+01
   3882.98    14.468		0.59797E+01
   3889.47    14.474		0.59461E+01
   3895.96    14.484		0.58919E+01
   3902.46    14.394		0.64040E+01
   3908.98    14.309		0.69224E+01
   3915.50    14.243		0.73619E+01
   3922.04    14.197		0.76792E+01
   3928.58    14.178		0.78153E+01
   3935.14    14.183		0.77767E+01
   3941.71    14.219		0.75205E+01
   3948.29    14.280		0.71099E+01
   3954.88    14.366		0.65719E+01
   3961.48    14.466		0.59902E+01
   3968.09    14.553		0.55302E+01
   3974.72    14.543		0.55800E+01
   3981.35    14.462		0.60160E+01
   3988.00    14.363		0.65894E+01
   3994.65    14.277		0.71333E+01
   4001.32    14.206		0.76142E+01
   4008.00    14.151		0.80116E+01
   4014.69    14.109		0.83238E+01
   4021.39    14.080		0.85539E+01
   4028.10    14.062		0.86929E+01
   4034.83    14.055		0.87539E+01
   4041.56    14.059		0.87188E+01
   4048.31    14.072		0.86117E+01
   4055.07    14.097		0.84167E+01
   4061.84    14.135		0.81309E+01
   4068.62    14.186		0.77543E+01
   4075.41    14.254		0.72855E+01
   4082.21    14.339		0.67382E+01
   4089.02    14.439		0.61460E+01
   4095.85    14.548		0.55544E+01
   4102.69    14.686		0.48923E+01
   4109.54    14.564		0.54765E+01
   4116.40    14.450		0.60820E+01
   4123.27    14.353		0.66512E+01
   4130.15    14.272		0.71657E+01
   4137.04    14.201		0.76456E+01
   4143.95    14.150		0.80134E+01
   4150.87    14.109		0.83240E+01
   4157.79    14.077		0.85773E+01
   4164.73    14.055		0.87494E+01
   4171.69    14.037		0.88934E+01
   4178.65    14.025		0.89929E+01
   4185.62    14.017		0.90621E+01
   4192.61    14.011		0.91150E+01
   4199.61    14.008		0.91410E+01
   4206.62    14.005		0.91596E+01
   4213.64    14.006		0.91579E+01
   4220.67    14.007		0.91454E+01
   4227.72    14.010		0.91225E+01
   4234.78    14.014		0.90875E+01
   4241.85    14.019		0.90407E+01
   4248.93    14.027		0.89755E+01
   4256.02    14.037		0.88976E+01
   4263.12    14.048		0.88041E+01
   4270.24    14.064		0.86747E+01
   4277.37    14.084		0.85213E+01
   4284.51    14.109		0.83275E+01
   4291.66    14.143		0.80699E+01
   4298.82    14.184		0.77701E+01
   4306.00    14.238		0.73894E+01
   4313.19    14.307		0.69382E+01
   4320.38    14.387		0.64443E+01
   4327.60    14.483		0.59007E+01
   4334.82    14.615		0.52247E+01
   4342.06    14.770		0.45286E+01
   4349.30    14.601		0.52894E+01
   4356.56    14.478		0.59250E+01
   4363.84    14.387		0.64440E+01
   4371.12    14.312		0.69047E+01
   4378.42    14.250		0.73145E+01
   4385.73    14.199		0.76644E+01
   4393.04    14.164		0.79120E+01
   4400.38    14.136		0.81210E+01
   4407.72    14.114		0.82867E+01
   4415.08    14.100		0.83951E+01
   4422.45    14.089		0.84825E+01
   4429.83    14.080		0.85469E+01
   4437.23    14.075		0.85878E+01
   4444.63    14.072		0.86148E+01
   4452.05    14.071		0.86242E+01
   4459.48    14.070		0.86336E+01
   4466.93    14.068		0.86431E+01
   4474.38    14.067		0.86527E+01
   4481.85    14.067		0.86512E+01
   4489.33    14.068		0.86422E+01
   4496.83    14.070		0.86333E+01
   4504.33    14.071		0.86243E+01
   4511.85    14.072		0.86152E+01
   4519.38    14.074		0.86006E+01
   4526.93    14.076		0.85849E+01
   4534.48    14.078		0.85691E+01
   4542.05    14.080		0.85532E+01
   4549.63    14.082		0.85370E+01
   4557.23    14.084		0.85181E+01
   4564.84    14.087		0.84991E+01
   4572.46    14.089		0.84800E+01
   4580.09    14.091		0.84610E+01
   4587.73    14.094		0.84410E+01
   4595.39    14.097		0.84200E+01
   4603.06    14.099		0.83987E+01
   4610.75    14.102		0.83775E+01
   4618.44    14.105		0.83563E+01
   4626.15    14.108		0.83333E+01
   4633.87    14.111		0.83100E+01
   4641.61    14.114		0.82864E+01
   4649.35    14.117		0.82630E+01
   4657.12    14.120		0.82389E+01
   4664.89    14.124		0.82119E+01
   4672.68    14.127		0.81850E+01
   4680.48    14.131		0.81582E+01
   4688.29    14.135		0.81311E+01
   4696.12    14.139		0.80999E+01
   4703.95    14.143		0.80661E+01
   4711.81    14.148		0.80321E+01
   4719.67    14.153		0.79981E+01
   4727.55    14.157		0.79631E+01
   4735.44    14.164		0.79118E+01
   4743.34    14.171		0.78606E+01
   4751.26    14.178		0.78092E+01
   4759.19    14.186		0.77577E+01
   4767.14    14.195		0.76936E+01
   4775.09    14.206		0.76164E+01
   4783.06    14.219		0.75221E+01
   4791.05    14.236		0.74067E+01
   4799.05    14.256		0.72707E+01
   4807.06    14.280		0.71102E+01
   4815.08    14.314		0.68933E+01
   4823.12    14.356		0.66332E+01
   4831.17    14.407		0.63255E+01
   4839.23    14.474		0.59493E+01
   4847.31    14.556		0.55145E+01
   4855.40    14.705		0.48081E+01
   4863.51    14.904		0.40041E+01
   4871.62    14.665		0.49897E+01
   4879.76    14.544		0.55755E+01
   4887.90    14.469		0.59782E+01
   4896.06    14.406		0.63314E+01
   4904.23    14.363		0.65911E+01
   4912.42    14.328		0.68023E+01
   4920.62    14.302		0.69691E+01
   4928.83    14.283		0.70923E+01
   4937.06    14.270		0.71781E+01
   4945.30    14.260		0.72444E+01
   4953.56    14.253		0.72942E+01
   4961.83    14.247		0.73284E+01
   4970.11    14.248		0.73264E+01
   4978.40    14.249		0.73199E+01
   4986.71    14.250		0.73133E+01
   4995.04    14.251		0.73068E+01
   5003.38    14.252		0.73002E+01
   5011.73    14.253		0.72937E+01
   5020.09    14.254		0.72871E+01
   5028.47    14.255		0.72805E+01
   5036.87    14.256		0.72739E+01
   5045.27    14.257		0.72673E+01
   5053.69    14.258		0.72606E+01
   5062.13    14.259		0.72540E+01
   5070.58    14.260		0.72473E+01
   5079.04    14.261		0.72408E+01
   5087.52    14.262		0.72340E+01
   5096.01    14.263		0.72272E+01
   5104.52    14.264		0.72205E+01
   5113.04    14.265		0.72139E+01
   5121.58    14.266		0.72071E+01
   5130.12    14.267		0.71998E+01
   5138.69    14.269		0.71833E+01
   5147.27    14.272		0.71669E+01
   5155.86    14.274		0.71503E+01
   5164.46    14.277		0.71339E+01
   5173.08    14.279		0.71173E+01
   5181.72    14.282		0.71007E+01
   5190.37    14.284		0.70841E+01
   5199.03    14.287		0.70675E+01
   5207.71    14.289		0.70508E+01
   5216.40    14.292		0.70341E+01
   5225.11    14.295		0.70173E+01
   5233.83    14.297		0.70007E+01
   5242.57    14.300		0.69838E+01
   5251.32    14.302		0.69669E+01
   5260.08    14.305		0.69502E+01
   5268.87    14.308		0.69334E+01
   5277.66    14.310		0.69165E+01
   5286.47    14.313		0.68994E+01
   5295.29    14.316		0.68826E+01
   5304.13    14.318		0.68662E+01
   5312.99    14.321		0.68496E+01
   5321.85    14.323		0.68331E+01
   5330.74    14.326		0.68166E+01
   5339.64    14.329		0.68000E+01
   5348.55    14.331		0.67835E+01
   5357.48    14.334		0.67669E+01
   5366.42    14.337		0.67503E+01
   5375.38    14.339		0.67337E+01
   5384.35    14.342		0.67170E+01
   5393.34    14.345		0.67002E+01
   5402.34    14.347		0.66835E+01
   5411.36    14.350		0.66668E+01
   5420.39    14.353		0.66500E+01
   5429.44    14.356		0.66331E+01
   5438.50    14.358		0.66164E+01
   5447.58    14.361		0.65995E+01
   5456.67    14.364		0.65825E+01
   5465.78    14.367		0.65659E+01
   5474.90    14.369		0.65500E+01
   5484.04    14.372		0.65340E+01
   5493.20    14.375		0.65180E+01
   5502.37    14.377		0.65020E+01
   5511.55    14.380		0.64859E+01
   5520.75    14.383		0.64700E+01
   5529.97    14.385		0.64539E+01
   5539.20    14.388		0.64377E+01
   5548.44    14.391		0.64217E+01
   5557.71    14.394		0.64055E+01
   5566.98    14.396		0.63893E+01
   5576.27    14.399		0.63730E+01
   5585.58    14.402		0.63568E+01
   5594.91    14.405		0.63405E+01
   5604.25    14.407		0.63242E+01
   5613.60    14.410		0.63079E+01
   5622.97    14.413		0.62915E+01
   5632.36    14.416		0.62753E+01
   5641.76    14.419		0.62600E+01
   5651.17    14.421		0.62446E+01
   5660.61    14.424		0.62292E+01
   5670.06    14.427		0.62137E+01
   5679.52    14.429		0.61983E+01
   5689.00    14.432		0.61828E+01
   5698.50    14.435		0.61671E+01
   5708.01    14.438		0.61517E+01
   5717.54    14.440		0.61361E+01
   5727.08    14.443		0.61205E+01
   5736.64    14.446		0.61049E+01
   5746.22    14.449		0.60891E+01
   5755.81    14.451		0.60735E+01
   5765.42    14.454		0.60578E+01
   5775.04    14.457		0.60421E+01
   5784.68    14.460		0.60263E+01
   5794.34    14.463		0.60105E+01
   5804.01    14.465		0.59954E+01
   5813.70    14.468		0.59804E+01
   5823.40    14.471		0.59656E+01
   5833.12    14.474		0.59507E+01
   5842.86    14.476		0.59357E+01
   5852.61    14.479		0.59208E+01
   5862.38    14.482		0.59057E+01
   5872.17    14.485		0.58907E+01
   5881.97    14.487		0.58757E+01
   5891.79    14.490		0.58605E+01
   5901.62    14.493		0.58455E+01
   5911.47    14.496		0.58303E+01
   5921.34    14.499		0.58151E+01
   5931.22    14.501		0.58000E+01
   5941.12    14.504		0.57848E+01
   5951.04    14.507		0.57696E+01
   5960.97    14.510		0.57543E+01
   5970.92    14.513		0.57396E+01
   5980.89    14.516		0.57252E+01
   5990.87    14.518		0.57107E+01
   6000.87    14.521		0.56961E+01
   6010.89    14.524		0.56817E+01
   6020.92    14.527		0.56671E+01
   6030.97    14.529		0.56525E+01
   6041.04    14.532		0.56380E+01
   6051.12    14.535		0.56233E+01
   6061.23    14.538		0.56086E+01
   6071.34    14.541		0.55940E+01
   6081.48    14.544		0.55794E+01
   6091.63    14.546		0.55646E+01
   6101.80    14.549		0.55499E+01
   6111.98    14.552		0.55350E+01
   6122.19    14.555		0.55203E+01
   6132.40    14.558		0.55056E+01
   6142.64    14.561		0.54910E+01
   6152.89    14.564		0.54765E+01
   6163.16    14.567		0.54621E+01
   6173.45    14.569		0.54475E+01
   6183.76    14.572		0.54329E+01
   6194.08    14.575		0.54182E+01
   6204.42    14.578		0.54037E+01
   6214.77    14.581		0.53890E+01
   6225.15    14.584		0.53743E+01
   6235.54    14.587		0.53596E+01
   6245.95    14.590		0.53449E+01
   6256.37    14.593		0.53302E+01
   6266.82    14.596		0.53154E+01
   6277.28    14.599		0.53007E+01
   6287.75    14.602		0.52857E+01
   6298.25    14.605		0.52707E+01
   6308.76    14.610		0.52500E+01
   6319.29    14.614		0.52293E+01
   6329.84    14.618		0.52086E+01
   6340.41    14.623		0.51879E+01
   6350.99    14.627		0.51671E+01
   6361.59    14.631		0.51462E+01
   6372.21    14.636		0.51254E+01
   6382.85    14.640		0.51044E+01
   6393.50    14.645		0.50835E+01
   6404.17    14.649		0.50625E+01
   6414.87    14.654		0.50415E+01
   6425.57    14.658		0.50204E+01
   6436.30    14.663		0.49993E+01
   6447.04    14.667		0.49781E+01
   6457.80    14.672		0.49570E+01
   6468.58    14.678		0.49277E+01
   6479.38    14.689		0.48802E+01
   6490.20    14.702		0.48211E+01
   6501.03    14.719		0.47456E+01
   6511.88    14.742		0.46470E+01
   6522.75    14.773		0.45173E+01
   6533.64    14.815		0.43452E+01
   6544.54    14.871		0.41279E+01
   6555.47    14.965		0.37841E+01
   6566.41    15.110		0.33126E+01
   6577.37    14.919		0.39468E+01
   6588.35    14.859		0.41736E+01
   6599.35    14.812		0.43575E+01
   6610.36    14.779		0.44918E+01
   6621.40    14.767		0.45397E+01
   6632.45    14.765		0.45504E+01
   6643.52    14.762		0.45612E+01
   6654.61    14.760		0.45720E+01
   6665.72    14.757		0.45827E+01
   6676.85    14.755		0.45935E+01
   6687.99    14.752		0.46043E+01
   6699.15    14.750		0.46151E+01
   6710.34    14.747		0.46260E+01
   6721.54    14.744		0.46368E+01
   6732.76    14.742		0.46477E+01
   6744.00    14.739		0.46586E+01
   6755.25    14.737		0.46695E+01
   6766.53    14.734		0.46804E+01
   6777.82    14.732		0.46913E+01
   6789.14    14.729		0.47022E+01
   6800.47    14.731		0.46950E+01
   6811.82    14.734		0.46831E+01
   6823.19    14.736		0.46711E+01
   6834.58    14.739		0.46591E+01
   6845.99    14.742		0.46471E+01
   6857.42    14.745		0.46351E+01
   6868.86    14.748		0.46231E+01
   6880.33    14.750		0.46111E+01
   6891.81    14.753		0.45989E+01
   6903.32    14.756		0.45867E+01
   6914.84    14.759		0.45746E+01
   6926.38    14.762		0.45625E+01
   6937.94    14.765		0.45503E+01
   6949.52    14.768		0.45382E+01
   6961.12    14.771		0.45260E+01
   6972.75    14.774		0.45140E+01
   6984.38    14.776		0.45024E+01
   6996.04    14.779		0.44909E+01
   7007.72    14.782		0.44794E+01
   7019.42    14.785		0.44677E+01
   7031.13    14.788		0.44561E+01
   7042.87    14.790		0.44444E+01
   7054.63    14.793		0.44328E+01
   7066.40    14.796		0.44211E+01
   7078.20    14.799		0.44095E+01
   7090.01    14.802		0.43978E+01
   7101.85    14.805		0.43861E+01
   7113.70    14.808		0.43743E+01
   7125.58    14.811		0.43626E+01
   7137.47    14.814		0.43508E+01
   7149.38    14.816		0.43392E+01
   7161.32    14.819		0.43281E+01
   7173.27    14.822		0.43169E+01
   7185.25    14.825		0.43058E+01
   7197.24    14.828		0.42945E+01
   7209.25    14.831		0.42834E+01
   7221.29    14.833		0.42722E+01
   7233.34    14.836		0.42608E+01
   7245.42    14.839		0.42496E+01
   7257.51    14.842		0.42382E+01
   7269.62    14.845		0.42271E+01
   7281.76    14.848		0.42157E+01
   7293.91    14.851		0.42043E+01
   7306.09    14.854		0.41929E+01
   7318.28    14.857		0.41816E+01
   7330.50    14.859		0.41706E+01
   7342.73    14.862		0.41598E+01
   7354.99    14.865		0.41490E+01
   7367.27    14.868		0.41382E+01
   7379.57    14.871		0.41274E+01
   7391.88    14.874		0.41165E+01
   7404.22    14.877		0.41057E+01
   7416.58    14.879		0.40948E+01
   7428.96    14.882		0.40839E+01
   7441.36    14.885		0.40730E+01
   7453.78    14.888		0.40621E+01
   7466.23    14.891		0.40511E+01
   7478.69    14.894		0.40401E+01
   7491.17    14.897		0.40291E+01
   7503.68    14.900		0.40184E+01
   7516.20    14.903		0.40080E+01
   7528.75    14.905		0.39976E+01
   7541.31    14.908		0.39871E+01
   7553.90    14.911		0.39767E+01
   7566.51    14.914		0.39663E+01
   7579.14    14.917		0.39556E+01
   7591.79    14.920		0.39453E+01
   7604.46    14.923		0.39347E+01
   7617.16    14.926		0.39242E+01
   7629.87    14.929		0.39136E+01
   7642.61    14.932		0.39030E+01
   7655.37    14.934		0.38924E+01
   7668.15    14.937		0.38818E+01
   7680.94    14.940		0.38714E+01
   7693.77    14.943		0.38613E+01
   7706.61    14.946		0.38512E+01
   7719.47    14.949		0.38411E+01
   7732.36    14.952		0.38309E+01
   7745.26    14.955		0.38208E+01
   7758.19    14.958		0.38106E+01
   7771.14    14.960		0.38004E+01
   7784.12    14.963		0.37902E+01
   7797.11    14.966		0.37800E+01
   7810.12    14.969		0.37699E+01
   7823.16    14.972		0.37597E+01
   7836.22    14.975		0.37493E+01
   7849.30    14.978		0.37391E+01
   7862.40    14.981		0.37292E+01
   7875.52    14.984		0.37194E+01
   7888.67    14.987		0.37096E+01
   7901.84    14.990		0.36998E+01
   7915.03    14.992		0.36900E+01
   7928.24    14.995		0.36802E+01
   7941.47    14.998		0.36703E+01
   7954.73    15.001		0.36606E+01
   7968.01    15.004		0.36507E+01
   7981.31    15.007		0.36408E+01
   7994.63    15.010		0.36309E+01
   8007.98    15.013		0.36209E+01
   8021.34    15.016		0.36110E+01
   8034.73    15.019		0.36021E+01
   8048.14    15.021		0.35947E+01
   8061.58    15.023		0.35874E+01
   8075.03    15.025		0.35799E+01
   8088.51    15.028		0.35724E+01
   8102.02    15.030		0.35651E+01
   8115.54    15.032		0.35576E+01
   8129.08    15.034		0.35501E+01
   8142.65    15.037		0.35427E+01
   8156.25    15.039		0.35352E+01
   8169.86    15.041		0.35277E+01
   8183.50    15.044		0.35202E+01
   8197.16    15.046		0.35127E+01
   8210.84    15.049		0.35041E+01
   8224.55    15.052		0.34938E+01
   8238.27    15.055		0.34835E+01
   8252.03    15.058		0.34731E+01
   8265.80    15.061		0.34627E+01
   8279.60    15.065		0.34523E+01
   8293.42    15.068		0.34419E+01
   8307.26    15.071		0.34316E+01
   8321.13    15.075		0.34210E+01
   8335.02    15.078		0.34107E+01
   8348.93    15.081		0.34001E+01
   8362.87    15.085		0.33897E+01
   8376.83    15.088		0.33792E+01
   8390.81    15.091		0.33687E+01
   8404.82    15.095		0.33562E+01
   8418.84    15.100		0.33406E+01
   8432.90    15.106		0.33243E+01
   8446.97    15.111		0.33081E+01
   8461.07    15.116		0.32924E+01
   8475.20    15.121		0.32768E+01
   8489.34    15.127		0.32598E+01
   8503.51    15.131		0.32489E+01
   8517.71    15.137		0.32290E+01
   8531.93    15.142		0.32138E+01
   8546.17    15.145		0.32068E+01
   8560.43    15.152		0.31858E+01
   8574.72    15.158		0.31686E+01
   8589.04    15.161		0.31598E+01
   8603.37    15.163		0.31545E+01
   8617.73    15.171		0.31305E+01
   8632.12    15.176		0.31157E+01
   8646.53    15.180		0.31048E+01
   8660.96    15.180		0.31037E+01
   8675.42    15.185		0.30907E+01
   8689.90    15.192		0.30704E+01
   8704.40    15.196		0.30585E+01
   8718.93    15.200		0.30478E+01
   8733.49    15.203		0.30389E+01
   8748.06    15.201		0.30459E+01
   8762.67    15.207		0.30274E+01
   8777.29    15.214		0.30102E+01
   8791.95    15.217		0.30009E+01
   8806.62    15.220		0.29912E+01
   8821.32    15.224		0.29801E+01
   8836.04    15.229		0.29687E+01
   8850.79    15.231		0.29633E+01
   8865.57    15.220		0.29918E+01
   8880.37    15.236		0.29496E+01
   8895.19    15.238		0.29423E+01
   8910.04    15.239		0.29394E+01
   8924.91    15.241		0.29348E+01
   8939.81    15.244		0.29267E+01
   8954.73    15.249		0.29144E+01
   8969.68    15.255		0.28985E+01
   8984.65    15.261		0.28812E+01
   8999.65    15.266		0.28689E+01
   9014.67    15.254		0.29012E+01
   9029.72    15.268		0.28621E+01
   9044.79    15.270		0.28585E+01
   9059.89    15.267		0.28656E+01
   9075.01    15.264		0.28725E+01
   9090.16    15.263		0.28765E+01
   9105.33    15.263		0.28755E+01
   9120.53    15.266		0.28680E+01
   9135.75    15.271		0.28541E+01
   9151.00    15.279		0.28339E+01
   9166.28    15.289		0.28075E+01
   9181.58    15.301		0.27763E+01
   9196.91    15.314		0.27432E+01
   9212.26    15.325		0.27160E+01
   9227.63    15.315		0.27414E+01
   9243.04    15.330		0.27039E+01
   9258.47    15.328		0.27094E+01
   9273.92    15.319		0.27307E+01
   9289.40    15.310		0.27534E+01
   9304.91    15.302		0.27750E+01
   9320.44    15.296		0.27906E+01
   9336.00    15.291		0.28028E+01
   9351.58    15.288		0.28103E+01
   9367.19    15.288		0.28110E+01
   9382.83    15.289		0.28078E+01
   9398.49    15.293		0.27989E+01
   9414.18    15.299		0.27833E+01
   9429.89    15.306		0.27634E+01
   9445.63    15.317		0.27365E+01
   9461.40    15.330		0.27031E+01
   9477.19    15.346		0.26655E+01
   9493.01    15.364		0.26216E+01
   9508.86    15.383		0.25757E+01
   9524.73    15.402		0.25308E+01
   9540.63    15.411		0.25106E+01
   9556.55    15.412		0.25072E+01
   9572.50    15.409		0.25148E+01
   9588.48    15.395		0.25477E+01
   9604.49    15.381		0.25804E+01
   9620.52    15.368		0.26098E+01
   9636.58    15.356		0.26393E+01
   9652.66    15.347		0.26612E+01
   9668.78    15.341		0.26775E+01
   9684.92    15.334		0.26940E+01
   9701.08    15.331		0.27017E+01
   9717.27    15.329		0.27071E+01
   9733.49    15.327		0.27126E+01
   9749.74    15.327		0.27104E+01
   9766.02    15.328		0.27083E+01
   9782.32    15.330		0.27047E+01
   9798.65    15.333		0.26969E+01
   9815.00    15.336		0.26889E+01
   9831.39    15.340		0.26780E+01
   9847.80    15.346		0.26641E+01
   9864.23    15.352		0.26502E+01
   9880.70    15.360		0.26297E+01
   9897.19    15.369		0.26075E+01
   9913.71    15.379		0.25844E+01
   9930.26    15.393		0.25504E+01
   9946.84    15.408		0.25164E+01
   9963.44    15.425		0.24772E+01
   9980.07    15.446		0.24291E+01
   9996.73    15.468		0.23808E+01
  10013.42    15.493		0.23271E+01
  10030.13    15.521		0.22682E+01
  10046.87    15.548		0.22116E+01
  10063.64    15.543		0.22220E+01
  10080.44    15.519		0.22720E+01
  10097.27    15.498		0.23173E+01
  10114.12    15.482		0.23508E+01
  10131.01    15.469		0.23792E+01
  10147.92    15.456		0.24077E+01
  10164.86    15.443		0.24362E+01
  10181.82    15.431		0.24648E+01
  10198.82    15.426		0.24745E+01
  10215.84    15.423		0.24814E+01
  10232.90    15.420		0.24883E+01
  10249.98    15.417		0.24953E+01
  10267.09    15.414		0.25017E+01
  10284.22    15.415		0.24994E+01
  10301.39    15.416		0.24971E+01
  10318.59    15.417		0.24949E+01
  10335.81    15.418		0.24925E+01
  10353.06    15.420		0.24895E+01
  10370.34    15.422		0.24840E+01
  10387.65    15.425		0.24785E+01
  10404.99    15.427		0.24730E+01
  10422.36    15.429		0.24675E+01
  10439.76    15.432		0.24612E+01
  10457.18    15.435		0.24544E+01
  10474.64    15.438		0.24476E+01
  10492.12    15.441		0.24408E+01
  10509.64    15.444		0.24339E+01
  10527.18    15.448		0.24264E+01
  10544.75    15.451		0.24186E+01
  10562.35    15.455		0.24107E+01
  10579.99    15.458		0.24029E+01
  10597.65    15.462		0.23947E+01
  10615.33    15.466		0.23853E+01
  10633.05    15.471		0.23757E+01
  10650.80    15.475		0.23661E+01
  10668.58    15.479		0.23565E+01
  10686.39    15.485		0.23446E+01
  10704.23    15.491		0.23306E+01
  10722.09    15.498		0.23165E+01
  10739.99    15.505		0.23024E+01
  10757.92    15.511		0.22884E+01
  10775.88    15.523		0.22632E+01
  10793.86    15.536		0.22373E+01
  10811.88    15.548		0.22114E+01
  10829.93    15.561		0.21854E+01
  10848.01    15.576		0.21554E+01
  10866.11    15.596		0.21164E+01
  10884.25    15.617		0.20759E+01
  10902.42    15.642		0.20288E+01
  10920.62    15.674		0.19703E+01
  10938.85    15.711		0.19043E+01
  10957.11    15.689		0.19432E+01
  10975.40    15.659		0.19974E+01
  10993.72    15.639		0.20335E+01
  11012.07    15.623		0.20652E+01
  11030.45    15.608		0.20928E+01
  11048.86    15.599		0.21108E+01
  11067.30    15.594		0.21213E+01
  11085.78    15.588		0.21317E+01
  11104.28    15.583		0.21422E+01
  11122.82    15.578		0.21526E+01
  11141.38    15.572		0.21631E+01
  11159.98    15.571		0.21657E+01
  11178.61    15.572		0.21640E+01
  11197.27    15.573		0.21623E+01
  11215.96    15.574		0.21606E+01
  11234.68    15.574		0.21588E+01
  11253.43    15.575		0.21571E+01
  11272.22    15.578		0.21523E+01
  11291.03    15.580		0.21475E+01
  11309.88    15.583		0.21426E+01
  11328.76    15.585		0.21378E+01
  11347.67    15.588		0.21329E+01
  11366.61    15.590		0.21278E+01
  11385.58    15.593		0.21222E+01
  11404.59    15.596		0.21164E+01
  11423.63    15.599		0.21106E+01
  11442.70    15.602		0.21050E+01
  11461.80    15.605		0.20992E+01
  11480.93    15.608		0.20934E+01
  11500.09    15.611		0.20876E+01
  11519.29    15.614		0.20818E+01
  11538.52    15.617		0.20758E+01
  11557.78    15.620		0.20700E+01
  11577.07    15.623		0.20641E+01
  11596.39    15.626		0.20583E+01
  11615.75    15.629		0.20523E+01
  11635.14    15.633		0.20463E+01
  11654.56    15.636		0.20404E+01
  11674.01    15.639		0.20344E+01
  11693.50    15.642		0.20286E+01
  11713.02    15.645		0.20227E+01
  11732.57    15.648		0.20169E+01
  11752.16    15.651		0.20110E+01
  11771.77    15.655		0.20051E+01
  11791.42    15.658		0.19992E+01
  11811.10    15.661		0.19934E+01
  11830.82    15.664		0.19876E+01
  11850.57    15.667		0.19817E+01
  11870.35    15.671		0.19758E+01
  11890.16    15.674		0.19700E+01
  11910.01    15.677		0.19642E+01
  11929.89    15.680		0.19584E+01
  11949.80    15.683		0.19527E+01
  11969.75    15.687		0.19468E+01
  11989.73    15.690		0.19411E+01
  12009.74    15.692		0.19382E+01
