3700 0.727878 0
3705 0.757927 0
3710 0.791144 0
3715 0.830737 0
3720 0.876853 0
3725 0.929938 0
3730 0.987365 0
3735 1.05034 0
3740 1.14201 0
3745 1.23998 0
3750 1.3301 0
3755 1.41369 0
3760 1.49727 0
3765 1.58087 0
3770 1.65022 0
3775 1.71917 0
3780 1.78806 0
3785 1.85765 0
3790 1.91121 0
3795 1.97903 0
3800 2.03024 0
3805 2.0801 0
3810 2.14163 0
3815 2.18496 0
3820 2.22523 0
3825 2.2603 0
3830 2.29341 0
3835 2.32809 0
3840 2.36691 0
3845 2.38466 0
3850 2.41627 0
3855 2.44302 0
3860 2.46637 0
3865 2.45292 0
3870 2.44277 0
3875 2.41773 0
3880 2.40757 0
3885 2.38356 0
3890 2.37762 0
3895 2.38229 0
3900 2.41358 0
3905 2.42442 0
3910 2.43807 0
3915 2.46624 0
3920 2.46859 0
3925 2.48258 0
3930 2.48883 0
3935 2.49967 0
3940 2.51233 0
3945 2.51883 0
3950 2.53704 0
3955 2.53929 0
3960 2.54275 0
3965 2.555 0
3970 2.56153 0
3975 2.56578 0
3980 2.56825 0
3985 2.57204 0
3990 2.57036 0
3995 2.57156 0
4000 2.56356 0
4005 2.56849 0
4010 2.57574 0
4015 2.57685 0
4020 2.56886 0
4025 2.57297 0
4030 2.58283 0
4035 2.57773 0
4040 2.57705 0
4045 2.56816 0
4050 2.57703 0
4055 2.56551 0
4060 2.55994 0
4065 2.55632 0
4070 2.54293 0
4075 2.53572 0
4080 2.53084 0
4085 2.51335 0
4090 2.50058 0
4095 2.48805 0
4100 2.47886 0
4105 2.47413 0
4110 2.46159 0
4115 2.44793 0
4120 2.43322 0
4125 2.42174 0
4130 2.40717 0
4135 2.39698 0
4140 2.38325 0
4145 2.37075 0
4150 2.35199 0
4155 2.33725 0
4160 2.32336 0
4165 2.31116 0
4170 2.29361 0
4175 2.27494 0
4180 2.25095 0
4185 2.22631 0
4190 2.19796 0
4195 2.16546 0
4200 2.12799 0
4205 2.08585 0
4210 2.04085 0
4215 1.99932 0
4220 1.95513 0
4225 1.94203 0
4230 1.94164 0
4235 1.93863 0
4240 1.93319 0
4245 1.93027 0
4250 1.91533 0
4255 1.90393 0
4260 1.89494 0
4265 1.8911 0
4270 1.88945 0
4275 1.88032 0
4280 1.89192 0
4285 1.88826 0
4290 1.88721 0
4295 1.8906 0
4300 1.918 0
4305 1.92191 0
4310 1.92875 0
4315 1.93438 0
4320 1.94383 0
4325 1.93251 0
4330 1.94216 0
4335 1.95584 0
4340 1.96981 0
4345 1.98541 0
4350 1.9797 0
4355 1.99655 0
4360 1.99432 0
4365 2.01507 0
4370 2.03418 0
4375 2.03279 0
4380 2.0506 0
4385 2.04902 0
4390 2.04958 0
4395 2.06706 0
4400 2.06481 0
4405 2.08348 0
4410 2.07937 0
4415 2.0753 0
4420 2.06794 0
4425 2.08071 0
4430 2.07029 0
4435 2.05794 0
4440 2.04237 0
4445 2.02429 0
4450 2.02685 0
4455 2.00367 0
4460 1.98145 0
4465 1.96456 0
4470 1.95106 0
4475 1.94347 0
4480 1.93766 0
4485 1.93453 0
4490 1.92958 0
4495 1.92337 0
4500 1.91529 0
4505 1.9056 0
4510 1.89605 0
4515 1.88527 0
4520 1.87475 0
4525 1.86573 0
4530 1.85467 0
4535 1.84158 0
4540 1.83026 0
4545 1.8207 0
4550 1.82079 0
4555 1.82149 0
4560 1.82222 0
4565 1.82282 0
4570 1.82263 0
4575 1.82178 0
4580 1.82146 0
4585 1.81945 0
4590 1.82057 0
4595 1.81691 0
4600 1.82 0
4605 1.8153 0
4610 1.81188 0
4615 1.80513 0
4620 1.8016 0
4625 1.79589 0
4630 1.78732 0
4635 1.77225 0
4640 1.76358 0
4645 1.75229 0
4650 1.74239 0
4655 1.73135 0
4660 1.71532 0
4665 1.70242 0
4670 1.68836 0
4675 1.66983 0
4680 1.65396 0
4685 1.64837 0
4690 1.64426 0
4695 1.63538 0
4700 1.62691 0
4705 1.61742 0
4710 1.61182 0
4715 1.59935 0
4720 1.57686 0
4725 1.55417 0
4730 1.52743 0
4735 1.49473 0
4740 1.46211 0
4745 1.43096 0
4750 1.40358 0
4755 1.38725 0
4760 1.37416 0
4765 1.36566 0
4770 1.37299 0
4775 1.37399 0
4780 1.37911 0
4785 1.38502 0
4790 1.38261 0
4795 1.38459 0
4800 1.38408 0
4805 1.38885 0
4810 1.39233 0
4815 1.39104 0
4820 1.40222 0
4825 1.40427 0
4830 1.40453 0
4835 1.41934 0
4840 1.42705 0
4845 1.4342 0
4850 1.44039 0
4855 1.44882 0
4860 1.46137 0
4865 1.47222 0
4870 1.48428 0
4875 1.48662 0
4880 1.49325 0
4885 1.5041 0
4890 1.51812 0
4895 1.51712 0
4900 1.52934 0
4905 1.54496 0
4910 1.55061 0
4915 1.57316 0
4920 1.58853 0
4925 1.60921 0
4930 1.62237 0
4935 1.6457 0
4940 1.6549 0
4945 1.67717 0
4950 1.6877 0
4955 1.69234 0
4960 1.71789 0
4965 1.72282 0
4970 1.7319 0
4975 1.74607 0
4980 1.75179 0
4985 1.75607 0
4990 1.7602 0
4995 1.77222 0
5000 1.7735 0
5005 1.77581 0
5010 1.7753 0
5015 1.77433 0
5020 1.78294 0
5025 1.78078 0
5030 1.77764 0
5035 1.77449 0
5040 1.77768 0
5045 1.78156 0
5050 1.77735 0
5055 1.78094 0
5060 1.77433 0
5065 1.77906 0
5070 1.77338 0
5075 1.77615 0
5080 1.76519 0
5085 1.76598 0
5090 1.75626 0
5095 1.75139 0
5100 1.74482 0
5105 1.73089 0
5110 1.72109 0
5115 1.70729 0
5120 1.69766 0
5125 1.69068 0
5130 1.67628 0
5135 1.66585 0
5140 1.65735 0
5145 1.65724 0
5150 1.6439 0
5155 1.64003 0
5160 1.63704 0
5165 1.63408 0
5170 1.62889 0
5175 1.62836 0
5180 1.61713 0
5185 1.6129 0
5190 1.60657 0
5195 1.60352 0
5200 1.59849 0
5205 1.59163 0
5210 1.58318 0
5215 1.57496 0
5220 1.5701 0
5225 1.56698 0
5230 1.56024 0
5235 1.55501 0
5240 1.55035 0
5245 1.54501 0
5250 1.54089 0
5255 1.53939 0
5260 1.5315 0
5265 1.52731 0
5270 1.51898 0
5275 1.51305 0
5280 1.50466 0
5285 1.49721 0
5290 1.48999 0
5295 1.48767 0
5300 1.47348 0
5305 1.46818 0
5310 1.45639 0
5315 1.44198 0
5320 1.43727 0
5325 1.43401 0
5330 1.42985 0
5335 1.42657 0
5340 1.42651 0
5345 1.42664 0
5350 1.42768 0
5355 1.42357 0
5360 1.43195 0
5365 1.42886 0
5370 1.42634 0
5375 1.42516 0
5380 1.42825 0
5385 1.42803 0
5390 1.4268 0
5395 1.42554 0
5400 1.42724 0
5405 1.42726 0
5410 1.42512 0
5415 1.431 0
5420 1.43063 0
5425 1.42956 0
5430 1.43141 0
5435 1.42684 0
5440 1.42946 0
5445 1.42667 0
5450 1.42382 0
5455 1.42319 0
5460 1.42375 0
5465 1.4191 0
5470 1.42221 0
5475 1.4175 0
5480 1.41739 0
5485 1.41527 0
5490 1.41338 0
5495 1.41289 0
5500 1.41086 0
5505 1.40727 0
5510 1.40412 0
5515 1.40516 0
5520 1.40353 0
5525 1.39919 0
5530 1.39915 0
5535 1.39774 0
5540 1.39261 0
5545 1.39284 0
5550 1.38974 0
5555 1.38465 0
5560 1.37925 0
5565 1.37619 0
5570 1.37467 0
5575 1.36954 0
5580 1.36082 0
5585 1.35285 0
5590 1.34334 0
5595 1.33015 0
5600 1.31983 0
5605 1.30821 0
5610 1.29467 0
5615 1.28406 0
5620 1.27494 0
5625 1.26685 0
5630 1.25862 0
5635 1.25596 0
5640 1.25299 0
5645 1.25376 0
5650 1.2492 0
5655 1.24905 0
5660 1.24689 0
5665 1.24442 0
5670 1.23928 0
5675 1.23908 0
5680 1.23802 0
5685 1.23366 0
5690 1.22963 0
5695 1.22958 0
5700 1.22621 0
5705 1.22357 0
5710 1.22084 0
5715 1.21814 0
5720 1.21603 0
5725 1.21356 0
5730 1.20967 0
5735 1.20795 0
5740 1.2016 0
5745 1.20029 0
5750 1.19687 0
5755 1.19517 0
5760 1.18969 0
5765 1.18595 0
5770 1.18491 0
5775 1.17705 0
5780 1.17682 0
5785 1.1693 0
5790 1.16882 0
5795 1.16259 0
5800 1.16302 0
5805 1.1565 0
5810 1.1543 0
5815 1.14889 0
5820 1.14599 0
5825 1.13933 0
5830 1.13505 0
5835 1.1252 0
5840 1.1161 0
5845 1.10919 0
5850 1.09691 0
5855 1.08388 0
5860 1.07666 0
5865 1.06196 0
5870 1.04658 0
5875 1.03063 0
5880 1.01856 0
5885 1.00325 0
5890 0.985332 0
5895 0.966523 0
5900 0.95149 0
5905 0.931154 0
5910 0.910429 0
5915 0.890826 0
5920 0.869179 0
5925 0.847138 0
5930 0.825231 0
5935 0.805595 0
5940 0.779741 0
5945 0.754777 0
5950 0.731157 0
5955 0.708583 0
5960 0.686825 0
5965 0.665635 0
5970 0.646148 0
5975 0.628304 0
5980 0.612634 0
5985 0.601245 0
5990 0.592658 0
5995 0.587307 0
6000 0.585727 0
6005 0.590545 0
6010 0.60098 0
6015 0.61376 0
6020 0.625325 0
6025 0.635923 0
6030 0.646674 0
6035 0.659891 0
6040 0.673111 0
6045 0.682456 0
6050 0.698151 0
6055 0.708585 0
6060 0.725192 0
6065 0.736653 0
6070 0.749023 0
6075 0.761884 0
6080 0.774422 0
6085 0.787732 0
6090 0.801557 0
6095 0.813705 0
6100 0.828528 0
6105 0.842276 0
6110 0.855412 0
6115 0.870304 0
6120 0.87659 0
6125 0.89004 0
6130 0.903899 0
6135 0.918376 0
6140 0.922418 0
6145 0.93568 0
6150 0.93987 0
6155 0.953196 0
6160 0.964397 0
6165 0.967528 0
6170 0.976597 0
6175 0.975932 0
6180 0.983928 0
6185 0.980637 0
6190 0.985781 0
6195 0.980487 0
6200 0.979415 0
6205 0.995479 0
6210 0.999189 0
6215 1.01377 0
6220 1.02177 0
6225 1.02571 0
6230 1.03963 0
6235 1.0392 0
6240 1.04626 0
6245 1.05545 0
6250 1.06207 0
6255 1.06291 0
6260 1.064 0
6265 1.0823 0
6270 1.08355 0
6275 1.08486 0
6280 1.08633 0
6285 1.08814 0
6290 1.099 0
6295 1.1011 0
6300 1.09577 0
6305 1.09788 0
6310 1.10012 0
6315 1.1027 0
6320 1.1054 0
6325 1.10719 0
6330 1.10984 0
6335 1.11267 0
6340 1.10618 0
6345 1.10919 0
6350 1.10295 0
6355 1.10609 0
6360 1.10944 0
6365 1.10315 0
6370 1.10669 0
6375 1.10049 0
6380 1.10425 0
6385 1.09812 0
6390 1.09198 0
6395 1.09586 0
6400 1.08975 0
6405 1.09385 0
6410 1.08798 0
6415 1.08206 0
6420 1.0865 0
6425 1.08098 0
6430 1.07545 0
6435 1.08038 0
6440 1.07547 0
6445 1.07066 0
6450 1.07598 0
6455 1.07142 0
6460 1.06692 0
6465 1.06253 0
6470 1.06825 0
6475 1.06408 0
6480 1.05999 0
6485 1.05616 0
6490 1.05226 0
6495 1.05852 0
6500 1.05476 0
6505 1.05111 0
6510 1.04755 0
6515 1.04395 0
6520 1.04038 0
6525 1.03688 0
6530 1.04347 0
6535 1.04009 0
6540 1.03665 0
6545 1.03319 0
6550 1.0296 0
6555 1.02608 0
6560 1.02248 0
6565 1.01875 0
6570 1.01514 0
6575 1.01141 0
6580 1.00781 0
6585 1.00431 0
6590 1.00078 0
6595 0.997055 0
6600 0.993506 0
6605 0.989751 0
6610 0.986193 0
6615 0.982437 0
6620 0.978735 0
6625 0.974988 0
6630 0.97108 0
6635 0.967315 0
6640 0.963415 0
6645 0.959765 0
6650 0.956119 0
6655 0.952337 0
6660 0.948567 0
6665 0.944782 0
6670 0.940989 0
6675 0.937361 0
6680 0.933596 0
6685 0.929921 0
6690 0.926295 0
6695 0.922675 0
6700 0.919069 0
6705 0.915459 0
6710 0.911724 0
6715 0.908422 0
6720 0.904975 0
6725 0.901337 0
6730 0.897886 0
6735 0.894292 0
6740 0.891095 0
6745 0.887511 0
6750 0.884089 0
6755 0.880462 0
6760 0.877014 0
6765 0.873289 0
6770 0.869667 0
6775 0.865748 0
6780 0.862072 0
6785 0.857839 0
6790 0.853398 0
6795 0.848941 0
6800 0.84401 0
6805 0.838792 0
6810 0.83376 0
6815 0.82925 0
6820 0.826968 0
6825 0.825138 0
6830 0.82293 0
6835 0.82044 0
6840 0.819536 0
6845 0.816804 0
6850 0.814832 0
6855 0.813768 0
6860 0.811106 0
6865 0.810808 0
6870 0.808509 0
6875 0.806354 0
6880 0.805865 0
6885 0.804034 0
6890 0.802555 0
6895 0.800997 0
6900 0.799577 0
6905 0.798285 0
6910 0.797121 0
6915 0.794282 0
6920 0.792472 0
6925 0.791609 0
6930 0.791099 0
6935 0.790492 0
6940 0.78715 0
6945 0.78672 0
6950 0.785505 0
6955 0.783254 0
6960 0.783118 0
6965 0.780112 0
6970 0.780126 0
6975 0.779321 0
6980 0.777433 0
6985 0.776793 0
6990 0.775041 0
6995 0.77455 0
7000 0.772946 0
7005 0.772604 0
7010 0.77114 0
7015 0.76878 0
7020 0.768646 0
7025 0.767364 0
7030 0.767393 0
7035 0.766253 0
7040 0.764196 0
7045 0.764423 0
7050 0.763476 0
7055 0.761595 0
7060 0.762015 0
7065 0.761264 0
7070 0.759551 0
7075 0.760141 0
7080 0.758555 0
7085 0.758001 0
7090 0.756491 0
7095 0.75726 0
7100 0.75583 0
7105 0.754439 0
7110 0.754062 0
7115 0.754968 0
7120 0.753646 0
7125 0.752332 0
7130 0.75103 0
7135 0.75072 0
7140 0.751685 0
7145 0.750416 0
7150 0.749132 0
7155 0.747922 0
7160 0.746726 0
7165 0.745524 0
7170 0.744341 0
7175 0.744089 0
7180 0.742898 0
7185 0.743913 0
7190 0.742652 0
7195 0.741435 0
7200 0.740128 0
7205 0.738794 0
7210 0.73751 0
7215 0.736123 0
7220 0.734706 0
7225 0.733259 0
7230 0.73178 0
7235 0.730268 0
7240 0.728723 0
7245 0.727144 0
7250 0.72553 0
7255 0.723783 0
7260 0.722092 0
7265 0.720363 0
7270 0.718594 0
7275 0.716681 0
7280 0.714826 0
7285 0.712928 0
7290 0.710863 0
7295 0.708853 0
7300 0.706814 0
7305 0.704643 0
7310 0.702539 0
7315 0.700278 0
7320 0.698068 0
7325 0.695629 0
7330 0.693065 0
7335 0.690214 0
7340 0.686704 0
7345 0.682666 0
7350 0.678686 0
7355 0.67462 0
7360 0.670475 0
7365 0.666421 0
7370 0.662271 0
7375 0.658152 0
7380 0.65401 0
7385 0.649765 0
7390 0.645778 0
7395 0.642724 0
7400 0.639799 0
7405 0.637154 0
7410 0.63461 0
7415 0.631627 0
7420 0.628856 0
7425 0.625785 0
7430 0.623559 0
7435 0.620658 0
7440 0.620132 0
7445 0.618311 0
7450 0.616806 0
7455 0.615327 0
7460 0.614035 0
7465 0.612773 0
7470 0.611194 0
7475 0.609925 0
7480 0.608297 0
7485 0.607462 0
7490 0.605778 0
7495 0.604559 0
7500 0.603159 0
7505 0.600741 0
7510 0.599822 0
7515 0.598752 0
7520 0.596882 0
7525 0.595904 0
7530 0.595312 0
7535 0.592926 0
7540 0.592348 0
7545 0.5917 0
7550 0.588415 0
7555 0.587752 0
7560 0.586165 0
7565 0.583996 0
7570 0.582333 0
7575 0.581993 0
7580 0.578559 0
7585 0.57826 0
7590 0.575955 0
7595 0.574514 0
7600 0.57226 0
7605 0.569653 0
7610 0.569226 0
7615 0.56682 0
7620 0.565099 0
7625 0.563231 0
7630 0.561877 0
7635 0.560069 0
7640 0.557322 0
7645 0.55523 0
7650 0.551912 0
7655 0.551462 0
7660 0.547955 0
7665 0.544284 0
7670 0.543668 0
7675 0.539821 0
7680 0.53599 0
7685 0.5337 0
7690 0.53092 0
7695 0.526656 0
7700 0.524173 0
7705 0.519688 0
7710 0.515222 0
7715 0.512916 0
7720 0.508612 0
7725 0.50376 0
7730 0.498693 0
7735 0.494661 0
7740 0.489469 0
7745 0.485798 0
7750 0.480286 0
7755 0.47483 0
7760 0.470386 0
7765 0.46473 0
7770 0.459073 0
7775 0.453627 0
7780 0.447616 0
7785 0.441582 0
7790 0.43743 0
7795 0.43107 0
7800 0.424514 0
7805 0.417973 0
7810 0.411336 0
7815 0.404518 0
7820 0.398073 0
7825 0.391103 0
7830 0.384164 0
7835 0.378103 0
7840 0.371056 0
7845 0.363902 0
7850 0.356775 0
7855 0.349563 0
7860 0.342493 0
7865 0.335308 0
7870 0.328219 0
7875 0.321135 0
7880 0.314204 0
7885 0.307674 0
7890 0.301204 0
7895 0.294781 0
7900 0.288585 0
7905 0.282365 0
7910 0.276341 0
7915 0.270426 0
7920 0.266863 0
7925 0.265495 0
7930 0.264068 0
7935 0.26275 0
7940 0.261385 0
7945 0.260075 0
7950 0.258932 0
7955 0.257797 0
7960 0.256774 0
7965 0.25573 0
7970 0.254802 0
7975 0.25374 0
7980 0.252969 0
7985 0.251974 0
7990 0.251092 0
7995 0.250373 0
8000 0.249726 0
8005 0.248987 0
8010 0.248341 0
8015 0.248048 0
8020 0.247699 0
8025 0.247544 0
8030 0.248401 0
8035 0.250932 0
8040 0.253787 0
8045 0.256965 0
8050 0.2625 0
8055 0.269079 0
8060 0.275551 0
8065 0.2812 0
8070 0.288794 0
8075 0.294415 0
8080 0.300693 0
8085 0.307782 0
8090 0.31351 0
8095 0.318634 0
8100 0.326404 0
8105 0.33209 0
8110 0.337121 0
8115 0.34324 0
8120 0.3484 0
8125 0.354593 0
8130 0.35999 0
8135 0.366006 0
8140 0.37158 0
8145 0.376272 0
8150 0.377947 0
8155 0.382153 0
8160 0.386197 0
8165 0.392487 0
8170 0.396651 0
8175 0.403901 0
8180 0.41032 0
8185 0.414124 0
8190 0.42136 0
8195 0.424817 0
8200 0.431752 0
8205 0.438741 0
8210 0.443442 0
8215 0.449837 0
8220 0.454042 0
8225 0.460133 0
8230 0.464452 0
8235 0.471036 0
8240 0.474908 0
8245 0.482039 0
8250 0.486029 0
8255 0.489753 0
8260 0.496115 0
8265 0.496632 0
8270 0.502237 0
8275 0.504927 0
8280 0.507605 0
8285 0.511241 0
8290 0.514009 0
8295 0.516726 0
8300 0.520311 0
8305 0.523052 0
8310 0.523755 0
8315 0.529476 0
8320 0.53003 0
8325 0.532807 0
8330 0.539006 0
8335 0.539325 0
8340 0.542093 0
8345 0.54248 0
8350 0.548536 0
8355 0.549015 0
8360 0.549246 0
8365 0.551954 0
8370 0.552285 0
8375 0.55809 0
8380 0.558295 0
8385 0.558525 0
8390 0.561378 0
8395 0.561486 0
8400 0.567247 0
8405 0.567322 0
8410 0.567303 0
8415 0.57003 0
8420 0.570049 0
8425 0.570062 0
8430 0.575664 0
8435 0.575551 0
8440 0.575618 0
8445 0.575462 0
8450 0.577954 0
8455 0.577665 0
8460 0.577428 0
8465 0.577183 0
8470 0.57952 0
8475 0.579083 0
8480 0.581422 0
8485 0.580828 0
8490 0.582972 0
8495 0.582317 0
8500 0.581581 0
8505 0.580763 0
8510 0.579868 0
8515 0.578893 0
8520 0.58055 0
8525 0.579402 0
8530 0.578197 0
8535 0.576909 0
8540 0.575458 0
8545 0.573952 0
8550 0.575035 0
8555 0.573221 0
8560 0.571314 0
8565 0.569315 0
8570 0.567139 0
8575 0.564883 0
8580 0.562407 0
8585 0.559835 0
8590 0.557025 0
8595 0.554109 0
8600 0.553624 0
8605 0.550319 0
8610 0.546775 0
8615 0.54308 0
8620 0.539129 0
8625 0.535044 0
8630 0.530673 0
8635 0.526102 0
8640 0.521384 0
8645 0.516393 0
8650 0.51128 0
8655 0.506035 0
8660 0.500621 0
8665 0.495126 0
8670 0.489463 0
8675 0.48373 0
8680 0.478126 0
8685 0.47374 0
8690 0.470286 0
8695 0.467116 0
8700 0.464617 0
8705 0.461689 0
8710 0.458537 0
8715 0.458016 0
8720 0.457547 0
8725 0.455505 0
8730 0.45374 0
8735 0.453954 0
8740 0.452921 0
8745 0.451167 0
8750 0.45062 0
8755 0.449138 0
8760 0.447834 0
8765 0.446649 0
8770 0.446963 0
8775 0.444124 0
8780 0.443317 0
8785 0.442682 0
8790 0.440655 0
8795 0.440352 0
8800 0.437619 0
8805 0.436294 0
8810 0.434753 0
8815 0.431167 0
8820 0.428487 0
8825 0.42521 0
8830 0.424279 0
8835 0.421945 0
8840 0.419125 0
8845 0.418792 0
8850 0.414495 0
8855 0.414329 0
8860 0.41049 0
8865 0.410907 0
8870 0.41042 0
8875 0.41122 0
8880 0.411646 0
8885 0.412309 0
8890 0.412685 0
8895 0.411688 0
8900 0.414125 0
8905 0.413419 0
8910 0.414319 0
8915 0.41471 0
8920 0.41347 0
8925 0.418183 0
8930 0.417097 0
8935 0.416223 0
8940 0.420012 0
8945 0.419398 0
8950 0.420801 0
8955 0.421432 0
8960 0.420959 0
8965 0.422799 0
8970 0.425242 0
8975 0.425119 0
8980 0.42568 0
8985 0.425654 0
8990 0.428573 0
8995 0.426791 0
9000 0.429377 0
9005 0.429604 0
9010 0.430786 0
9015 0.433175 0
9020 0.432035 0
9025 0.432543 0
9030 0.431432 0
9035 0.434678 0
9040 0.43548 0
9045 0.436507 0
9050 0.435184 0
9055 0.436378 0
9060 0.439779 0
9065 0.440766 0
9070 0.439866 0
9075 0.440992 0
9080 0.440271 0
9085 0.441908 0
9090 0.442682 0
9095 0.444222 0
9100 0.445823 0
9105 0.445039 0
9110 0.444513 0
9115 0.446211 0
9120 0.445691 0
9125 0.446728 0
9130 0.448554 0
9135 0.448077 0
9140 0.44762 0
9145 0.449515 0
9150 0.450654 0
9155 0.450178 0
9160 0.452092 0
9165 0.451626 0
9170 0.451107 0
9175 0.452152 0
9180 0.454123 0
9185 0.453706 0
9190 0.453242 0
9195 0.452807 0
9200 0.454792 0
9205 0.45425 0
9210 0.453826 0
9215 0.45335 0
9220 0.45281 0
9225 0.454787 0
9230 0.454218 0
9235 0.453706 0
9240 0.45315 0
9245 0.452625 0
9250 0.452042 0
9255 0.453931 0
9260 0.453304 0
9265 0.452681 0
9270 0.452028 0
9275 0.451462 0
9280 0.450794 0
9285 0.450124 0
9290 0.451859 0
9295 0.45113 0
9300 0.450474 0
9305 0.449666 0
9310 0.448984 0
9315 0.448147 0
9320 0.447368 0
9325 0.446655 0
9330 0.445794 0
9335 0.445043 0
9340 0.4443 0
9345 0.445952 0
9350 0.445091 0
9355 0.444383 0
9360 0.443499 0
9365 0.442709 0
9370 0.441819 0
9375 0.44109 0
9380 0.440184 0
9385 0.439282 0
9390 0.438445 0
9395 0.437614 0
9400 0.436781 0
9405 0.435865 0
9410 0.434952 0
9415 0.43418 0
9420 0.433248 0
9425 0.432326 0
9430 0.431433 0
9435 0.430516 0
9440 0.429674 0
9445 0.428839 0
9450 0.427862 0
9455 0.426932 0
9460 0.426086 0
9465 0.425094 0
9470 0.424233 0
9475 0.423228 0
9480 0.422363 0
9485 0.42141 0
9490 0.420392 0
9495 0.419435 0
9500 0.418502 0
9505 0.417626 0
9510 0.416612 0
9515 0.415749 0
9520 0.414919 0
9525 0.414108 0
9530 0.413206 0
9535 0.412315 0
9540 0.411517 0
9545 0.410674 0
9550 0.409834 0
9555 0.408991 0
9560 0.408164 0
9565 0.407327 0
9570 0.406444 0
9575 0.405741 0
9580 0.404882 0
9585 0.404035 0
9590 0.403269 0
9595 0.402435 0
9600 0.40161 0
9605 0.400741 0
9610 0.400027 0
9615 0.399242 0
9620 0.39846 0
9625 0.397665 0
9630 0.396899 0
9635 0.396119 0
9640 0.395325 0
9645 0.394602 0
9650 0.393881 0
9655 0.393053 0
9660 0.392425 0
9665 0.391639 0
9670 0.390962 0
9675 0.39018 0
9680 0.389512 0
9685 0.388817 0
9690 0.388108 0
9695 0.387362 0
9700 0.38675 0
9705 0.386011 0
9710 0.385456 0
9715 0.384708 0
9720 0.384137 0
9725 0.383443 0
9730 0.38275 0
9735 0.382268 0
9740 0.381809 0
9745 0.381409 0
9750 0.380887 0
9755 0.38037 0
9760 0.38 0
9765 0.379499 0
9770 0.379005 0
9775 0.378741 0
9780 0.378264 0
9785 0.377794 0
9790 0.377473 0
9795 0.377017 0
9800 0.376566 0
9805 0.376263 0
9810 0.375826 0
9815 0.375395 0
9820 0.374969 0
9825 0.374694 0
9830 0.374286 0
9835 0.373965 0
9840 0.373565 0
9845 0.373309 0
9850 0.372922 0
9855 0.372538 0
9860 0.372153 0
9865 0.371776 0
9870 0.371546 0
9875 0.37118 0
9880 0.370821 0
9885 0.370463 0
9890 0.370109 0
9895 0.369901 0
9900 0.369552 0
9905 0.369205 0
9910 0.368861 0
9915 0.36852 0
9920 0.368181 0
9925 0.367988 0
9930 0.367652 0
9935 0.367317 0
9940 0.366982 0
9945 0.366649 0
9950 0.366316 0
9955 0.365984 0
9960 0.365652 0
9965 0.365466 0
9970 0.365132 0
9975 0.364798 0
9980 0.364464 0
9985 0.364128 0
9990 0.363791 0
9995 0.363451 0
10000 0.363109 0

