3838.14	3.05E-15	1E-17
3840.89	3.7E-15	1E-17
3843.65	3.96E-15	1E-17
3846.4	3.63E-15	1E-17
3849.16	3.53E-15	1E-17
3851.91	3.61E-15	1E-17
3854.67	4.08E-15	1E-17
3857.42	3.81E-15	1E-17
3860.18	4.05E-15	1E-17
3862.93	3.82E-15	1E-17
3865.69	3.97E-15	1E-17
3868.44	4.12E-15	1E-17
3871.2	3.71E-15	1E-17
3873.95	4.03E-15	1E-17
3876.71	4.07E-15	1E-17
3879.47	3.8E-15	1E-17
3882.22	3.81E-15	1E-17
3884.98	3.91E-15	1E-17
3887.73	4.03E-15	1E-17
3890.49	3.75E-15	1E-17
3893.24	3.89E-15	1E-17
3896	3.72E-15	1E-17
3898.75	4.02E-15	1E-17
3901.51	4.15E-15	1E-17
3904.26	3.95E-15	1E-17
3907.02	3.99E-15	1E-17
3909.77	3.28E-15	1E-17
3912.53	3.56E-15	1E-17
3915.28	3.92E-15	1E-17
3918.04	3.8E-15	1E-17
3920.79	3.5E-15	1E-17
3923.55	3.57E-15	1E-17
3926.31	3.49E-15	1E-17
3929.06	3.76E-15	1E-17
3931.82	3.86E-15	1E-17
3934.57	3.55E-15	1E-17
3937.33	3.52E-15	1E-17
3940.08	3.28E-15	1E-17
3942.84	3.42E-15	1E-17
3945.59	3.66E-15	1E-17
3948.35	3.7E-15	1E-17
3951.1	3.83E-15	1E-17
3953.86	3.6E-15	1E-17
3956.61	3.56E-15	1E-17
3959.37	3.4E-15	1E-17
3962.12	3.26E-15	1E-17
3964.88	3.32E-15	1E-17
3967.63	3.33E-15	1E-17
3970.39	3.5E-15	1E-17
3973.14	3.68E-15	1E-17
3975.9	3.4E-15	1E-17
3978.66	3.38E-15	1E-17
3981.41	3.34E-15	1E-17
3984.17	3.32E-15	1E-17
3986.92	3.34E-15	1E-17
3989.68	3.33E-15	1E-17
3992.43	3.49E-15	1E-17
3995.19	3.5E-15	1E-17
3997.94	3.34E-15	1E-17
4000.7	3.54E-15	1E-17
4003.45	3.57E-15	1E-17
4006.21	3.48E-15	1E-17
4008.96	3.62E-15	1E-17
4011.72	3.61E-15	1E-17
4014.47	3.57E-15	1E-17
4017.23	3.69E-15	1E-17
4019.98	3.71E-15	1E-17
4022.74	3.69E-15	1E-17
4025.49	3.73E-15	1E-17
4028.25	3.7E-15	1E-17
4031.01	3.77E-15	1E-17
4033.76	3.88E-15	1E-17
4036.52	3.79E-15	1E-17
4039.27	4.01E-15	1E-17
4042.03	4.18E-15	1E-17
4044.78	3.83E-15	1E-17
4047.54	3.89E-15	1E-17
4050.29	4.13E-15	1E-17
4053.05	4.23E-15	1E-17
4055.8	4.18E-15	1E-17
4058.56	4.14E-15	1E-17
4061.31	4.15E-15	1E-17
4064.07	4.19E-15	1E-17
4066.82	4.11E-15	1E-17
4069.58	4.01E-15	1E-17
4072.33	4.02E-15	1E-17
4075.09	4.1E-15	1E-17
4077.85	4.1E-15	1E-17
4080.6	4.14E-15	1E-17
4083.36	3.74E-15	1E-17
4086.11	3.73E-15	1E-17
4088.87	3.88E-15	1E-17
4091.62	3.85E-15	1E-17
4094.38	3.85E-15	1E-17
4097.13	3.92E-15	1E-17
4099.89	3.8E-15	1E-17
4102.64	4.06E-15	1E-17
4105.4	4.05E-15	1E-17
4108.15	4.06E-15	1E-17
4110.91	4.01E-15	1E-17
4113.66	3.94E-15	1E-17
4116.42	4.03E-15	1E-17
4119.17	3.9E-15	1E-17
4121.93	3.75E-15	1E-17
4124.68	3.49E-15	1E-17
4127.44	3.89E-15	1E-17
4130.2	4.05E-15	1E-17
4132.95	4.14E-15	1E-17
4135.71	3.88E-15	1E-17
4138.46	3.79E-15	1E-17
4141.22	3.93E-15	1E-17
4143.97	3.67E-15	1E-17
4146.73	3.92E-15	1E-17
4149.48	3.99E-15	1E-17
4152.24	4.13E-15	1E-17
4154.99	3.69E-15	1E-17
4157.75	3.91E-15	1E-17
4160.5	3.94E-15	1E-17
4163.26	3.82E-15	1E-17
4166.01	3.67E-15	1E-17
4168.77	3.63E-15	1E-17
4171.52	3.68E-15	1E-17
4174.28	3.78E-15	1E-17
4177.03	3.67E-15	1E-17
4179.79	3.81E-15	1E-17
4182.55	3.67E-15	1E-17
4185.3	3.76E-15	1E-17
4188.06	3.71E-15	1E-17
4190.81	3.5E-15	1E-17
4193.57	3.45E-15	1E-17
4196.32	3.61E-15	1E-17
4199.08	3.42E-15	1E-17
4201.83	3.55E-15	1E-17
4204.59	3.45E-15	1E-17
4207.34	3.48E-15	1E-17
4210.1	3.62E-15	1E-17
4212.85	3.56E-15	1E-17
4215.61	3.42E-15	1E-17
4218.36	3.31E-15	1E-17
4221.12	3.44E-15	1E-17
4223.87	3.42E-15	1E-17
4226.63	3.33E-15	1E-17
4229.39	3.29E-15	1E-17
4232.14	3.42E-15	1E-17
4234.9	3.27E-15	1E-17
4237.65	3.21E-15	1E-17
4240.41	3.08E-15	1E-17
4243.16	3.12E-15	1E-17
4245.92	3.13E-15	1E-17
4248.67	3.28E-15	1E-17
4251.43	3.11E-15	1E-17
4254.18	3.05E-15	1E-17
4256.94	2.88E-15	1E-17
4259.69	2.89E-15	1E-17
4262.45	3.03E-15	1E-17
4265.2	2.97E-15	1E-17
4267.96	2.84E-15	1E-17
4270.71	2.81E-15	1E-17
4273.47	2.79E-15	1E-17
4276.22	2.86E-15	1E-17
4278.98	2.73E-15	1E-17
4281.73	2.61E-15	1E-17
4284.49	2.67E-15	1E-17
4287.25	2.72E-15	1E-17
4290	2.57E-15	1E-17
4292.76	2.61E-15	1E-17
4295.51	2.59E-15	1E-17
4298.27	2.6E-15	1E-17
4301.02	2.45E-15	1E-17
4303.78	2.64E-15	1E-17
4306.53	2.45E-15	1E-17
4309.29	2.52E-15	1E-17
4312.04	2.52E-15	1E-17
4314.8	2.57E-15	1E-17
4317.55	2.42E-15	1E-17
4320.31	2.45E-15	1E-17
4323.06	2.6E-15	1E-17
4325.82	2.64E-15	1E-17
4328.57	2.62E-15	1E-17
4331.33	2.46E-15	1E-17
4334.09	2.54E-15	1E-17
4336.84	2.51E-15	1E-17
4339.6	2.47E-15	1E-17
4342.35	2.61E-15	1E-17
4345.11	2.58E-15	1E-17
4347.86	2.65E-15	1E-17
4350.62	2.47E-15	1E-17
4353.37	2.51E-15	1E-17
4356.13	2.73E-15	1E-17
4358.88	2.63E-15	1E-17
4361.64	2.52E-15	1E-17
4364.39	2.45E-15	1E-17
4367.15	2.47E-15	1E-17
4369.9	2.53E-15	1E-17
4372.66	2.37E-15	1E-17
4375.41	2.44E-15	1E-17
4378.17	2.39E-15	1E-17
4380.92	2.43E-15	1E-17
4383.68	2.43E-15	1E-17
4386.44	2.51E-15	1E-17
4389.19	2.47E-15	1E-17
4391.95	2.39E-15	1E-17
4394.7	2.47E-15	1E-17
4397.46	2.56E-15	1E-17
4400.21	2.64E-15	1E-17
4402.97	2.66E-15	1E-17
4405.72	2.67E-15	1E-17
4408.48	2.66E-15	1E-17
4411.23	2.7E-15	1E-17
4413.99	2.76E-15	1E-17
4416.74	2.71E-15	1E-17
4419.5	2.68E-15	1E-17
4422.25	2.8E-15	1E-17
4425.01	2.71E-15	1E-17
4427.76	2.71E-15	1E-17
4430.52	2.81E-15	1E-17
4433.28	2.9E-15	1E-17
4436.03	2.86E-15	1E-17
4438.79	2.75E-15	1E-17
4441.54	2.85E-15	1E-17
4444.3	2.74E-15	1E-17
4447.05	2.79E-15	1E-17
4449.81	2.91E-15	1E-17
4452.56	2.91E-15	1E-17
4455.32	2.95E-15	1E-17
4458.07	2.94E-15	1E-17
4460.83	2.91E-15	1E-17
4463.58	2.84E-15	1E-17
4466.34	2.83E-15	1E-17
4469.09	2.92E-15	1E-17
4471.85	2.9E-15	1E-17
4474.6	2.86E-15	1E-17
4477.36	2.91E-15	1E-17
4480.11	2.79E-15	1E-17
4482.87	2.97E-15	1E-17
4485.63	2.97E-15	1E-17
4488.38	2.86E-15	1E-17
4491.14	2.86E-15	1E-17
4493.89	2.94E-15	1E-17
4496.65	2.98E-15	1E-17
4499.4	2.99E-15	1E-17
4502.16	2.91E-15	1E-17
4504.91	3.02E-15	1E-17
4507.67	2.85E-15	1E-17
4510.42	2.83E-15	1E-17
4513.18	2.86E-15	1E-17
4515.93	2.96E-15	1E-17
4518.69	2.89E-15	1E-17
4521.44	2.92E-15	1E-17
4524.2	2.92E-15	1E-17
4526.95	2.88E-15	1E-17
4529.71	2.83E-15	1E-17
4532.46	2.82E-15	1E-17
4535.22	2.85E-15	1E-17
4537.98	2.84E-15	1E-17
4540.73	2.9E-15	1E-17
4543.49	2.91E-15	1E-17
4546.24	2.85E-15	1E-17
4549	2.82E-15	1E-17
4551.75	2.92E-15	1E-17
4554.51	2.89E-15	1E-17
4557.26	2.93E-15	1E-17
4560.02	2.94E-15	1E-17
4562.77	2.92E-15	1E-17
4565.53	2.77E-15	1E-17
4568.28	2.83E-15	1E-17
4571.04	2.86E-15	1E-17
4573.79	2.84E-15	1E-17
4576.55	2.88E-15	1E-17
4579.3	2.91E-15	1E-17
4582.06	2.79E-15	1E-17
4584.82	2.82E-15	1E-17
4587.57	2.89E-15	1E-17
4590.33	2.92E-15	1E-17
4593.08	2.8E-15	1E-17
4595.84	2.6E-15	1E-17
4598.59	2.71E-15	1E-17
4601.35	2.77E-15	1E-17
4604.1	2.69E-15	1E-17
4606.86	2.64E-15	1E-17
4609.61	2.61E-15	1E-17
4612.37	2.58E-15	1E-17
4615.12	2.58E-15	1E-17
4617.88	2.51E-15	1E-17
4620.63	2.5E-15	1E-17
4623.39	2.53E-15	1E-17
4626.14	2.5E-15	1E-17
4628.9	2.53E-15	1E-17
4631.65	2.51E-15	1E-17
4634.41	2.47E-15	1E-17
4637.17	2.56E-15	1E-17
4639.92	2.47E-15	1E-17
4642.68	2.46E-15	1E-17
4645.43	2.46E-15	1E-17
4648.19	2.59E-15	1E-17
4650.94	2.46E-15	1E-17
4653.7	2.59E-15	1E-17
4656.45	2.55E-15	1E-17
4659.21	2.7E-15	1E-17
4661.96	2.58E-15	1E-17
4664.72	2.58E-15	1E-17
4667.47	2.58E-15	1E-17
4670.23	2.59E-15	1E-17
4672.98	2.59E-15	1E-17
4675.74	2.55E-15	1E-17
4678.49	2.53E-15	1E-17
4681.25	2.52E-15	1E-17
4684.01	2.36E-15	1E-17
4686.76	2.47E-15	1E-17
4689.52	2.57E-15	1E-17
4692.27	2.41E-15	1E-17
4695.03	2.45E-15	1E-17
4697.78	2.46E-15	1E-17
4700.54	2.41E-15	1E-17
4703.29	2.31E-15	1E-17
4706.05	2.33E-15	1E-17
4708.8	2.27E-15	1E-17
4711.56	2.26E-15	1E-17
4714.31	2.35E-15	1E-17
4717.07	2.25E-15	1E-17
4719.82	2.15E-15	1E-17
4722.58	2.28E-15	1E-17
4725.33	2.18E-15	1E-17
4728.09	2.16E-15	1E-17
4730.84	2.18E-15	1E-17
4733.6	2.21E-15	1E-17
4736.35	2.26E-15	1E-17
4739.11	2.34E-15	1E-17
4741.87	2.3E-15	1E-17
4744.62	2.23E-15	1E-17
4747.38	2.18E-15	1E-17
4750.13	2.22E-15	1E-17
4752.89	2.2E-15	1E-17
4755.64	2.24E-15	1E-17
4758.4	2.34E-15	1E-17
4761.15	2.3E-15	1E-17
4763.91	2.34E-15	1E-17
4766.66	2.33E-15	1E-17
4769.42	2.33E-15	1E-17
4772.17	2.25E-15	1E-17
4774.93	2.34E-15	1E-17
4777.68	2.35E-15	1E-17
4780.44	2.24E-15	1E-17
4783.19	2.16E-15	1E-17
4785.95	2.28E-15	1E-17
4788.71	1.97E-15	1E-17
4791.46	2.07E-15	1E-17
4794.22	2.04E-15	1E-17
4796.97	2.13E-15	1E-17
4799.73	2.05E-15	1E-17
4802.48	2.06E-15	1E-17
4805.24	1.98E-15	1E-17
4807.99	2.01E-15	1E-17
4810.75	2.03E-15	1E-17
4813.5	1.93E-15	1E-17
4816.26	1.89E-15	1E-17
4819.01	1.95E-15	1E-17
4821.77	1.85E-15	1E-17
4824.52	1.85E-15	1E-17
4827.28	1.86E-15	1E-17
4830.03	1.81E-15	1E-17
4832.79	1.84E-15	1E-17
4835.54	1.72E-15	1E-17
4838.3	1.91E-15	1E-17
4841.06	1.85E-15	1E-17
4843.81	1.8E-15	1E-17
4846.57	1.82E-15	1E-17
4849.32	1.81E-15	1E-17
4852.08	1.9E-15	1E-17
4854.83	1.9E-15	1E-17
4857.59	1.92E-15	1E-17
4860.34	1.95E-15	1E-17
4863.1	1.87E-15	1E-17
4865.85	1.85E-15	1E-17
4868.61	1.85E-15	1E-17
4871.36	1.85E-15	1E-17
4874.12	1.95E-15	1E-17
4876.87	2.02E-15	1E-17
4879.63	1.89E-15	1E-17
4882.38	1.89E-15	1E-17
4885.14	2.05E-15	1E-17
4887.89	1.93E-15	1E-17
4890.65	1.99E-15	1E-17
4893.41	1.97E-15	1E-17
4896.16	1.97E-15	1E-17
4898.92	1.85E-15	1E-17
4901.67	1.88E-15	1E-17
4904.43	1.9E-15	1E-17
4907.18	1.98E-15	1E-17
4909.94	2.02E-15	1E-17
4912.69	1.94E-15	1E-17
4915.45	1.92E-15	1E-17
4918.2	2.02E-15	1E-17
4920.96	2.02E-15	1E-17
4923.71	1.99E-15	1E-17
4926.47	1.93E-15	1E-17
4929.22	1.94E-15	1E-17
4931.98	2.01E-15	1E-17
4934.73	2E-15	1E-17
4937.49	1.97E-15	1E-17
4940.25	2.01E-15	1E-17
4943	1.9E-15	1E-17
4945.76	2.01E-15	1E-17
4948.51	1.98E-15	1E-17
4951.27	2.01E-15	1E-17
4954.02	2.01E-15	1E-17
4956.78	1.99E-15	1E-17
4959.53	2.07E-15	1E-17
4962.29	2.03E-15	1E-17
4965.04	2.02E-15	1E-17
4967.8	2.04E-15	1E-17
4970.55	1.97E-15	1E-17
4973.31	2.01E-15	1E-17
4976.06	1.97E-15	1E-17
4978.82	1.99E-15	1E-17
4981.57	2.05E-15	1E-17
4984.33	2E-15	1E-17
4987.08	2E-15	1E-17
4989.84	2.02E-15	1E-17
4992.6	2.05E-15	1E-17
4995.35	2.1E-15	1E-17
4998.11	2.03E-15	1E-17
5000.86	2.08E-15	1E-17
5003.62	2.08E-15	1E-17
5006.37	2.05E-15	1E-17
5009.13	2.09E-15	1E-17
5011.88	2.11E-15	1E-17
5014.64	2.06E-15	1E-17
5017.39	2.06E-15	1E-17
5020.15	2.15E-15	1E-17
5022.9	2.17E-15	1E-17
5025.66	2.23E-15	1E-17
5028.41	2.21E-15	1E-17
5031.17	2.19E-15	1E-17
5033.92	2.17E-15	1E-17
5036.68	2.16E-15	1E-17
5039.44	2.18E-15	1E-17
5042.19	2.18E-15	1E-17
5044.95	2.2E-15	1E-17
5047.7	2.24E-15	1E-17
5050.46	2.3E-15	1E-17
5053.21	2.33E-15	1E-17
5055.97	2.26E-15	1E-17
5058.72	2.24E-15	1E-17
5061.48	2.25E-15	1E-17
5064.23	2.26E-15	1E-17
5066.99	2.33E-15	1E-17
5069.74	2.35E-15	1E-17
5072.5	2.21E-15	1E-17
5075.25	2.25E-15	1E-17
5078.01	2.22E-15	1E-17
5080.76	2.21E-15	1E-17
5083.52	2.28E-15	1E-17
5086.27	2.28E-15	1E-17
5089.03	2.24E-15	1E-17
5091.78	2.26E-15	1E-17
5094.54	2.26E-15	1E-17
5097.3	2.21E-15	1E-17
5100.05	2.14E-15	1E-17
5102.81	2.17E-15	1E-17
5105.56	2.2E-15	1E-17
5108.32	2.15E-15	1E-17
5111.07	2.15E-15	1E-17
5113.83	2.1E-15	1E-17
5116.58	2.17E-15	1E-17
5119.34	2.09E-15	1E-17
5122.09	2.09E-15	1E-17
5124.85	2.17E-15	1E-17
5127.6	2.12E-15	1E-17
5130.36	2.12E-15	1E-17
5133.11	2.1E-15	1E-17
5135.87	2.2E-15	1E-17
5138.62	2.24E-15	1E-17
5141.38	2.16E-15	1E-17
5144.14	2.21E-15	1E-17
5146.89	2.24E-15	1E-17
5149.65	2.23E-15	1E-17
5152.4	2.28E-15	1E-17
5155.16	2.32E-15	1E-17
5157.91	2.34E-15	1E-17
5160.67	2.27E-15	1E-17
5163.42	2.2E-15	1E-17
5166.18	2.21E-15	1E-17
5168.93	2.32E-15	1E-17
5171.69	2.25E-15	1E-17
5174.44	2.27E-15	1E-17
5177.2	2.29E-15	1E-17
5179.95	2.26E-15	1E-17
5182.71	2.18E-15	1E-17
5185.46	2.17E-15	1E-17
5188.22	2.12E-15	1E-17
5190.97	2.17E-15	1E-17
5193.73	2.15E-15	1E-17
5196.49	2.01E-15	1E-17
5199.24	2.01E-15	1E-17
5202	2.07E-15	1E-17
5204.75	2.04E-15	1E-17
5207.51	1.98E-15	1E-17
5210.26	1.99E-15	1E-17
5213.02	2.01E-15	1E-17
5215.77	1.99E-15	1E-17
5218.53	1.95E-15	1E-17
5221.28	1.96E-15	1E-17
5224.04	1.91E-15	1E-17
5226.79	1.85E-15	1E-17
5229.55	1.81E-15	1E-17
5232.3	1.9E-15	1E-17
5235.06	1.94E-15	1E-17
5237.81	1.87E-15	1E-17
5240.57	1.83E-15	1E-17
5243.33	1.89E-15	1E-17
5246.08	1.86E-15	1E-17
5248.84	1.85E-15	1E-17
5251.59	1.89E-15	1E-17
5254.35	1.91E-15	1E-17
5257.1	1.9E-15	1E-17
5259.86	1.82E-15	1E-17
5262.61	1.85E-15	1E-17
5265.37	1.91E-15	1E-17
5268.12	1.87E-15	1E-17
5270.88	1.85E-15	1E-17
5273.63	1.87E-15	1E-17
5276.39	1.86E-15	1E-17
5279.14	1.89E-15	1E-17
5281.9	1.93E-15	1E-17
5284.65	1.92E-15	1E-17
5287.41	1.91E-15	1E-17
5290.16	1.83E-15	1E-17
5292.92	1.92E-15	1E-17
5295.68	1.91E-15	1E-17
5298.43	1.82E-15	1E-17
5301.19	1.87E-15	1E-17
5303.94	1.9E-15	1E-17
5306.7	1.94E-15	1E-17
5309.45	1.92E-15	1E-17
5312.21	1.92E-15	1E-17
5314.96	1.9E-15	1E-17
5317.72	1.93E-15	1E-17
5320.47	1.84E-15	1E-17
5323.23	1.84E-15	1E-17
5325.98	1.86E-15	1E-17
5328.74	1.86E-15	1E-17
5331.49	1.86E-15	1E-17
5334.25	1.87E-15	1E-17
5337	1.77E-15	1E-17
5339.76	1.75E-15	1E-17
5342.51	1.77E-15	1E-17
5345.27	1.76E-15	1E-17
5348.03	1.82E-15	1E-17
5350.78	1.83E-15	1E-17
5353.54	1.77E-15	1E-17
5356.29	1.72E-15	1E-17
5359.05	1.71E-15	1E-17
5361.8	1.74E-15	1E-17
5364.56	1.77E-15	1E-17
5367.31	1.74E-15	1E-17
5370.07	1.72E-15	1E-17
5372.82	1.69E-15	1E-17
5375.58	1.69E-15	1E-17
5378.33	1.69E-15	1E-17
5381.09	1.67E-15	1E-17
5383.84	1.67E-15	1E-17
5386.6	1.65E-15	1E-17
5389.35	1.61E-15	1E-17
5392.11	1.56E-15	1E-17
5394.87	1.6E-15	1E-17
5397.62	1.61E-15	1E-17
5400.38	1.58E-15	1E-17
5403.13	1.61E-15	1E-17
5405.89	1.61E-15	1E-17
5408.64	1.53E-15	1E-17
5411.4	1.54E-15	1E-17
5414.15	1.54E-15	1E-17
5416.91	1.56E-15	1E-17
5419.66	1.58E-15	1E-17
5422.42	1.55E-15	1E-17
5425.17	1.56E-15	1E-17
5427.93	1.62E-15	1E-17
5430.68	1.64E-15	1E-17
5433.44	1.55E-15	1E-17
5436.19	1.59E-15	1E-17
5438.95	1.57E-15	1E-17
5441.7	1.56E-15	1E-17
5444.46	1.59E-15	1E-17
5447.22	1.63E-15	1E-17
5449.97	1.64E-15	1E-17
5452.73	1.65E-15	1E-17
5455.48	1.62E-15	1E-17
5458.24	1.64E-15	1E-17
5460.99	1.7E-15	1E-17
5463.75	1.72E-15	1E-17
5466.5	1.74E-15	1E-17
5469.26	1.69E-15	1E-17
5472.01	1.69E-15	1E-17
5474.77	1.68E-15	1E-17
5477.52	1.69E-15	1E-17
5480.28	1.76E-15	1E-17
5483.03	1.71E-15	1E-17
5485.79	1.69E-15	1E-17
5488.54	1.68E-15	1E-17
5491.3	1.73E-15	1E-17
5494.05	1.69E-15	1E-17
5496.81	1.67E-15	1E-17
5499.57	1.71E-15	1E-17
5502.32	1.69E-15	1E-17
5505.08	1.68E-15	1E-17
5507.83	1.72E-15	1E-17
5510.59	1.7E-15	1E-17
5513.34	1.67E-15	1E-17
5516.1	1.71E-15	1E-17
5518.85	1.73E-15	1E-17
5521.61	1.68E-15	1E-17
5524.36	1.69E-15	1E-17
5527.12	1.69E-15	1E-17
5529.87	1.68E-15	1E-17
5532.63	1.76E-15	1E-17
5535.38	1.86E-15	1E-17
5538.14	1.71E-15	1E-17
5540.89	1.73E-15	1E-17
5543.65	1.82E-15	1E-17
5546.4	1.81E-15	1E-17
5549.16	1.79E-15	1E-17
5551.92	1.7E-15	1E-17
5554.67	1.58E-15	1E-17
5557.43	1.61E-15	1E-17
5560.18	1.68E-15	1E-17
5562.94	1.7E-15	1E-17
5565.69	1.68E-15	1E-17
5568.45	1.65E-15	1E-17
5571.2	1.71E-15	1E-17
5573.96	1.63E-15	1E-17
5576.71	1.59E-15	1E-17
5579.47	1.7E-15	1E-17
5582.22	1.69E-15	1E-17
5584.98	1.62E-15	1E-17
5587.73	1.59E-15	1E-17
5590.49	1.64E-15	1E-17
5593.24	1.64E-15	1E-17
5596	1.63E-15	1E-17
5598.76	1.58E-15	1E-17
5601.51	1.63E-15	1E-17
5604.27	1.65E-15	1E-17
5607.02	1.68E-15	1E-17
5609.78	1.62E-15	1E-17
5612.53	1.65E-15	1E-17
5615.29	1.67E-15	1E-17
5618.04	1.67E-15	1E-17
5620.8	1.58E-15	1E-17
5623.55	1.63E-15	1E-17
5626.31	1.63E-15	1E-17
5629.06	1.68E-15	1E-17
5631.82	1.65E-15	1E-17
5634.57	1.62E-15	1E-17
5637.33	1.63E-15	1E-17
5640.08	1.6E-15	1E-17
5642.84	1.58E-15	1E-17
5645.59	1.57E-15	1E-17
5648.35	1.56E-15	1E-17
5651.11	1.56E-15	1E-17
5653.86	1.58E-15	1E-17
5656.62	1.64E-15	1E-17
5659.37	1.54E-15	1E-17
5662.13	1.49E-15	1E-17
5664.88	1.53E-15	1E-17
5667.64	1.46E-15	1E-17
5670.39	1.56E-15	1E-17
5673.15	1.54E-15	1E-17
5675.9	1.47E-15	1E-17
5678.66	1.51E-15	1E-17
5681.41	1.52E-15	1E-17
5684.17	1.49E-15	1E-17
5686.92	1.49E-15	1E-17
5689.68	1.45E-15	1E-17
5692.43	1.41E-15	1E-17
5695.19	1.43E-15	1E-17
5697.94	1.41E-15	1E-17
5700.7	1.42E-15	1E-17
5703.46	1.49E-15	1E-17
5706.21	1.41E-15	1E-17
5708.97	1.38E-15	1E-17
5711.72	1.39E-15	1E-17
5714.48	1.38E-15	1E-17
5717.23	1.37E-15	1E-17
5719.99	1.38E-15	1E-17
5722.74	1.4E-15	1E-17
5725.5	1.41E-15	1E-17
5728.25	1.35E-15	1E-17
5731.01	1.32E-15	1E-17
5733.76	1.36E-15	1E-17
5736.52	1.36E-15	1E-17
5739.27	1.34E-15	1E-17
5742.03	1.34E-15	1E-17
5744.78	1.33E-15	1E-17
5747.54	1.34E-15	1E-17
5750.3	1.39E-15	1E-17
5753.05	1.37E-15	1E-17
5755.81	1.34E-15	1E-17
5758.56	1.31E-15	1E-17
5761.32	1.3E-15	1E-17
5764.07	1.3E-15	1E-17
5766.83	1.35E-15	1E-17
5769.58	1.37E-15	1E-17
5772.34	1.32E-15	1E-17
5775.09	1.32E-15	1E-17
5777.85	1.33E-15	1E-17
5780.6	1.37E-15	1E-17
5783.36	1.37E-15	1E-17
5786.11	1.37E-15	1E-17
5788.87	1.4E-15	1E-17
5791.62	1.43E-15	1E-17
5794.38	1.41E-15	1E-17
5797.13	1.42E-15	1E-17
5799.89	1.38E-15	1E-17
5802.65	1.33E-15	1E-17
5805.4	1.38E-15	1E-17
5808.16	1.41E-15	1E-17
5810.91	1.41E-15	1E-17
5813.67	1.42E-15	1E-17
5816.42	1.42E-15	1E-17
5819.18	1.42E-15	1E-17
5821.93	1.42E-15	1E-17
5824.69	1.44E-15	1E-17
5827.44	1.44E-15	1E-17
5830.2	1.39E-15	1E-17
5832.95	1.41E-15	1E-17
5835.71	1.42E-15	1E-17
5838.46	1.38E-15	1E-17
5841.22	1.43E-15	1E-17
5843.97	1.43E-15	1E-17
5846.73	1.35E-15	1E-17
5849.48	1.4E-15	1E-17
5852.24	1.41E-15	1E-17
5855	1.38E-15	1E-17
5857.75	1.38E-15	1E-17
5860.51	1.37E-15	1E-17
5863.26	1.37E-15	1E-17
5866.02	1.36E-15	1E-17
5868.77	1.36E-15	1E-17
5871.53	1.36E-15	1E-17
5874.28	1.4E-15	1E-17
5877.04	1.36E-15	1E-17
5879.79	1.35E-15	1E-17
5882.55	1.36E-15	1E-17
5885.3	1.39E-15	1E-17
5888.06	1.34E-15	1E-17
5890.81	1.29E-15	1E-17
5893.57	1.24E-15	1E-17
5896.32	1.23E-15	1E-17
5899.08	1.31E-15	1E-17
5901.83	1.31E-15	1E-17
5904.59	1.36E-15	1E-17
5907.35	1.34E-15	1E-17
5910.1	1.25E-15	1E-17
5912.86	1.28E-15	1E-17
5915.61	1.31E-15	1E-17
5918.37	1.27E-15	1E-17
5921.12	1.28E-15	1E-17
5923.88	1.27E-15	1E-17
5926.63	1.25E-15	1E-17
5929.39	1.21E-15	1E-17
5932.14	1.21E-15	1E-17
5934.9	1.22E-15	1E-17
5937.65	1.25E-15	1E-17
5940.41	1.17E-15	1E-17
5943.16	1.18E-15	1E-17
5945.92	1.15E-15	1E-17
5948.67	1.06E-15	1E-17
5951.43	1.11E-15	1E-17
5954.19	1.12E-15	1E-17
5956.94	1.06E-15	1E-17
5959.7	1.1E-15	1E-17
5962.45	1.08E-15	1E-17
5965.21	1.08E-15	1E-17
5967.96	1.02E-15	1E-17
5970.72	1.02E-15	1E-17
5973.47	9.92E-16	1E-17
5976.23	9.44E-16	1E-17
5978.98	9.63E-16	1E-17
5981.74	9.38E-16	1E-17
5984.49	9.65E-16	1E-17
5987.25	9.23E-16	1E-17
5990	8.95E-16	1E-17
5992.76	8.88E-16	1E-17
5995.51	8.5E-16	1E-17
5998.27	8.05E-16	1E-17
6001.02	8.09E-16	1E-17
6003.78	7.95E-16	1E-17
6006.54	7.5E-16	1E-17
6009.29	7.8E-16	1E-17
6012.05	7.55E-16	1E-17
6014.8	7.24E-16	1E-17
6017.56	7.39E-16	1E-17
6020.31	7.23E-16	1E-17
6023.07	7.15E-16	1E-17
6025.82	7.37E-16	1E-17
6028.58	7.24E-16	1E-17
6031.33	6.66E-16	1E-17
6034.09	6.26E-16	1E-17
6036.84	6.28E-16	1E-17
6039.6	6.51E-16	1E-17
6042.35	6.15E-16	1E-17
6045.11	5.54E-16	1E-17
6047.86	5.9E-16	1E-17
6050.62	5.96E-16	1E-17
6053.38	5.64E-16	1E-17
6056.13	6.07E-16	1E-17
6058.89	6E-16	1E-17
6061.64	6.11E-16	1E-17
6064.4	6.32E-16	1E-17
6067.15	5.93E-16	1E-17
6069.91	6.14E-16	1E-17
6072.66	6.48E-16	1E-17
6075.42	5.87E-16	1E-17
6078.17	5.78E-16	1E-17
6080.93	5.79E-16	1E-17
6083.68	6.06E-16	1E-17
6086.44	6.3E-16	1E-17
6089.19	6.01E-16	1E-17
6091.95	6.19E-16	1E-17
6094.7	6.6E-16	1E-17
6097.46	6.05E-16	1E-17
6100.21	6E-16	1E-17
6102.97	6.41E-16	1E-17
6105.73	6.57E-16	1E-17
6108.48	6.49E-16	1E-17
6111.24	6.6E-16	1E-17
6113.99	6.75E-16	1E-17
6116.75	7.47E-16	1E-17
6119.5	7.01E-16	1E-17
6122.26	7.22E-16	1E-17
6125.01	7.67E-16	1E-17
6127.77	7.89E-16	1E-17
6130.52	7.85E-16	1E-17
6133.28	8.09E-16	1E-17
6136.03	8.25E-16	1E-17
6138.79	8.52E-16	1E-17
6141.54	8.66E-16	1E-17
6144.3	8.48E-16	1E-17
6147.05	8.57E-16	1E-17
6149.81	8.62E-16	1E-17
6152.56	8.99E-16	1E-17
6155.32	9.07E-16	1E-17
6158.08	9.01E-16	1E-17
6160.83	9.29E-16	1E-17
6163.59	9.44E-16	1E-17
6166.34	9.58E-16	1E-17
6169.1	9.72E-16	1E-17
6171.85	9.84E-16	1E-17
6174.61	9.81E-16	1E-17
6177.36	1E-15	1E-17
6180.12	1.04E-15	1E-17
6182.87	1.04E-15	1E-17
6185.63	1.04E-15	1E-17
6188.38	1.04E-15	1E-17
6191.14	1.04E-15	1E-17
6193.89	1.08E-15	1E-17
6196.65	1.1E-15	1E-17
6199.4	1.1E-15	1E-17
6202.16	1.13E-15	1E-17
6204.91	1.14E-15	1E-17
6207.67	1.14E-15	1E-17
6210.43	1.17E-15	1E-17
6213.18	1.22E-15	1E-17
6215.94	1.17E-15	1E-17
6218.69	1.13E-15	1E-17
6221.45	1.18E-15	1E-17
6224.2	1.17E-15	1E-17
6226.96	1.23E-15	1E-17
6229.71	1.17E-15	1E-17
6232.47	1.18E-15	1E-17
6235.22	1.23E-15	1E-17
6237.98	1.25E-15	1E-17
6240.73	1.28E-15	1E-17
6243.49	1.19E-15	1E-17
6246.24	1.2E-15	1E-17
6249	1.23E-15	1E-17
6251.75	1.24E-15	1E-17
6254.51	1.24E-15	1E-17
6257.27	1.21E-15	1E-17
6260.02	1.24E-15	1E-17
6262.78	1.26E-15	1E-17
6265.53	1.25E-15	1E-17
6268.29	1.22E-15	1E-17
6271.04	1.25E-15	1E-17
6273.8	1.21E-15	1E-17
6276.55	1.18E-15	1E-17
6279.31	1.18E-15	1E-17
6282.06	1.16E-15	1E-17
6284.82	1.19E-15	1E-17
6287.57	1.16E-15	1E-17
6290.33	1.19E-15	1E-17
6293.08	1.17E-15	1E-17
6295.84	1.19E-15	1E-17
6298.59	1.26E-15	1E-17
6301.35	1.2E-15	1E-17
6304.1	1.21E-15	1E-17
6306.86	1.25E-15	1E-17
6309.62	1.25E-15	1E-17
6312.37	1.22E-15	1E-17
6315.13	1.21E-15	1E-17
6317.88	1.24E-15	1E-17
6320.64	1.2E-15	1E-17
6323.39	1.27E-15	1E-17
6326.15	1.3E-15	1E-17
6328.9	1.26E-15	1E-17
6331.66	1.28E-15	1E-17
6334.41	1.29E-15	1E-17
6337.17	1.3E-15	1E-17
6339.92	1.31E-15	1E-17
6342.68	1.26E-15	1E-17
6345.43	1.25E-15	1E-17
6348.19	1.27E-15	1E-17
6350.94	1.31E-15	1E-17
6353.7	1.27E-15	1E-17
6356.45	1.3E-15	1E-17
6359.21	1.31E-15	1E-17
6361.97	1.33E-15	1E-17
6364.72	1.3E-15	1E-17
6367.48	1.31E-15	1E-17
6370.23	1.3E-15	1E-17
6372.99	1.34E-15	1E-17
6375.74	1.36E-15	1E-17
6378.5	1.31E-15	1E-17
6381.25	1.28E-15	1E-17
6384.01	1.26E-15	1E-17
6386.76	1.32E-15	1E-17
6389.52	1.34E-15	1E-17
6392.27	1.29E-15	1E-17
6395.03	1.33E-15	1E-17
6397.78	1.35E-15	1E-17
6400.54	1.31E-15	1E-17
6403.29	1.3E-15	1E-17
6406.05	1.33E-15	1E-17
6408.81	1.31E-15	1E-17
6411.56	1.28E-15	1E-17
6414.32	1.28E-15	1E-17
6417.07	1.28E-15	1E-17
6419.83	1.28E-15	1E-17
6422.58	1.23E-15	1E-17
6425.34	1.23E-15	1E-17
6428.09	1.3E-15	1E-17
6430.85	1.28E-15	1E-17
6433.6	1.25E-15	1E-17
6436.36	1.3E-15	1E-17
6439.11	1.3E-15	1E-17
6441.87	1.27E-15	1E-17
6444.62	1.24E-15	1E-17
6447.38	1.26E-15	1E-17
6450.13	1.28E-15	1E-17
6452.89	1.28E-15	1E-17
6455.64	1.3E-15	1E-17
6458.4	1.26E-15	1E-17
6461.15	1.25E-15	1E-17
6463.91	1.23E-15	1E-17
6466.67	1.21E-15	1E-17
6469.42	1.29E-15	1E-17
6472.18	1.31E-15	1E-17
6474.93	1.28E-15	1E-17
6477.69	1.28E-15	1E-17
6480.44	1.26E-15	1E-17
6483.2	1.23E-15	1E-17
6485.95	1.25E-15	1E-17
6488.71	1.25E-15	1E-17
6491.46	1.29E-15	1E-17
6494.22	1.26E-15	1E-17
6496.97	1.24E-15	1E-17
6499.73	1.28E-15	1E-17
6502.48	1.28E-15	1E-17
6505.24	1.25E-15	1E-17
6507.99	1.24E-15	1E-17
6510.75	1.25E-15	1E-17
6513.51	1.24E-15	1E-17
6516.26	1.25E-15	1E-17
6519.02	1.28E-15	1E-17
6521.77	1.23E-15	1E-17
6524.53	1.25E-15	1E-17
6527.28	1.25E-15	1E-17
6530.04	1.17E-15	1E-17
6532.79	1.24E-15	1E-17
6535.55	1.24E-15	1E-17
6538.3	1.19E-15	1E-17
6541.06	1.2E-15	1E-17
6543.81	1.17E-15	1E-17
6546.57	1.19E-15	1E-17
6549.32	1.2E-15	1E-17
6552.08	1.24E-15	1E-17
6554.83	1.26E-15	1E-17
6557.59	1.2E-15	1E-17
6560.34	1.25E-15	1E-17
6563.1	1.22E-15	1E-17
6565.86	1.18E-15	1E-17
6568.61	1.21E-15	1E-17
6571.37	1.21E-15	1E-17
6574.12	1.21E-15	1E-17
6576.88	1.2E-15	1E-17
6579.63	1.22E-15	1E-17
6582.39	1.2E-15	1E-17
6585.14	1.15E-15	1E-17
6587.9	1.14E-15	1E-17
6590.65	1.16E-15	1E-17
6593.41	1.19E-15	1E-17
6596.16	1.18E-15	1E-17
6598.92	1.14E-15	1E-17
6601.67	1.13E-15	1E-17
6604.43	1.13E-15	1E-17
6607.18	1.11E-15	1E-17
6609.94	1.13E-15	1E-17
6612.7	1.18E-15	1E-17
6615.45	1.14E-15	1E-17
6618.21	1.16E-15	1E-17
6620.96	1.14E-15	1E-17
6623.72	1.13E-15	1E-17
6626.47	1.2E-15	1E-17
6629.23	1.18E-15	1E-17
6631.98	1.13E-15	1E-17
6634.74	1.12E-15	1E-17
6637.49	1.14E-15	1E-17
6640.25	1.14E-15	1E-17
6643	1.16E-15	1E-17
6645.76	1.16E-15	1E-17
6648.51	1.12E-15	1E-17
6651.27	1.14E-15	1E-17
6654.02	1.13E-15	1E-17
6656.78	1.13E-15	1E-17
6659.53	1.11E-15	1E-17
6662.29	1.1E-15	1E-17
6665.05	1.11E-15	1E-17
6667.8	1.09E-15	1E-17
6670.56	1.09E-15	1E-17
6673.31	1.12E-15	1E-17
6676.07	1.09E-15	1E-17
6678.82	1.07E-15	1E-17
6681.58	1.07E-15	1E-17
6684.33	1.05E-15	1E-17
6687.09	1.05E-15	1E-17
6689.84	1.05E-15	1E-17
6692.6	1.06E-15	1E-17
6695.35	1.07E-15	1E-17
6698.11	1.06E-15	1E-17
6700.86	1.06E-15	1E-17
6703.62	1.02E-15	1E-17
6706.37	1.03E-15	1E-17
6709.13	1.06E-15	1E-17
6711.88	1.04E-15	1E-17
6714.64	1.02E-15	1E-17
6717.4	1.03E-15	1E-17
6720.15	1.01E-15	1E-17
6722.91	1.06E-15	1E-17
6725.66	1.05E-15	1E-17
6728.42	1.05E-15	1E-17
6731.17	1.02E-15	1E-17
6733.93	1.04E-15	1E-17
6736.68	1.04E-15	1E-17
6739.44	1.02E-15	1E-17
6742.19	1.04E-15	1E-17
6744.95	1.01E-15	1E-17
6747.7	9.96E-16	1E-17
6750.46	1.02E-15	1E-17
6753.21	1.03E-15	1E-17
6755.97	1.02E-15	1E-17
6758.72	9.68E-16	1E-17
6761.48	9.42E-16	1E-17
6764.24	9.47E-16	1E-17
6766.99	9.69E-16	1E-17
6769.75	1E-15	1E-17
6772.5	1.01E-15	1E-17
6775.26	9.85E-16	1E-17
6778.01	9.6E-16	1E-17
6780.77	9.87E-16	1E-17
6783.52	9.37E-16	1E-17
6786.28	9.67E-16	1E-17
6789.03	9.84E-16	1E-17
6791.79	9.49E-16	1E-17
6794.54	9.86E-16	1E-17
6797.3	9.96E-16	1E-17
6800.05	9.39E-16	1E-17
6802.81	9.45E-16	1E-17
6805.56	9.5E-16	1E-17
6808.32	9.77E-16	1E-17
6811.07	9.63E-16	1E-17
6813.83	9.49E-16	1E-17
6816.59	9.8E-16	1E-17
6819.34	9.52E-16	1E-17
6822.1	9.04E-16	1E-17
6824.85	8.82E-16	1E-17
6827.61	9.02E-16	1E-17
6830.36	9.13E-16	1E-17
6833.12	8.97E-16	1E-17
6835.87	9.61E-16	1E-17
6838.63	9.65E-16	1E-17
6841.38	8.52E-16	1E-17
6844.14	8.23E-16	1E-17
6846.89	8.67E-16	1E-17
6849.65	9.38E-16	1E-17
6852.4	9.49E-16	1E-17
6855.16	9E-16	1E-17
6857.91	9.21E-16	1E-17
6860.67	8.74E-16	1E-17
6863.43	8.9E-16	1E-17
6866.18	9.24E-16	1E-17
6868.94	8.92E-16	1E-17
6871.69	8.91E-16	1E-17
6874.45	8.7E-16	1E-17
6877.2	9.2E-16	1E-17
6879.96	9.09E-16	1E-17
6882.71	8.89E-16	1E-17
6885.47	8.95E-16	1E-17
6888.22	9.14E-16	1E-17
6890.98	9.01E-16	1E-17
6893.73	9.28E-16	1E-17
6896.49	9.25E-16	1E-17
6899.24	8.98E-16	1E-17
6902	8.73E-16	1E-17
6904.75	8.67E-16	1E-17
6907.51	8.62E-16	1E-17
6910.26	8.41E-16	1E-17
6913.02	8.57E-16	1E-17
6915.77	8.65E-16	1E-17
6918.53	8.26E-16	1E-17
6921.29	8.03E-16	1E-17
6924.04	8.21E-16	1E-17
6926.8	8.34E-16	1E-17
6929.55	7.87E-16	1E-17
6932.31	8.09E-16	1E-17
6935.06	8.58E-16	1E-17
6937.82	8.49E-16	1E-17
6940.57	8.47E-16	1E-17
6943.33	8.61E-16	1E-17
6946.08	8.19E-16	1E-17
6948.84	8.51E-16	1E-17
6951.59	8.99E-16	1E-17
6954.35	8.77E-16	1E-17
6957.1	8.68E-16	1E-17
6959.86	8.55E-16	1E-17
6962.61	8.56E-16	1E-17
6965.37	8.1E-16	1E-17
6968.13	8.3E-16	1E-17
6970.88	8.39E-16	1E-17
6973.64	8.43E-16	1E-17
6976.39	8.47E-16	1E-17
6979.15	8.58E-16	1E-17
6981.9	8.66E-16	1E-17
6984.66	8.7E-16	1E-17
6987.41	8.71E-16	1E-17
6990.17	8.64E-16	1E-17
6992.92	8.49E-16	1E-17
6995.68	8.33E-16	1E-17
6998.43	8.32E-16	1E-17
7001.19	8.47E-16	1E-17
7003.94	8.62E-16	1E-17
7006.7	8.66E-16	1E-17
7009.45	8.58E-16	1E-17
7012.21	8.5E-16	1E-17
7014.96	8.56E-16	1E-17
7017.72	8.69E-16	1E-17
7020.48	8.72E-16	1E-17
7023.23	8.69E-16	1E-17
7025.99	8.66E-16	1E-17
7028.74	8.64E-16	1E-17
7031.5	8.58E-16	1E-17
7034.25	8.51E-16	1E-17
7037.01	8.47E-16	1E-17
7039.76	8.45E-16	1E-17
7042.52	8.49E-16	1E-17
7045.27	8.56E-16	1E-17
7048.03	8.58E-16	1E-17
7050.78	8.52E-16	1E-17
7053.54	8.51E-16	1E-17
7056.29	8.51E-16	1E-17
7059.05	8.46E-16	1E-17
7061.8	8.4E-16	1E-17
7064.56	8.45E-16	1E-17
7067.32	8.52E-16	1E-17
7070.07	8.5E-16	1E-17
7072.83	8.46E-16	1E-17
7075.58	8.46E-16	1E-17
7078.34	8.38E-16	1E-17
7081.09	8.27E-16	1E-17
7083.85	8.3E-16	1E-17
7086.6	8.39E-16	1E-17
7089.36	8.37E-16	1E-17
7092.11	8.35E-16	1E-17
7094.87	8.42E-16	1E-17
7097.62	8.47E-16	1E-17
7100.38	8.52E-16	1E-17
7103.13	8.5E-16	1E-17
7105.89	8.36E-16	1E-17
7108.64	8.25E-16	1E-17
7111.4	8.25E-16	1E-17
7114.15	8.22E-16	1E-17
7116.91	8.12E-16	1E-17
7119.67	8.03E-16	1E-17
7122.42	8E-16	1E-17
7125.18	8.04E-16	1E-17
7127.93	8.15E-16	1E-17
7130.69	8.26E-16	1E-17
7133.44	8.25E-16	1E-17
7136.2	8.15E-16	1E-17
7138.95	8.1E-16	1E-17
7141.71	8.08E-16	1E-17
7144.46	8.08E-16	1E-17
7147.22	8.11E-16	1E-17
7149.97	8.1E-16	1E-17
7152.73	8.01E-16	1E-17
7155.48	7.95E-16	1E-17
7158.24	7.9E-16	1E-17
7160.99	7.86E-16	1E-17
7163.75	7.85E-16	1E-17
7166.5	7.91E-16	1E-17
7169.26	7.94E-16	1E-17
7172.02	7.9E-16	1E-17
7174.77	7.77E-16	1E-17
7177.53	7.58E-16	1E-17
7180.28	7.53E-16	1E-17
7183.04	7.72E-16	1E-17
7185.79	7.94E-16	1E-17
7188.55	7.97E-16	1E-17
7191.3	7.88E-16	1E-17
7194.06	7.85E-16	1E-17
7196.81	7.88E-16	1E-17
7199.57	7.89E-16	1E-17
7202.32	7.88E-16	1E-17
7205.08	7.92E-16	1E-17
7207.83	7.97E-16	1E-17
7210.59	7.96E-16	1E-17
7213.34	7.83E-16	1E-17
7216.1	7.73E-16	1E-17
7218.86	7.71E-16	1E-17
7221.61	7.76E-16	1E-17
7224.37	7.88E-16	1E-17
7227.12	8E-16	1E-17
7229.88	7.99E-16	1E-17
7232.63	7.81E-16	1E-17
7235.39	7.59E-16	1E-17
7238.14	7.51E-16	1E-17
7240.9	7.61E-16	1E-17
7243.65	7.73E-16	1E-17
7246.41	7.72E-16	1E-17
7249.16	7.63E-16	1E-17
7251.92	7.58E-16	1E-17
7254.67	7.57E-16	1E-17
7257.43	7.52E-16	1E-17
7260.18	7.45E-16	1E-17
7262.94	7.42E-16	1E-17
7265.69	7.41E-16	1E-17
7268.45	7.37E-16	1E-17
7271.2	7.33E-16	1E-17
7273.96	7.25E-16	1E-17
7276.72	7.12E-16	1E-17
7279.47	7.03E-16	1E-17
7282.23	7.09E-16	1E-17
7284.98	7.19E-16	1E-17
7287.74	7.18E-16	1E-17
7290.49	7.13E-16	1E-17
7293.25	7.13E-16	1E-17
7296	7.16E-16	1E-17
7298.76	7.17E-16	1E-17
7301.51	7.15E-16	1E-17
7304.27	7.12E-16	1E-17
7307.02	7.04E-16	1E-17
7309.78	6.97E-16	1E-17
7312.53	7.05E-16	1E-17
7315.29	7.2E-16	1E-17
7318.04	7.31E-16	1E-17
7320.8	7.35E-16	1E-17
7323.56	7.33E-16	1E-17
7326.31	7.25E-16	1E-17
7329.07	7.18E-16	1E-17
7331.82	7.15E-16	1E-17
7334.58	7.14E-16	1E-17
7337.33	7.17E-16	1E-17
7340.09	7.28E-16	1E-17
7342.84	7.46E-16	1E-17
7345.6	7.63E-16	1E-17
7348.35	7.79E-16	1E-17
7351.11	7.86E-16	1E-17
7353.86	7.8E-16	1E-17
7356.62	7.78E-16	1E-17
7359.37	7.86E-16	1E-17
7362.13	7.82E-16	1E-17
7364.88	7.66E-16	1E-17
7367.64	7.57E-16	1E-17
7370.39	7.59E-16	1E-17
7373.15	7.62E-16	1E-17
7375.91	7.57E-16	1E-17
7378.66	7.44E-16	1E-17
7381.42	7.36E-16	1E-17
7384.17	7.41E-16	1E-17
7386.93	7.49E-16	1E-17
7389.68	7.5E-16	1E-17
7392.44	7.41E-16	1E-17
7395.19	7.28E-16	1E-17
7397.95	7.25E-16	1E-17
7400.7	7.28E-16	1E-17
7403.46	7.27E-16	1E-17
7406.21	7.25E-16	1E-17
7408.97	7.3E-16	1E-17
7411.72	7.38E-16	1E-17
7414.48	7.38E-16	1E-17
7417.23	7.23E-16	1E-17
7419.99	7.04E-16	1E-17
7422.75	6.96E-16	1E-17
7425.5	6.89E-16	1E-17
7428.26	6.8E-16	1E-17
7431.01	6.75E-16	1E-17
7433.77	6.78E-16	1E-17
7436.52	6.78E-16	1E-17
7439.28	6.73E-16	1E-17
7442.03	6.71E-16	1E-17
7444.79	6.71E-16	1E-17
7447.54	6.67E-16	1E-17
7450.3	6.68E-16	1E-17
7453.05	6.86E-16	1E-17
7455.81	7.09E-16	1E-17
7458.56	7.13E-16	1E-17
7461.32	7.02E-16	1E-17
7464.07	6.95E-16	1E-17
7466.83	6.98E-16	1E-17
7469.58	7.04E-16	1E-17
7472.34	7.04E-16	1E-17
7475.1	6.99E-16	1E-17
7477.85	6.95E-16	1E-17
7480.61	6.92E-16	1E-17
7483.36	6.99E-16	1E-17
7486.12	7.11E-16	1E-17
7488.87	7.19E-16	1E-17
7491.63	7.26E-16	1E-17
7494.38	7.36E-16	1E-17
7497.14	7.35E-16	1E-17
7499.89	7.24E-16	1E-17
7502.65	7.22E-16	1E-17
7505.4	7.28E-16	1E-17
7508.16	7.34E-16	1E-17
7510.91	7.32E-16	1E-17
7513.67	7.33E-16	1E-17
7516.42	7.5E-16	1E-17
7519.18	7.68E-16	1E-17
7521.93	7.73E-16	1E-17
7524.69	7.73E-16	1E-17
7527.45	7.69E-16	1E-17
7530.2	7.57E-16	1E-17
7532.96	7.5E-16	1E-17
7535.71	7.5E-16	1E-17
7538.47	7.52E-16	1E-17
7541.22	7.64E-16	1E-17
7543.98	7.71E-16	1E-17
7546.73	7.61E-16	1E-17
7549.49	7.51E-16	1E-17
7552.24	7.42E-16	1E-17
7555	7.27E-16	1E-17
7557.75	7.2E-16	1E-17
7560.51	7.23E-16	1E-17
7563.26	7.39E-16	1E-17
7566.02	7.69E-16	1E-17
7568.77	7.88E-16	1E-17
7571.53	7.69E-16	1E-17
7574.29	7.36E-16	1E-17
7577.04	7.27E-16	1E-17
7579.8	7.34E-16	1E-17
7582.55	7.28E-16	1E-17
7585.31	7.24E-16	1E-17
7588.06	7.36E-16	1E-17
7590.82	7.46E-16	1E-17
7593.57	7.49E-16	1E-17
7596.33	7.46E-16	1E-17
7599.08	7.36E-16	1E-17
7601.84	7.33E-16	1E-17
7604.59	7.49E-16	1E-17
7607.35	7.63E-16	1E-17
7610.1	7.49E-16	1E-17
7612.86	7.26E-16	1E-17
7615.61	7.16E-16	1E-17
7618.37	7.19E-16	1E-17
7621.12	7.32E-16	1E-17
7623.88	7.34E-16	1E-17
7626.64	7.18E-16	1E-17
7629.39	7.13E-16	1E-17
7632.15	7.29E-16	1E-17
7634.9	7.43E-16	1E-17
7637.66	7.44E-16	1E-17
7640.41	7.39E-16	1E-17
7643.17	7.34E-16	1E-17
7645.92	7.31E-16	1E-17
7648.68	7.27E-16	1E-17
7651.43	7.25E-16	1E-17
7654.19	7.32E-16	1E-17
7656.94	7.4E-16	1E-17
7659.7	7.43E-16	1E-17
7662.45	7.36E-16	1E-17
7665.21	7.27E-16	1E-17
7667.96	7.34E-16	1E-17
7670.72	7.48E-16	1E-17
7673.47	7.47E-16	1E-17
7676.23	7.31E-16	1E-17
7678.99	7.11E-16	1E-17
7681.74	7.07E-16	1E-17
7684.5	7.15E-16	1E-17
7687.25	7.19E-16	1E-17
7690.01	7.16E-16	1E-17
7692.76	7.18E-16	1E-17
7695.52	7.26E-16	1E-17
7698.27	7.34E-16	1E-17
7701.03	7.43E-16	1E-17
7703.78	7.48E-16	1E-17
7706.54	7.36E-16	1E-17
7709.29	7.22E-16	1E-17
7712.05	7.28E-16	1E-17
7714.8	7.45E-16	1E-17
7717.56	7.53E-16	1E-17
7720.31	7.53E-16	1E-17
7723.07	7.56E-16	1E-17
7725.82	7.52E-16	1E-17
7728.58	7.34E-16	1E-17
7731.34	7.13E-16	1E-17
7734.09	7.07E-16	1E-17
7736.85	7.18E-16	1E-17
7739.6	7.33E-16	1E-17
7742.36	7.44E-16	1E-17
7745.11	7.51E-16	1E-17
7747.87	7.59E-16	1E-17
7750.62	7.59E-16	1E-17
7753.38	7.36E-16	1E-17
7756.13	7.13E-16	1E-17
7758.89	7.08E-16	1E-17
7761.64	7.04E-16	1E-17
7764.4	7E-16	1E-17
7767.15	7.08E-16	1E-17
7769.91	7.19E-16	1E-17
7772.66	7.2E-16	1E-17
7775.42	7.11E-16	1E-17
7778.18	6.99E-16	1E-17
7780.93	6.87E-16	1E-17
7783.69	6.82E-16	1E-17
7786.44	6.86E-16	1E-17
7789.2	6.95E-16	1E-17
7791.95	7.03E-16	1E-17
7794.71	7.05E-16	1E-17
7797.46	7.03E-16	1E-17
7800.22	7.14E-16	1E-17
7802.97	7.34E-16	1E-17
7805.73	7.43E-16	1E-17
7808.48	7.36E-16	1E-17
7811.24	7.29E-16	1E-17
7813.99	7.33E-16	1E-17
7816.75	7.3E-16	1E-17
7819.5	7.07E-16	1E-17
7822.26	6.78E-16	1E-17
7825.01	6.62E-16	1E-17
7827.77	6.6E-16	1E-17
7830.53	6.65E-16	1E-17
7833.28	6.68E-16	1E-17
7836.04	6.61E-16	1E-17
7838.79	6.5E-16	1E-17
7841.55	6.38E-16	1E-17
7844.3	6.21E-16	1E-17
7847.06	6.01E-16	1E-17
7849.81	5.89E-16	1E-17
7852.57	5.81E-16	1E-17
7855.32	5.69E-16	1E-17
7858.08	5.53E-16	1E-17
7860.83	5.43E-16	1E-17
7863.59	5.45E-16	1E-17
7866.34	5.5E-16	1E-17
7869.1	5.4E-16	1E-17
7871.85	5.14E-16	1E-17
7874.61	4.97E-16	1E-17
7877.37	4.96E-16	1E-17
7880.12	4.91E-16	1E-17
7882.88	4.86E-16	1E-17
7885.63	4.98E-16	1E-17
7888.39	5.08E-16	1E-17
7891.14	4.96E-16	1E-17
7893.9	4.72E-16	1E-17
7896.65	4.54E-16	1E-17
7899.41	4.5E-16	1E-17
7902.16	4.48E-16	1E-17
7904.92	4.4E-16	1E-17
7907.67	4.25E-16	1E-17
7910.43	4.12E-16	1E-17
7913.18	4.12E-16	1E-17
7915.94	4.21E-16	1E-17
7918.69	4.26E-16	1E-17
7921.45	4.19E-16	1E-17
7924.2	4.05E-16	1E-17
7926.96	3.97E-16	1E-17
7929.72	3.93E-16	1E-17
7932.47	3.89E-16	1E-17
7935.23	3.9E-16	1E-17
7937.98	3.93E-16	1E-17
7940.74	3.91E-16	1E-17
7943.49	3.83E-16	1E-17
7946.25	3.75E-16	1E-17
7949	3.63E-16	1E-17
7951.76	3.54E-16	1E-17
7954.51	3.55E-16	1E-17
7957.27	3.58E-16	1E-17
7960.02	3.54E-16	1E-17
7962.78	3.46E-16	1E-17
7965.53	3.42E-16	1E-17
7968.29	3.51E-16	1E-17
7971.04	3.63E-16	1E-17
7973.8	3.7E-16	1E-17
7976.55	3.7E-16	1E-17
7979.31	3.68E-16	1E-17
7982.07	3.74E-16	1E-17
7984.82	3.81E-16	1E-17
7987.58	3.7E-16	1E-17
7990.33	3.47E-16	1E-17
7993.09	3.36E-16	1E-17
7995.84	3.42E-16	1E-17
7998.6	3.52E-16	1E-17
8001.35	3.56E-16	1E-17
8004.11	3.58E-16	1E-17
8006.86	3.64E-16	1E-17
8009.62	3.63E-16	1E-17
8012.37	3.59E-16	1E-17
8015.13	3.6E-16	1E-17
8017.88	3.61E-16	1E-17
8020.64	3.57E-16	1E-17
8023.39	3.53E-16	1E-17
8026.15	3.52E-16	1E-17
8028.9	3.47E-16	1E-17
8031.66	3.34E-16	1E-17
8034.42	3.29E-16	1E-17
8037.17	3.36E-16	1E-17
8039.93	3.44E-16	1E-17
8042.68	3.52E-16	1E-17
8045.44	3.54E-16	1E-17
8048.19	3.52E-16	1E-17
8050.95	3.54E-16	1E-17
8053.7	3.6E-16	1E-17
8056.46	3.59E-16	1E-17
8059.21	3.5E-16	1E-17
8061.97	3.45E-16	1E-17
8064.72	3.51E-16	1E-17
8067.48	3.57E-16	1E-17
8070.23	3.58E-16	1E-17
8072.99	3.56E-16	1E-17
8075.74	3.58E-16	1E-17
8078.5	3.65E-16	1E-17
8081.25	3.63E-16	1E-17
8084.01	3.47E-16	1E-17
8086.77	3.35E-16	1E-17
8089.52	3.43E-16	1E-17
8092.28	3.57E-16	1E-17
8095.03	3.64E-16	1E-17
8097.79	3.6E-16	1E-17
8100.54	3.48E-16	1E-17
8103.3	3.4E-16	1E-17
8106.05	3.5E-16	1E-17
8108.81	3.64E-16	1E-17
8111.56	3.74E-16	1E-17
8114.32	3.77E-16	1E-17
8117.07	3.72E-16	1E-17
8119.83	3.59E-16	1E-17
8122.58	3.49E-16	1E-17
8125.34	3.49E-16	1E-17
8128.09	3.56E-16	1E-17
8130.85	3.62E-16	1E-17
8133.61	3.63E-16	1E-17
8136.36	3.61E-16	1E-17
8139.12	3.6E-16	1E-17
8141.87	3.57E-16	1E-17
8144.63	3.57E-16	1E-17
8147.38	3.63E-16	1E-17
8150.14	3.66E-16	1E-17
8152.89	3.65E-16	1E-17
8155.65	3.65E-16	1E-17
8158.4	3.65E-16	1E-17
8161.16	3.59E-16	1E-17
8163.91	3.53E-16	1E-17
8166.67	3.55E-16	1E-17
8169.42	3.58E-16	1E-17
8172.18	3.54E-16	1E-17
8174.93	3.51E-16	1E-17
8177.69	3.55E-16	1E-17
8180.45	3.66E-16	1E-17
8183.2	3.79E-16	1E-17
8185.96	3.88E-16	1E-17
8188.71	3.89E-16	1E-17
8191.47	3.84E-16	1E-17
8194.22	3.82E-16	1E-17
8196.98	3.88E-16	1E-17
8199.73	3.93E-16	1E-17
8202.49	3.91E-16	1E-17
8205.24	3.89E-16	1E-17
8208	3.86E-16	1E-17
8210.75	3.92E-16	1E-17
8213.51	4.07E-16	1E-17
8216.26	4.16E-16	1E-17
8219.02	4.14E-16	1E-17
8221.77	4.1E-16	1E-17
8224.53	4.11E-16	1E-17
8227.28	4.11E-16	1E-17
8230.04	4.13E-16	1E-17
8232.79	4.23E-16	1E-17
8235.55	4.27E-16	1E-17
8238.31	4.24E-16	1E-17
8241.06	4.18E-16	1E-17
8243.82	4.1E-16	1E-17
8246.57	4.06E-16	1E-17
8249.33	4.11E-16	1E-17
8252.08	4.26E-16	1E-17
8254.84	4.44E-16	1E-17
8257.59	4.51E-16	1E-17
8260.35	4.5E-16	1E-17
8263.1	4.45E-16	1E-17
8265.86	4.41E-16	1E-17
8268.61	4.4E-16	1E-17
8271.37	4.37E-16	1E-17
8274.12	4.33E-16	1E-17
8276.88	4.41E-16	1E-17
8279.63	4.63E-16	1E-17
8282.39	4.76E-16	1E-17
8285.14	4.75E-16	1E-17
8287.9	4.75E-16	1E-17
8290.66	4.74E-16	1E-17
8293.41	4.76E-16	1E-17
8296.17	4.78E-16	1E-17
8298.92	4.66E-16	1E-17
8301.68	4.53E-16	1E-17
8304.43	4.54E-16	1E-17
8307.19	4.61E-16	1E-17
8309.94	4.61E-16	1E-17
8312.7	4.7E-16	1E-17
8315.45	4.94E-16	1E-17
8318.21	5.15E-16	1E-17
8320.96	5.25E-16	1E-17
8323.72	5.34E-16	1E-17
8326.47	5.45E-16	1E-17
8329.23	5.45E-16	1E-17
8331.98	5.39E-16	1E-17
8334.74	5.36E-16	1E-17
8337.5	5.31E-16	1E-17
8340.25	5.22E-16	1E-17
8343.01	5.14E-16	1E-17
8345.76	5.18E-16	1E-17
8348.52	5.33E-16	1E-17
8351.27	5.44E-16	1E-17
8354.03	5.44E-16	1E-17
8356.78	5.33E-16	1E-17
8359.54	5.19E-16	1E-17
8362.29	5.14E-16	1E-17
8365.05	5.27E-16	1E-17
8367.8	5.44E-16	1E-17
8370.56	5.51E-16	1E-17
8373.31	5.43E-16	1E-17
8376.07	5.39E-16	1E-17
8378.82	5.46E-16	1E-17
8381.58	5.56E-16	1E-17
8384.34	5.71E-16	1E-17
8387.09	5.82E-16	1E-17
8389.85	5.76E-16	1E-17
8392.6	5.57E-16	1E-17
8395.36	5.51E-16	1E-17
8398.11	5.66E-16	1E-17
8400.87	5.71E-16	1E-17
8403.62	5.61E-16	1E-17
8406.38	5.56E-16	1E-17
8409.13	5.62E-16	1E-17
8411.89	5.7E-16	1E-17
8414.64	5.77E-16	1E-17
8417.4	5.89E-16	1E-17
8420.15	6.03E-16	1E-17
8422.91	6.1E-16	1E-17
8425.66	6.05E-16	1E-17
8428.42	5.96E-16	1E-17
8431.17	5.84E-16	1E-17
8433.93	5.77E-16	1E-17
8436.69	5.87E-16	1E-17
8439.44	6.02E-16	1E-17
8442.2	6.08E-16	1E-17
8444.95	6.08E-16	1E-17
8447.71	6.06E-16	1E-17
8450.46	5.99E-16	1E-17
8453.22	5.93E-16	1E-17
8455.97	5.95E-16	1E-17
8458.73	6.06E-16	1E-17
8461.48	6.21E-16	1E-17
8464.24	6.34E-16	1E-17
8466.99	6.4E-16	1E-17
8469.75	6.32E-16	1E-17
8472.5	6.24E-16	1E-17
8475.26	6.28E-16	1E-17
8478.01	6.42E-16	1E-17
8480.77	6.56E-16	1E-17
8483.52	6.65E-16	1E-17
8486.28	6.62E-16	1E-17
8489.03	6.46E-16	1E-17
8491.79	6.31E-16	1E-17
8494.55	6.33E-16	1E-17
8497.3	6.42E-16	1E-17
8500.06	6.47E-16	1E-17
8502.81	6.5E-16	1E-17
8505.57	6.45E-16	1E-17
8508.32	6.35E-16	1E-17
8511.08	6.34E-16	1E-17
8513.83	6.43E-16	1E-17
8516.59	6.42E-16	1E-17
8519.34	6.36E-16	1E-17
8522.1	6.38E-16	1E-17
8524.85	6.35E-16	1E-17
8527.61	6.22E-16	1E-17
8530.36	6.14E-16	1E-17
8533.12	6.12E-16	1E-17
8535.87	6.12E-16	1E-17
8538.63	6.15E-16	1E-17
8541.39	6.24E-16	1E-17
8544.14	6.28E-16	1E-17
8546.9	6.25E-16	1E-17
8549.65	6.23E-16	1E-17
8552.41	6.18E-16	1E-17
8555.16	6.13E-16	1E-17
8557.92	6.2E-16	1E-17
8560.67	6.31E-16	1E-17
8563.43	6.38E-16	1E-17
8566.18	6.39E-16	1E-17
8568.94	6.37E-16	1E-17
8571.69	6.45E-16	1E-17
8574.45	6.63E-16	1E-17
8577.2	6.76E-16	1E-17
8579.96	6.71E-16	1E-17
8582.71	6.53E-16	1E-17
8585.47	6.42E-16	1E-17
8588.23	6.45E-16	1E-17
8590.98	6.64E-16	1E-17
8593.74	6.79E-16	1E-17
8596.49	6.76E-16	1E-17
8599.25	6.69E-16	1E-17
8602	6.63E-16	1E-17
8604.76	6.51E-16	1E-17
8607.51	6.36E-16	1E-17
8610.27	6.3E-16	1E-17
8613.02	6.37E-16	1E-17
8615.78	6.47E-16	1E-17
8618.53	6.53E-16	1E-17
8621.29	6.55E-16	1E-17
8624.04	6.61E-16	1E-17
8626.8	6.71E-16	1E-17
8629.55	6.61E-16	1E-17
8632.31	6.33E-16	1E-17
8635.06	6.27E-16	1E-17
8637.82	6.41E-16	1E-17
8640.58	6.51E-16	1E-17
8643.33	6.54E-16	1E-17
8646.09	6.56E-16	1E-17
8648.84	6.58E-16	1E-17
8651.6	6.47E-16	1E-17
8654.35	6.27E-16	1E-17
8657.11	6.2E-16	1E-17
8659.86	6.27E-16	1E-17
8662.62	6.39E-16	1E-17
8665.37	6.51E-16	1E-17
8668.13	6.55E-16	1E-17
8670.88	6.44E-16	1E-17
8673.64	6.27E-16	1E-17
8676.39	6.2E-16	1E-17
8679.15	6.24E-16	1E-17
8681.9	6.24E-16	1E-17
8684.66	6.13E-16	1E-17
8687.41	6.07E-16	1E-17
8690.17	6.13E-16	1E-17
8692.93	6.15E-16	1E-17
8695.68	6.07E-16	1E-17
8698.44	6E-16	1E-17
8701.19	5.93E-16	1E-17
8703.95	5.85E-16	1E-17
8706.7	5.91E-16	1E-17
8709.46	6.05E-16	1E-17
8712.21	6.13E-16	1E-17
8714.97	6.13E-16	1E-17
8717.72	6.1E-16	1E-17
8720.48	6.14E-16	1E-17
8723.23	6.26E-16	1E-17
8725.99	6.21E-16	1E-17
8728.74	6E-16	1E-17
8731.5	5.99E-16	1E-17
8734.25	6.18E-16	1E-17
8737.01	6.22E-16	1E-17
8739.76	6.17E-16	1E-17
8742.52	6.18E-16	1E-17
8745.28	6.15E-16	1E-17
8748.03	6.06E-16	1E-17
8750.79	6E-16	1E-17
8753.54	5.92E-16	1E-17
8756.3	5.72E-16	1E-17
8759.05	5.47E-16	1E-17
8761.81	5.41E-16	1E-17
8764.56	5.51E-16	1E-17
8767.32	5.63E-16	1E-17
8770.07	5.75E-16	1E-17

