3500.41674804688  3.009151E-15
3502.70501685143  3.004792E-15
3504.99328565598  3.058997E-15
3507.28155446053  3.002674E-15
3509.56982326508  2.960392E-15
3511.85809206963  3.133832E-15
3514.14636087418  3.092615E-15
3516.43462967873  2.958799E-15
3518.72289848328  3.095820E-15
3521.01116728783  3.083915E-15
3523.29943609238  3.117874E-15
3525.58770489693  3.164193E-15
3527.87597370148  3.175088E-15
3530.16424250603  3.180070E-15
3532.45251131058  3.032877E-15
3534.74078011513  2.959906E-15
3537.02904891968  3.071781E-15
3539.31731772423  3.189803E-15
3541.60558652878  3.211903E-15
3543.89385533333  3.181441E-15
3546.18212413788  3.226937E-15
3548.47039294243  3.142411E-15
3550.75866174698  3.045533E-15
3553.04693055153  3.169534E-15
3555.33519935608  3.232498E-15
3557.62346816063  3.234370E-15
3559.91173696518  3.097215E-15
3562.20000576973  3.078624E-15
3564.48827457428  3.219341E-15
3566.77654337883  3.178117E-15
3569.06481218338  3.158164E-15
3571.35308098793  3.237514E-15
3573.64134979248  3.169301E-15
3575.92961859703  3.055484E-15
3578.21788740158  3.113166E-15
3580.50615620613  3.194348E-15
3582.79442501069  3.175676E-15
3585.08269381524  3.152418E-15
3587.37096261979  3.064906E-15
3589.65923142434  2.935603E-15
3591.94750022889  2.942866E-15
3594.23576903344  2.915675E-15
3596.52403783799  2.887929E-15
3598.81230664254  2.910108E-15
3601.10057544709  2.973329E-15
3603.38884425164  3.052155E-15
3605.67711305619  3.002501E-15
3607.96538186074  2.987699E-15
3610.25365066529  2.986244E-15
3612.54191946984  2.922097E-15
3614.83018827439  3.017714E-15
3617.11845707894  3.163353E-15
3619.40672588349  3.058491E-15
3621.69499468804  3.176960E-15
3623.98326349259  3.234442E-15
3626.27153229714  3.272472E-15
3628.55980110169  3.169014E-15
3630.84806990624  3.246284E-15
3633.13633871079  3.183460E-15
3635.42460751534  3.153144E-15
3637.71287631989  3.235577E-15
3640.00114512444  3.271147E-15
3642.28941392899  3.198798E-15
3644.57768273354  3.292275E-15
3646.86595153809  3.223011E-15
3649.15422034264  3.174659E-15
3651.44248914719  3.065611E-15
3653.73075795174  3.198217E-15
3656.01902675629  3.012060E-15
3658.30729556084  2.986080E-15
3660.59556436539  2.962089E-15
3662.88383316994  3.007342E-15
3665.17210197449  3.065489E-15
3667.46037077904  3.040926E-15
3669.74863958359  2.909864E-15
3672.03690838814  2.896109E-15
3674.32517719269  2.941439E-15
3676.61344599724  2.963844E-15
3678.90171480179  2.895040E-15
3681.18998360634  2.790278E-15
3683.47825241089  2.782507E-15
3685.76652121544  2.740918E-15
3688.05479001999  2.594759E-15
3690.34305882454  2.660740E-15
3692.63132762909  2.486899E-15
3694.91959643364  2.564379E-15
3697.20786523819  2.621974E-15
3699.49613404274  2.563438E-15
3701.78440284729  2.575357E-15
3704.07267165184  2.554520E-15
3706.36094045639  2.553687E-15
3708.64920926094  2.567456E-15
3710.93747806549  2.529701E-15
3713.22574687004  2.591095E-15
3715.5140156746  2.490631E-15
3717.80228447915  2.604014E-15
3720.0905532837  2.504637E-15
3722.37882208825  2.505099E-15
3724.6670908928  2.569527E-15
3726.95535969735  2.559828E-15
3729.2436285019  2.503009E-15
3731.53189730645  2.637158E-15
3733.820166111  2.606237E-15
3736.10843491555  2.525172E-15
3738.3967037201  2.487311E-15
3740.68497252465  2.569219E-15
3742.9732413292  2.493784E-15
3745.26151013375  2.583576E-15
3747.5497789383  2.729356E-15
3749.83804774285  2.723297E-15
3752.1263165474  2.687306E-15
3754.41458535195  2.675630E-15
3756.7028541565  2.736921E-15
3758.99112296105  2.762875E-15
3761.2793917656  2.804233E-15
3763.56766057015  2.893740E-15
3765.8559293747  2.917562E-15
3768.14419817925  2.959334E-15
3770.4324669838  3.045468E-15
3772.72073578835  3.049459E-15
3775.0090045929  3.027369E-15
3777.29727339745  3.057772E-15
3779.585542202  3.151229E-15
3781.87381100655  3.146617E-15
3784.1620798111  3.201198E-15
3786.45034861565  3.154541E-15
3788.7386174202  3.055341E-15
3791.02688622475  3.116031E-15
3793.3151550293  3.105541E-15
3795.60342383385  3.238550E-15
3797.8916926384  3.302653E-15
3800.17996144295  3.319118E-15
3802.4682302475  3.289666E-15
3804.75649905205  3.316048E-15
3807.0447678566  3.344145E-15
3809.33303666115  3.381080E-15
3811.6213054657  3.618118E-15
3813.90957427025  3.671724E-15
3816.1978430748  3.703632E-15
3818.48611187935  3.783117E-15
3820.7743806839  3.851793E-15
3823.06264948845  3.911217E-15
3825.350918293  3.950410E-15
3827.63918709755  4.087439E-15
3829.9274559021  4.064474E-15
3832.21572470665  4.025644E-15
3834.5039935112  4.206520E-15
3836.79226231575  4.317013E-15
3839.0805311203  4.242794E-15
3841.36879992486  4.343873E-15
3843.65706872941  4.300546E-15
3845.94533753395  4.414823E-15
3848.23360633851  4.348658E-15
3850.52187514306  4.267819E-15
3852.81014394761  4.225946E-15
3855.09841275216  4.229552E-15
3857.38668155671  4.299618E-15
3859.67495036126  4.339249E-15
3861.96321916581  4.505592E-15
3864.25148797036  4.499503E-15
3866.53975677491  4.404057E-15
3868.82802557946  4.377242E-15
3871.11629438401  4.381416E-15
3873.40456318856  4.560674E-15
3875.69283199311  4.563087E-15
3877.98110079766  4.503345E-15
3880.26936960221  4.601077E-15
3882.55763840676  4.505160E-15
3884.84590721131  4.532716E-15
3887.13417601586  4.579634E-15
3889.42244482041  4.502656E-15
3891.71071362496  4.527807E-15
3893.99898242951  4.540787E-15
3896.28725123406  4.594664E-15
3898.57552003861  4.498216E-15
3900.86378884316  4.456456E-15
3903.15205764771  4.509869E-15
3905.44032645226  4.503645E-15
3907.72859525681  4.505347E-15
3910.01686406136  4.466095E-15
3912.30513286591  4.536311E-15
3914.59340167046  4.428482E-15
3916.88167047501  4.383416E-15
3919.16993927956  4.589610E-15
3921.45820808411  4.532217E-15
3923.74647688866  4.511257E-15
3926.03474569321  4.404596E-15
3928.32301449776  4.448866E-15
3930.61128330231  4.456782E-15
3932.89955210686  4.570375E-15
3935.18782091141  4.443390E-15
3937.47608971596  4.412533E-15
3939.76435852051  4.345105E-15
3942.05262732506  4.391149E-15
3944.34089612961  4.343639E-15
3946.62916493416  4.456841E-15
3948.91743373871  4.478310E-15
3951.20570254326  4.396436E-15
3953.49397134781  4.299213E-15
3955.78224015236  4.237727E-15
3958.07050895691  4.269213E-15
3960.35877776146  4.214562E-15
3962.64704656601  4.207072E-15
3964.93531537056  4.233674E-15
3967.22358417511  4.312115E-15
3969.51185297966  4.337105E-15
3971.80012178421  4.430646E-15
3974.08839058876  4.185120E-15
3976.37665939331  4.161305E-15
3978.66492819787  4.202468E-15
3980.95319700242  4.172682E-15
3983.24146580696  4.203493E-15
3985.52973461152  4.129662E-15
3987.81800341607  4.084340E-15
3990.10627222062  4.057350E-15
3992.39454102517  4.013447E-15
3994.68280982972  4.006026E-15
3996.97107863427  4.047881E-15
3999.25934743882  4.097352E-15
4001.54761624337  4.042779E-15
4003.83588504792  4.073867E-15
4006.12415385247  4.008891E-15
4008.41242265702  4.030180E-15
4010.70069146157  3.991236E-15
4012.98896026612  4.074692E-15
4015.27722907067  4.117483E-15
4017.56549787522  4.086805E-15
4019.85376667977  4.042917E-15
4022.14203548432  4.176767E-15
4024.43030428887  4.025969E-15
4026.71857309342  4.012813E-15
4029.00684189797  4.113361E-15
4031.29511070252  4.027430E-15
4033.58337950707  4.103452E-15
4035.87164831162  4.083104E-15
4038.15991711617  4.023069E-15
4040.44818592072  4.026114E-15
4042.73645472527  4.023631E-15
4045.02472352982  4.045431E-15
4047.31299233437  4.008735E-15
4049.60126113892  4.160436E-15
4051.88952994347  4.021203E-15
4054.17779874802  3.973608E-15
4056.46606755257  3.957683E-15
4058.75433635712  4.029957E-15
4061.04260516167  3.923911E-15
4063.33087396622  3.938597E-15
4065.61914277077  4.000219E-15
4067.90741157532  3.897798E-15
4070.19568037987  3.922768E-15
4072.48394918442  4.016933E-15
4074.77221798897  3.948207E-15
4077.06048679352  4.002139E-15
4079.34875559807  3.960975E-15
4081.63702440262  3.967296E-15
4083.92529320717  3.956071E-15
4086.21356201172  3.925063E-15
4088.50183081627  3.941775E-15
4090.79009962082  4.022102E-15
4093.07836842537  3.951759E-15
4095.36663722992  3.889067E-15
4097.65490603447  3.974115E-15
4099.94317483903  3.930761E-15
4102.23144364357  3.902365E-15
4104.51971244813  3.923788E-15
4106.80798125267  3.942697E-15
4109.09625005723  4.018408E-15
4111.38451886177  3.891861E-15
4113.67278766633  3.951673E-15
4115.96105647087  3.992360E-15
4118.24932527543  3.954238E-15
4120.53759407997  3.913225E-15
4122.82586288453  4.068032E-15
4125.11413168908  4.051155E-15
4127.40240049363  3.925066E-15
4129.69066929818  3.877825E-15
4131.97893810273  3.952638E-15
4134.26720690728  4.073698E-15
4136.55547571183  4.009823E-15
4138.84374451638  3.934424E-15
4141.13201332093  3.959946E-15
4143.42028212548  3.956335E-15
4145.70855093003  3.927076E-15
4147.99681973458  3.892918E-15
4150.28508853913  3.996069E-15
4152.57335734368  3.976501E-15
4154.86162614823  3.880069E-15
4157.14989495278  3.899577E-15
4159.43816375733  3.951664E-15
4161.72643256188  4.016491E-15
4164.01470136643  3.934725E-15
4166.30297017098  3.939696E-15
4168.59123897553  3.870067E-15
4170.87950778008  3.829981E-15
4173.16777658463  3.790113E-15
4175.45604538918  3.854737E-15
4177.74431419373  3.808241E-15
4180.03258299828  3.853377E-15
4182.32085180283  3.795630E-15
4184.60912060738  3.823634E-15
4186.89738941193  3.806482E-15
4189.18565821648  3.733196E-15
4191.47392702103  3.749378E-15
4193.76219582558  3.889081E-15
4196.05046463013  3.912288E-15
4198.33873343468  3.890140E-15
4200.62700223923  3.825412E-15
4202.91527104378  3.880311E-15
4205.20353984833  3.911323E-15
4207.49180865288  3.878589E-15
4209.78007745743  3.862009E-15
4212.06834626198  3.879356E-15
4214.35661506653  3.912493E-15
4216.64488387108  3.881610E-15
4218.93315267563  3.845652E-15
4221.22142148018  3.860295E-15
4223.50969028473  3.818228E-15
4225.79795908928  3.862554E-15
4228.08622789383  3.952481E-15
4230.37449669838  3.950268E-15
4232.66276550293  3.859595E-15
4234.95103430748  3.778636E-15
4237.23930311204  3.821052E-15
4239.52757191658  3.812060E-15
4241.81584072114  3.750974E-15
4244.10410952568  3.847595E-15
4246.39237833024  3.838943E-15
4248.68064713478  3.762725E-15
4250.96891593934  3.807593E-15
4253.25718474389  3.749964E-15
4255.54545354844  3.820297E-15
4257.83372235299  3.697373E-15
4260.12199115754  3.694472E-15
4262.41025996209  3.729449E-15
4264.69852876664  3.574121E-15
4266.98679757119  3.499490E-15
4269.27506637574  3.640441E-15
4271.56333518029  3.425785E-15
4273.85160398484  3.492640E-15
4276.13987278939  3.558565E-15
4278.42814159394  3.480482E-15
4280.71641039849  3.473150E-15
4283.00467920304  3.511002E-15
4285.29294800759  3.432828E-15
4287.58121681214  3.475885E-15
4289.86948561669  3.456685E-15
4292.15775442124  3.574213E-15
4294.44602322579  3.394062E-15
4296.73429203034  3.431780E-15
4299.02256083489  3.387816E-15
4301.31082963944  3.366996E-15
4303.59909844399  3.399749E-15
4305.88736724854  3.462956E-15
4308.17563605309  3.416975E-15
4310.46390485764  3.305960E-15
4312.75217366219  3.424022E-15
4315.04044246674  3.405761E-15
4317.32871127129  3.369344E-15
4319.61698007584  3.427640E-15
4321.90524888039  3.357599E-15
4324.19351768494  3.443957E-15
4326.48178648949  3.439652E-15
4328.77005529404  3.376441E-15
4331.05832409859  3.454354E-15
4333.34659290314  3.463210E-15
4335.63486170769  3.549821E-15
4337.92313051224  3.494713E-15
4340.21139931679  3.496295E-15
4342.49966812134  3.489607E-15
4344.78793692589  3.559855E-15
4347.07620573044  3.581549E-15
4349.36447453499  3.590025E-15
4351.65274333954  3.696894E-15
4353.94101214409  3.695518E-15
4356.22928094864  3.728509E-15
4358.51754975319  3.646959E-15
4360.80581855774  3.648745E-15
4363.09408736229  3.725997E-15
4365.38235616684  3.676630E-15
4367.67062497139  3.783450E-15
4369.95889377594  3.814047E-15
4372.24716258049  3.756582E-15
4374.53543138505  3.852080E-15
4376.8237001896  3.847249E-15
4379.11196899415  3.860866E-15
4381.4002377987  3.900325E-15
4383.68850660325  3.925453E-15
4385.9767754078  3.974347E-15
4388.26504421235  4.039992E-15
4390.5533130169  4.055080E-15
4392.84158182145  4.050719E-15
4395.129850626  4.051432E-15
4397.41811943055  4.057552E-15
4399.7063882351  4.048207E-15
4401.99465703965  3.975416E-15
4404.2829258442  3.985053E-15
4406.57119464875  4.150237E-15
4408.8594634533  4.115477E-15
4411.14773225785  4.199610E-15
4413.4360010624  4.129242E-15
4415.72426986695  4.263950E-15
4418.0125386715  4.280159E-15
4420.30080747605  4.380679E-15
4422.5890762806  4.504067E-15
4424.87734508515  4.583856E-15
4427.1656138897  4.550800E-15
4429.45388269425  4.552660E-15
4431.7421514988  4.914234E-15
4434.03042030335  4.984987E-15
4436.3186891079  4.901597E-15
4438.60695791245  5.004017E-15
4440.895226717  5.188389E-15
4443.18349552155  5.336253E-15
4445.4717643261  5.327010E-15
4447.76003313065  5.297116E-15
4450.0483019352  5.273242E-15
4452.33657073975  5.386234E-15
4454.6248395443  5.378719E-15
4456.91310834885  5.666097E-15
4459.2013771534  5.560874E-15
4461.48964595795  5.560867E-15
4463.7779147625  5.605180E-15
4466.06618356705  5.416307E-15
4468.3544523716  5.430061E-15
4470.64272117615  5.349929E-15
4472.9309899807  5.342553E-15
4475.21925878525  5.329346E-15
4477.5075275898  5.263345E-15
4479.79579639435  5.302535E-15
4482.0840651989  5.320496E-15
4484.37233400346  5.296981E-15
4486.660602808  5.283336E-15
4488.94887161255  5.231608E-15
4491.2371404171  5.304235E-15
4493.52540922166  5.323775E-15
4495.8136780262  5.419481E-15
4498.10194683076  5.476251E-15
4500.3902156353  5.472132E-15
4502.67848443986  5.654629E-15
4504.9667532444  5.616617E-15
4507.25502204896  5.674858E-15
4509.54329085351  5.697932E-15
4511.83155965806  5.789491E-15
4514.11982846261  5.830708E-15
4516.40809726716  5.823259E-15
4518.69636607171  5.853796E-15
4520.98463487626  5.881397E-15
4523.27290368081  5.810243E-15
4525.56117248536  5.806604E-15
4527.84944128991  5.951495E-15
4530.13771009446  5.804769E-15
4532.42597889901  5.727292E-15
4534.71424770356  5.817791E-15
4537.00251650811  5.919747E-15
4539.29078531266  5.810279E-15
4541.57905411721  5.780628E-15
4543.86732292176  5.812636E-15
4546.15559172631  5.800025E-15
4548.44386053086  5.785476E-15
4550.73212933541  5.775401E-15
4553.02039813996  5.684486E-15
4555.30866694451  5.746194E-15
4557.59693574906  5.810579E-15
4559.88520455361  5.660575E-15
4562.17347335816  5.544260E-15
4564.46174216271  5.549628E-15
4566.75001096726  5.410687E-15
4569.03827977181  5.645461E-15
4571.32654857636  5.583537E-15
4573.61481738091  5.553984E-15
4575.90308618546  5.380758E-15
4578.19135499001  5.412015E-15
4580.47962379456  5.296664E-15
4582.76789259911  5.306091E-15
4585.05616140366  5.191917E-15
4587.34443020821  5.145690E-15
4589.63269901276  5.305028E-15
4591.92096781731  5.207655E-15
4594.20923662186  5.107644E-15
4596.49750542641  5.072785E-15
4598.78577423096  5.071458E-15
4601.07404303551  4.992566E-15
4603.36231184006  4.891615E-15
4605.65058064461  5.076553E-15
4607.93884944916  4.951470E-15
4610.22711825371  4.850766E-15
4612.51538705826  4.863471E-15
4614.80365586281  4.847610E-15
4617.09192466736  4.855956E-15
4619.38019347191  4.812788E-15
4621.66846227647  4.777428E-15
4623.95673108101  4.690248E-15
4626.24499988556  4.683929E-15
4628.53326869011  4.573799E-15
4630.82153749467  4.555461E-15
4633.10980629921  4.626688E-15
4635.39807510377  4.596915E-15
4637.68634390832  4.590385E-15
4639.97461271287  4.435896E-15
4642.26288151742  4.400765E-15
4644.55115032197  4.393684E-15
4646.83941912652  4.394229E-15
4649.12768793107  4.403311E-15
4651.41595673562  4.331316E-15
4653.70422554017  4.393951E-15
4655.99249434472  4.333391E-15
4658.28076314927  4.394869E-15
4660.56903195382  4.372908E-15
4662.85730075837  4.375405E-15
4665.14556956292  4.335949E-15
4667.43383836747  4.356152E-15
4669.72210717202  4.467785E-15
4672.01037597657  4.350355E-15
4674.29864478112  4.421838E-15
4676.58691358567  4.363352E-15
4678.87518239022  4.386322E-15
4681.16345119477  4.266243E-15
4683.45171999932  4.239907E-15
4685.73998880387  4.228375E-15
4688.02825760842  4.190889E-15
4690.31652641297  4.128233E-15
4692.60479521752  4.128802E-15
4694.89306402207  4.117389E-15
4697.18133282662  4.065083E-15
4699.46960163117  4.122522E-15
4701.75787043572  4.048966E-15
4704.04613924027  4.121235E-15
4706.33440804482  4.082416E-15
4708.62267684937  4.091660E-15
4710.91094565392  4.016125E-15
4713.19921445847  3.990436E-15
4715.48748326302  3.969161E-15
4717.77575206757  4.034239E-15
4720.06402087212  4.009532E-15
4722.35228967667  3.894237E-15
4724.64055848122  4.082910E-15
4726.92882728577  3.992815E-15
4729.21709609032  4.017129E-15
4731.50536489487  4.039061E-15
4733.79363369942  3.997814E-15
4736.08190250397  3.958057E-15
4738.37017130852  4.010926E-15
4740.65844011307  3.973827E-15
4742.94670891762  4.047859E-15
4745.23497772217  4.038780E-15
4747.52324652672  4.063278E-15
4749.81151533127  4.046850E-15
4752.09978413582  4.228464E-15
4754.38805294037  4.231866E-15
4756.67632174492  4.172837E-15
4758.96459054948  4.202955E-15
4761.25285935402  4.325079E-15
4763.54112815857  4.337181E-15
4765.82939696313  4.222212E-15
4768.11766576768  4.309728E-15
4770.40593457223  4.228029E-15
4772.69420337678  4.272958E-15
4774.98247218133  4.238527E-15
4777.27074098588  4.173826E-15
4779.55900979043  4.171150E-15
4781.84727859498  4.094497E-15
4784.13554739953  4.165304E-15
4786.42381620408  4.081675E-15
4788.71208500863  4.061024E-15
4791.00035381318  4.099710E-15
4793.28862261773  4.157945E-15
4795.57689142228  4.220962E-15
4797.86516022683  4.092360E-15
4800.15342903138  4.146791E-15
4802.44169783593  4.055747E-15
4804.72996664048  4.202942E-15
4807.01823544503  4.096829E-15
4809.30650424958  4.181061E-15
4811.59477305413  4.145365E-15
4813.88304185868  4.139358E-15
4816.17131066323  4.077825E-15
4818.45957946778  4.178785E-15
4820.74784827233  4.133185E-15
4823.03611707688  4.134577E-15
4825.32438588143  4.257989E-15
4827.61265468598  4.289516E-15
4829.90092349053  4.269727E-15
4832.18919229508  4.255629E-15
4834.47746109963  4.285378E-15
4836.76572990418  4.247030E-15
4839.05399870873  4.177181E-15
4841.34226751328  4.227368E-15
4843.63053631783  4.233502E-15
4845.91880512238  4.153931E-15
4848.20707392693  4.185147E-15
4850.49534273148  4.191862E-15
4852.78361153603  4.116945E-15
4855.07188034058  4.124448E-15
4857.36014914513  4.061927E-15
4859.64841794968  4.033555E-15
4861.93668675423  3.956106E-15
4864.22495555878  4.062524E-15
4866.51322436333  3.969345E-15
4868.80149316788  3.962956E-15
4871.08976197243  3.931563E-15
4873.37803077698  3.988059E-15
4875.66629958153  3.965195E-15
4877.95456838608  4.022555E-15
4880.24283719063  3.918260E-15
4882.53110599518  3.926556E-15
4884.81937479973  3.880554E-15
4887.10764360428  3.801192E-15
4889.39591240883  3.854287E-15
4891.68418121338  3.837788E-15
4893.97245001794  3.816760E-15
4896.26071882249  3.811506E-15
4898.54898762703  3.809833E-15
4900.83725643158  3.723891E-15
4903.12552523614  3.742506E-15
4905.41379404069  3.765785E-15
4907.70206284524  3.632043E-15
4909.99033164979  3.751826E-15
4912.27860045434  3.711324E-15
4914.56686925889  3.695743E-15
4916.85513806344  3.715019E-15
4919.14340686799  3.645144E-15
4921.43167567254  3.660545E-15
4923.71994447709  3.639846E-15
4926.00821328164  3.477504E-15
4928.29648208619  3.435983E-15
4930.58475089074  3.477552E-15
4932.87301969529  3.506077E-15
4935.16128849984  3.419708E-15
4937.44955730439  3.409559E-15
4939.73782610894  3.479502E-15
4942.02609491349  3.503468E-15
4944.31436371804  3.491194E-15
4946.60263252259  3.489268E-15
4948.89090132714  3.516466E-15
4951.17917013169  3.538110E-15
4953.46743893624  3.534946E-15
4955.75570774079  3.522075E-15
4958.04397654534  3.560800E-15
4960.33224534989  3.583552E-15
4962.62051415444  3.556910E-15
4964.90878295899  3.602658E-15
4967.19705176354  3.626851E-15
4969.48532056809  3.653023E-15
4971.77358937264  3.644828E-15
4974.06185817719  3.665865E-15
4976.35012698174  3.677984E-15
4978.63839578629  3.667122E-15
4980.92666459084  3.693022E-15
4983.21493339539  3.690163E-15
4985.50320219994  3.743418E-15
4987.79147100449  3.785818E-15
4990.07973980904  3.755490E-15
4992.36800861359  3.706549E-15
4994.65627741814  3.745474E-15
4996.94454622269  3.771798E-15
4999.23281502724  3.818530E-15
5001.52108383179  3.811954E-15
5003.80935263634  3.817013E-15
5006.09762144089  3.788130E-15
5008.38589024544  3.805921E-15
5010.67415904999  3.897705E-15
5012.96242785454  3.919910E-15
5015.25069665909  3.977101E-15
5017.53896546364  3.984147E-15
5019.82723426819  3.980091E-15
5022.11550307275  4.018380E-15
5024.40377187729  4.052876E-15
5026.69204068184  4.035516E-15
5028.9803094864  4.031683E-15
5031.26857829095  4.097488E-15
5033.5568470955  4.177836E-15
5035.84511590005  4.220373E-15
5038.1333847046  4.220451E-15
5040.42165350915  4.190483E-15
5042.7099223137  4.183920E-15
5044.99819111825  4.222967E-15
5047.2864599228  4.251097E-15
5049.57472872735  4.245559E-15
5051.8629975319  4.247813E-15
5054.15126633645  4.270732E-15
5056.439535141  4.287252E-15
5058.72780394555  4.299581E-15
5061.0160727501  4.339768E-15
5063.30434155465  4.405561E-15
5065.5926103592  4.468761E-15
5067.88087916375  4.505710E-15
5070.1691479683  4.495748E-15
5072.45741677285  4.466962E-15
5074.7456855774  4.472530E-15
5077.03395438195  4.517124E-15
5079.3222231865  4.582915E-15
5081.61049199105  4.645698E-15
5083.8987607956  4.680820E-15
5086.18702960015  4.693756E-15
5088.4752984047  4.699275E-15
5090.76356720925  4.708209E-15
5093.0518360138  4.728364E-15
5095.34010481835  4.749538E-15
5097.6283736229  4.762391E-15
5099.91664242745  4.777799E-15
5102.204911232  4.803980E-15
5104.49318003655  4.832458E-15
5106.7814488411  4.858357E-15
5109.06971764565  4.890940E-15
5111.3579864502  4.931525E-15
5113.64625525475  4.964028E-15
5115.9345240593  4.981586E-15
5118.22279286385  4.990899E-15
5120.5110616684  5.006309E-15
5122.79933047295  5.054340E-15
5125.0875992775  5.127971E-15
5127.37586808205  5.182830E-15
5129.6641368866  5.212276E-15
5131.95240569115  5.241388E-15
5134.2406744957  5.272713E-15
5136.52894330025  5.296224E-15
5138.8172121048  5.304396E-15
5141.10548090935  5.291480E-15
5143.3937497139  5.271232E-15
5145.68201851845  5.264102E-15
5147.970287323  5.286492E-15
5150.25855612755  5.348055E-15
5152.5468249321  5.406838E-15
5154.83509373665  5.416493E-15
5157.1233625412  5.401200E-15
5159.41163134575  5.395531E-15
5161.6999001503  5.408378E-15
5163.98816895485  5.439833E-15
5166.27643775941  5.467816E-15
5168.56470656395  5.473301E-15
5170.85297536851  5.455115E-15
5173.14124417305  5.424465E-15
5175.42951297761  5.423635E-15
5177.71778178216  5.464965E-15
5180.00605058671  5.493040E-15
5182.29431939126  5.483821E-15
5184.58258819581  5.468038E-15
5186.87085700036  5.464926E-15
5189.15912580491  5.482155E-15
5191.44739460946  5.507055E-15
5193.73566341401  5.499942E-15
5196.02393221856  5.477180E-15
5198.31220102311  5.503990E-15
5200.60046982766  5.559231E-15
5202.88873863221  5.567262E-15
5205.17700743676  5.540558E-15
5207.46527624131  5.533166E-15
5209.75354504586  5.561563E-15
5212.04181385041  5.626053E-15
5214.33008265496  5.677736E-15
5216.61835145951  5.659223E-15
5218.90662026406  5.615449E-15
5221.19488906861  5.608721E-15
5223.48315787316  5.605296E-15
5225.77142667771  5.569563E-15
5228.05969548226  5.567553E-15
5230.34796428681  5.646901E-15
5232.63623309136  5.727727E-15
5234.92450189591  5.744428E-15
5237.21277070046  5.715759E-15
5239.50103950501  5.673755E-15
5241.78930830956  5.675677E-15
5244.07757711411  5.732803E-15
5246.36584591866  5.749516E-15
5248.65411472321  5.698913E-15
5250.94238352776  5.673526E-15
5253.23065233231  5.704019E-15
5255.51892113686  5.744630E-15
5257.80718994141  5.760814E-15
5260.09545874596  5.722873E-15
5262.38372755051  5.658156E-15
5264.67199635506  5.642993E-15
5266.96026515961  5.676485E-15
5269.24853396416  5.708038E-15
5271.53680276871  5.720168E-15
5273.82507157326  5.711277E-15
5276.11334037781  5.691339E-15
5278.40160918236  5.676812E-15
5280.68987798691  5.667040E-15
5282.97814679146  5.656445E-15
5285.26641559601  5.655486E-15
5287.55468440056  5.674106E-15
5289.84295320511  5.697203E-15
5292.13122200966  5.708423E-15
5294.41949081421  5.706540E-15
5296.70775961876  5.696876E-15
5298.99602842331  5.706303E-15
5301.28429722786  5.747050E-15
5303.57256603242  5.774220E-15
5305.86083483697  5.762651E-15
5308.14910364152  5.747423E-15
5310.43737244607  5.751785E-15
5312.72564125062  5.773050E-15
5315.01391005517  5.798299E-15
5317.30217885972  5.794035E-15
5319.59044766427  5.763323E-15
5321.87871646882  5.760599E-15
5324.16698527337  5.786333E-15
5326.45525407792  5.784600E-15
5328.74352288247  5.759374E-15
5331.03179168702  5.761700E-15
5333.32006049157  5.785743E-15
5335.60832929612  5.790478E-15
5337.89659810067  5.790914E-15
5340.18486690522  5.827466E-15
5342.47313570977  5.866759E-15
5344.76140451432  5.852173E-15
5347.04967331887  5.820381E-15
5349.33794212342  5.829031E-15
5351.62621092797  5.846986E-15
5353.91447973252  5.830996E-15
5356.20274853707  5.799727E-15
5358.49101734162  5.778450E-15
5360.77928614617  5.773158E-15
5363.06755495072  5.783066E-15
5365.35582375527  5.788023E-15
5367.64409255982  5.773654E-15
5369.93236136437  5.752952E-15
5372.22063016892  5.736005E-15
5374.50889897347  5.719789E-15
5376.79716777802  5.703732E-15
5379.08543658257  5.690028E-15
5381.37370538712  5.684564E-15
5383.66197419167  5.703384E-15
5385.95024299622  5.733089E-15
5388.23851180077  5.720298E-15
5390.52678060532  5.670155E-15
5392.81504940987  5.647741E-15
5395.10331821442  5.653290E-15
5397.39158701897  5.637586E-15
5399.67985582352  5.599130E-15
5401.96812462807  5.562987E-15
5404.25639343262  5.541233E-15
5406.54466223717  5.539979E-15
5408.83293104172  5.540701E-15
5411.12119984627  5.516765E-15
5413.40946865082  5.472806E-15
5415.69773745537  5.423793E-15
5417.98600625992  5.377232E-15
5420.27427506447  5.339128E-15
5422.56254386902  5.320507E-15
5424.85081267357  5.325524E-15
5427.13908147812  5.324493E-15
5429.42735028267  5.293141E-15
5431.71561908722  5.247492E-15
5434.00388789178  5.203856E-15
5436.29215669632  5.164325E-15
5438.58042550088  5.130705E-15
5440.86869430543  5.101353E-15
5443.15696310998  5.081133E-15
5445.44523191453  5.094325E-15
5447.73350071908  5.130423E-15
5450.02176952363  5.122674E-15
5452.31003832818  5.061933E-15
5454.59830713273  5.010596E-15
5456.88657593728  4.990923E-15
5459.17484474183  4.988267E-15
5461.46311354638  4.985367E-15
5463.75138235093  4.960245E-15
5466.03965115548  4.919230E-15
5468.32791996003  4.886758E-15
5470.61618876458  4.868579E-15
5472.90445756913  4.860880E-15
5475.19272637368  4.857216E-15
5477.48099517823  4.849749E-15
5479.76926398278  4.829333E-15
5482.05753278733  4.789929E-15
5484.34580159188  4.747484E-15
5486.63407039643  4.720612E-15
5488.92233920098  4.716597E-15
5491.21060800553  4.733392E-15
5493.49887681008  4.729427E-15
5495.78714561463  4.677820E-15
5498.07541441918  4.634977E-15
5500.36368322373  4.637737E-15
5502.65195202828  4.633035E-15
5504.94022083283  4.594172E-15
5507.22848963738  4.573925E-15
5509.51675844193  4.589570E-15
5511.80502724648  4.586058E-15
5514.09329605103  4.545641E-15
5516.38156485558  4.506508E-15
5518.66983366013  4.487852E-15
5520.95810246468  4.489857E-15
5523.24637126923  4.494896E-15
5525.53464007378  4.464043E-15
5527.82290887833  4.413123E-15
5530.11117768288  4.400190E-15
5532.39944648743  4.417893E-15
5534.68771529198  4.421359E-15
5536.97598409653  4.403474E-15
5539.26425290108  4.373817E-15
5541.55252170563  4.348614E-15
5543.84079051018  4.345530E-15
5546.12905931473  4.350264E-15
5548.41732811928  4.340918E-15
5550.70559692383  4.316661E-15
5552.99386572838  4.282823E-15
5555.28213453293  4.255956E-15
5557.57040333748  4.248523E-15
5559.85867214203  4.235174E-15
5562.14694094658  4.198364E-15
5564.43520975113  4.175098E-15
5566.72347855568  4.185805E-15
5569.01174736023  4.185524E-15
5571.30001616479  4.150264E-15
5573.58828496933  4.114817E-15
5575.87655377389  4.097172E-15
5578.16482257844  4.079789E-15
5580.45309138299  4.057820E-15
5582.74136018754  4.045377E-15
5585.02962899209  4.041412E-15
5587.31789779664  4.027692E-15
5589.60616660119  4.001865E-15
5591.89443540574  3.976451E-15
5594.18270421029  3.953635E-15
5596.47097301484  3.927947E-15
5598.75924181939  3.904859E-15
5601.04751062394  3.895360E-15
5603.33577942849  3.891412E-15
5605.62404823304  3.877168E-15
5607.91231703759  3.853590E-15
5610.20058584214  3.827783E-15
5612.48885464669  3.807065E-15
5614.77712345124  3.797702E-15
5617.06539225579  3.788772E-15
5619.35366106034  3.769101E-15
5621.64192986489  3.753303E-15
5623.93019866944  3.755811E-15
5626.21846747399  3.775244E-15
5628.50673627854  3.802506E-15
5630.79500508309  3.803195E-15
5633.08327388764  3.762835E-15
5635.37154269219  3.734285E-15
5637.65981149674  3.745669E-15
5639.94808030129  3.755511E-15
5642.23634910584  3.743782E-15
5644.52461791039  3.734977E-15
5646.81288671494  3.735716E-15
5649.10115551949  3.726394E-15
5651.38942432404  3.707080E-15
5653.67769312859  3.700187E-15
5655.96596193314  3.706410E-15
5658.25423073769  3.707276E-15
5660.54249954224  3.699945E-15
5662.83076834679  3.691472E-15
5665.11903715134  3.690655E-15
5667.40730595589  3.708373E-15
5669.69557476044  3.727238E-15
5671.98384356499  3.717765E-15
5674.27211236954  3.707207E-15
5676.56038117409  3.738321E-15
5678.84864997864  3.774898E-15
5681.13691878319  3.767292E-15
5683.42518758774  3.744322E-15
5685.71345639229  3.744767E-15
5688.00172519685  3.761097E-15
5690.2899940014  3.780328E-15
5692.57826280595  3.800556E-15
5694.8665316105  3.818641E-15
5697.15480041505  3.821593E-15
5699.4430692196  3.809028E-15
5701.73133802415  3.822149E-15
5704.0196068287  3.873513E-15
5706.30787563325  3.901434E-15
5708.5961444378  3.884588E-15
5710.88441324235  3.881301E-15
5713.1726820469  3.910601E-15
5715.46095085145  3.932677E-15
5717.749219656  3.937926E-15
5720.03748846055  3.952746E-15
5722.3257572651  3.965828E-15
5724.61402606965  3.930777E-15
5726.9022948742  3.875927E-15
5729.19056367875  3.882322E-15
5731.4788324833  3.931294E-15
5733.76710128785  3.948657E-15
5736.0553700924  3.941682E-15
5738.34363889695  3.951648E-15
5740.6319077015  3.960165E-15
5742.92017650605  3.934262E-15
5745.2084453106  3.907189E-15
5747.49671411515  3.921709E-15
5749.7849829197  3.950059E-15
5752.07325172425  3.956225E-15
5754.3615205288  3.952136E-15
5756.64978933335  3.952099E-15
5758.9380581379  3.942303E-15
5761.22632694245  3.916376E-15
5763.514595747  3.905503E-15
5765.80286455155  3.925248E-15
5768.0911333561  3.939597E-15
5770.37940216065  3.926434E-15
5772.6676709652  3.899422E-15
5774.95593976975  3.874065E-15
5777.2442085743  3.869624E-15
5779.53247737885  3.885866E-15
5781.8207461834  3.891808E-15
5784.10901498795  3.881349E-15
5786.3972837925  3.878528E-15
5788.68555259705  3.881801E-15
5790.9738214016  3.867477E-15
5793.26209020615  3.841367E-15
5795.5503590107  3.828789E-15
5797.83862781525  3.831285E-15
5800.1268966198  3.836816E-15
5802.41516542435  3.844717E-15
5804.7034342289  3.858874E-15
5806.99170303345  3.857420E-15
5809.279971838  3.814766E-15
5811.56824064255  3.773088E-15
5813.8565094471  3.783126E-15
5816.14477825165  3.800402E-15
5818.43304705621  3.774261E-15
5820.72131586075  3.745164E-15
5823.0095846653  3.753150E-15
5825.29785346986  3.771797E-15
5827.58612227441  3.777033E-15
5829.87439107896  3.781807E-15
5832.16265988351  3.790691E-15
5834.45092868806  3.774720E-15
5836.73919749261  3.729703E-15
5839.02746629716  3.710668E-15
5841.31573510171  3.733476E-15
5843.60400390626  3.740825E-15
5845.89227271081  3.714419E-15
5848.18054151536  3.690698E-15
5850.46881031991  3.685329E-15
5852.75707912446  3.694112E-15
5855.04534792901  3.705629E-15
5857.33361673356  3.699196E-15
5859.62188553811  3.680837E-15
5861.91015434266  3.676924E-15
5864.19842314721  3.676739E-15
5866.48669195176  3.649821E-15
5868.77496075631  3.620289E-15
5871.06322956086  3.631630E-15
5873.35149836541  3.659238E-15
5875.63976716996  3.659302E-15
5877.92803597451  3.632992E-15
5880.21630477906  3.594018E-15
5882.50457358361  3.554699E-15
5884.79284238816  3.526891E-15
5887.08111119271  3.512038E-15
5889.36937999726  3.509198E-15
5891.65764880181  3.520642E-15
5893.94591760636  3.545116E-15
5896.23418641091  3.572912E-15
5898.52245521546  3.594515E-15
5900.81072402001  3.604244E-15
5903.09899282456  3.598305E-15
5905.38726162911  3.573804E-15
5907.67553043366  3.538473E-15
5909.96379923821  3.516502E-15
5912.25206804276  3.518333E-15
5914.54033684731  3.535733E-15
5916.82860565186  3.556193E-15
5919.11687445641  3.562101E-15
5921.40514326096  3.553365E-15
5923.69341206551  3.546021E-15
5925.98168087006  3.543858E-15
5928.26994967461  3.542897E-15
5930.55821847916  3.540141E-15
5932.84648728371  3.532738E-15
5935.13475608826  3.527036E-15
5937.42302489281  3.532405E-15
5939.71129369736  3.550372E-15
5941.99956250191  3.578502E-15
5944.28783130646  3.602522E-15
5946.57610011101  3.607755E-15
5948.86436891556  3.604352E-15
5951.15263772011  3.604802E-15
5953.44090652466  3.598013E-15
5955.72917532922  3.575878E-15
5958.01744413376  3.556774E-15
5960.30571293831  3.555231E-15
5962.59398174287  3.566304E-15
5964.88225054742  3.580637E-15
5967.17051935197  3.578608E-15
5969.45878815652  3.557847E-15
5971.74705696107  3.556988E-15
5974.03532576562  3.586132E-15
5976.32359457017  3.605377E-15
5978.61186337472  3.595432E-15
5980.90013217927  3.562507E-15
5983.18840098382  3.526607E-15
5985.47666978837  3.525564E-15
5987.76493859292  3.552949E-15
5990.05320739747  3.563242E-15
5992.34147620202  3.553270E-15
5994.62974500657  3.547377E-15
5996.91801381112  3.546760E-15
5999.20628261567  3.542703E-15
6001.49455142022  3.528434E-15
6003.78282022477  3.498046E-15
6006.07108902932  3.471525E-15
6008.35935783387  3.473678E-15
6010.64762663842  3.480980E-15
6012.93589544297  3.462925E-15
6015.22416424752  3.435945E-15
6017.51243305207  3.421273E-15
6019.80070185662  3.411848E-15
6022.08897066117  3.400410E-15
6024.37723946572  3.399032E-15
6026.66550827027  3.411644E-15
6028.95377707482  3.408422E-15
6031.24204587937  3.374778E-15
6033.53031468392  3.342943E-15
6035.81858348847  3.330302E-15
6038.10685229302  3.317432E-15
6040.39512109757  3.296447E-15
6042.68338990212  3.279230E-15
6044.97165870667  3.269625E-15
6047.25992751122  3.261417E-15
6049.54819631577  3.253481E-15
6051.83646512032  3.250562E-15
6054.12473392487  3.245026E-15
6056.41300272942  3.219031E-15
6058.70127153397  3.179264E-15
6060.98954033852  3.148827E-15
6063.27780914307  3.125407E-15
6065.56607794762  3.093420E-15
6067.85434675217  3.065308E-15
6070.14261555672  3.062232E-15
6072.43088436127  3.060890E-15
6074.71915316582  3.028512E-15
6077.00742197037  2.984078E-15
6079.29569077493  2.955527E-15
6081.58395957948  2.938022E-15
6083.87222838403  2.921629E-15
6086.16049718858  2.900200E-15
6088.44876599313  2.870926E-15
6090.73703479768  2.847356E-15
6093.02530360223  2.837998E-15
6095.31357240678  2.827382E-15
6097.60184121133  2.806054E-15
6099.89011001588  2.785661E-15
6102.17837882043  2.771201E-15
6104.46664762498  2.750022E-15
6106.75491642953  2.724471E-15
6109.04318523408  2.724462E-15
6111.33145403863  2.746390E-15
6113.61972284318  2.740502E-15
6115.90799164773  2.706993E-15
6118.19626045228  2.698360E-15
6120.48452925683  2.716923E-15
6122.77279806138  2.725827E-15
6125.06106686593  2.718937E-15
6127.34933567048  2.707868E-15
6129.63760447503  2.701224E-15
6131.92587327958  2.707050E-15
6134.21414208413  2.716237E-15
6136.50241088868  2.713173E-15
6138.79067969323  2.706270E-15
6141.07894849778  2.709758E-15
6143.36721730233  2.713301E-15
6145.65548610688  2.704089E-15
6147.94375491143  2.692957E-15
6150.23202371598  2.692658E-15
6152.52029252053  2.700950E-15
6154.80856132508  2.714926E-15
6157.09683012963  2.743722E-15
6159.38509893418  2.786386E-15
6161.67336773873  2.803723E-15
6163.96163654328  2.780116E-15
6166.24990534783  2.768278E-15
6168.53817415238  2.791918E-15
6170.82644295693  2.807451E-15
6173.11471176148  2.799907E-15
6175.40298056603  2.802300E-15
6177.69124937058  2.823773E-15
6179.97951817513  2.844100E-15
6182.26778697968  2.858545E-15
6184.55605578423  2.876734E-15
6186.84432458878  2.899430E-15
6189.13259339333  2.921051E-15
6191.42086219788  2.941586E-15
6193.70913100243  2.964439E-15
6195.99739980698  2.984094E-15
6198.28566861153  2.991384E-15
6200.57393741608  2.993344E-15
6202.86220622063  3.002813E-15
6205.15047502518  3.017326E-15
6207.43874382973  3.030400E-15
6209.72701263429  3.047819E-15
6212.01528143884  3.075806E-15
6214.30355024338  3.104920E-15
6216.59181904794  3.125637E-15
6218.88008785249  3.145067E-15
6221.16835665704  3.169023E-15
6223.45662546159  3.186887E-15
6225.74489426614  3.192718E-15
6228.03316307069  3.200902E-15
6230.32143187524  3.218178E-15
6232.60970067979  3.227397E-15
6234.89796948434  3.223618E-15
6237.18623828889  3.228163E-15
6239.47450709344  3.249059E-15
6241.76277589799  3.272484E-15
6244.05104470254  3.293811E-15
6246.33931350709  3.319851E-15
6248.62758231164  3.349900E-15
6250.91585111619  3.376785E-15
6253.20411992074  3.397283E-15
6255.49238872529  3.411033E-15
6257.78065752984  3.419426E-15
6260.06892633439  3.425488E-15
6262.35719513894  3.428454E-15
6264.64546394349  3.425345E-15
6266.93373274804  3.423869E-15
6269.22200155259  3.434928E-15
6271.51027035714  3.440359E-15
6273.79853916169  3.418244E-15
6276.08680796624  3.398058E-15
6278.37507677079  3.414441E-15
6280.66334557534  3.455598E-15
6282.95161437989  3.501812E-15
6285.23988318444  3.543181E-15
6287.52815198899  3.571299E-15
6289.81642079354  3.582209E-15
6292.10468959809  3.575206E-15
6294.39295840264  3.554135E-15
6296.68122720719  3.523463E-15
6298.96949601174  3.481756E-15
6301.25776481629  3.440886E-15
6303.54603362084  3.441483E-15
6305.83430242539  3.486718E-15
6308.12257122994  3.521568E-15
6310.41084003449  3.522509E-15
6312.69910883904  3.504621E-15
6314.98737764359  3.484877E-15
6317.27564644814  3.485571E-15
6319.56391525269  3.497269E-15
6321.85218405724  3.484266E-15
6324.14045286179  3.451346E-15
6326.42872166634  3.427796E-15
6328.71699047089  3.415083E-15
6331.00525927544  3.401848E-15
6333.29352807999  3.394136E-15
6335.58179688454  3.402544E-15
6337.87006568909  3.409494E-15
6340.15833449364  3.393537E-15
6342.44660329819  3.381148E-15
6344.73487210274  3.402133E-15
6347.0231409073  3.431049E-15
6349.31140971185  3.439810E-15
6351.5996785164  3.441765E-15
6353.88794732095  3.448244E-15
6356.1762161255  3.438281E-15
6358.46448493005  3.402972E-15
6360.7527537346  3.376456E-15
6363.04102253915  3.378740E-15
6365.3292913437  3.389321E-15
6367.61756014825  3.396130E-15
6369.9058289528  3.405284E-15
6372.19409775735  3.422591E-15
6374.4823665619  3.455354E-15
6376.77063536645  3.499013E-15
6379.058904171  3.535384E-15
6381.34717297555  3.550554E-15
6383.6354417801  3.533755E-15
6385.92371058465  3.500234E-15
6388.2119793892  3.485744E-15
6390.50024819375  3.487034E-15
6392.7885169983  3.477934E-15
6395.07678580285  3.455985E-15
6397.3650546074  3.428925E-15
6399.65332341195  3.414373E-15
6401.9415922165  3.431402E-15
6404.22986102105  3.458388E-15
6406.5181298256  3.465127E-15
6408.80639863015  3.459963E-15
6411.0946674347  3.458760E-15
6413.38293623925  3.465636E-15
6415.6712050438  3.481893E-15
6417.95947384835  3.506020E-15
6420.2477426529  3.532251E-15
6422.53601145745  3.541539E-15
6424.824280262  3.524374E-15
6427.11254906655  3.502574E-15
6429.4008178711  3.491402E-15
6431.68908667565  3.483288E-15
6433.9773554802  3.475739E-15
6436.26562428475  3.479752E-15
6438.5538930893  3.488509E-15
6440.84216189385  3.465659E-15
6443.1304306984  3.419103E-15
6445.41869950295  3.411719E-15
6447.7069683075  3.445060E-15
6449.99523711205  3.462730E-15
6452.2835059166  3.455552E-15
6454.57177472115  3.448419E-15
6456.8600435257  3.441552E-15
6459.14831233025  3.423025E-15
6461.4365811348  3.401110E-15
6463.72484993935  3.391576E-15
6466.0131187439  3.392046E-15
6468.30138754845  3.393663E-15
6470.589656353  3.392756E-15
6472.87792515755  3.387579E-15
6475.16619396211  3.379268E-15
6477.45446276665  3.370679E-15
6479.7427315712  3.370434E-15
6482.03100037576  3.384230E-15
6484.31926918031  3.400344E-15
6486.60753798486  3.407763E-15
6488.89580678941  3.408012E-15
6491.18407559396  3.403434E-15
6493.47234439851  3.394911E-15
6495.76061320306  3.383851E-15
6498.04888200761  3.372204E-15
6500.33715081216  3.360024E-15
6502.62541961671  3.342540E-15
6504.91368842126  3.322990E-15
6507.20195722581  3.317693E-15
6509.49022603036  3.325575E-15
6511.77849483491  3.324932E-15
6514.06676363946  3.311672E-15
6516.35503244401  3.297418E-15
6518.64330124856  3.288759E-15
6520.93157005311  3.288677E-15
6523.21983885766  3.294540E-15
6525.50810766221  3.300966E-15
6527.79637646676  3.292204E-15
6530.08464527131  3.249738E-15
6532.37291407586  3.203183E-15
6534.66118288041  3.195521E-15
6536.94945168496  3.205189E-15
6539.23772048951  3.196658E-15
6541.52598929406  3.180225E-15
6543.81425809861  3.172946E-15
6546.10252690316  3.176018E-15
6548.39079570771  3.186957E-15
6550.67906451226  3.195044E-15
6552.96733331681  3.191987E-15
6555.25560212136  3.185074E-15
6557.54387092591  3.179223E-15
6559.83213973046  3.164114E-15
6562.12040853501  3.141093E-15
6564.40867733956  3.142134E-15
6566.69694614411  3.172328E-15
6568.98521494866  3.186889E-15
6571.27348375321  3.166288E-15
6573.56175255776  3.126673E-15
6575.85002136231  3.089181E-15
6578.13829016686  3.083745E-15
6580.42655897141  3.103543E-15
6582.71482777596  3.104380E-15
6585.00309658051  3.092975E-15
6587.29136538506  3.113904E-15
6589.57963418961  3.144961E-15
6591.86790299416  3.128863E-15
6594.15617179871  3.090046E-15
6596.44444060326  3.085185E-15
6598.73270940781  3.114225E-15
6601.02097821236  3.156360E-15
6603.30924701692  3.177570E-15
6605.59751582146  3.146586E-15
6607.88578462602  3.086009E-15
6610.17405343056  3.029798E-15
6612.46232223512  2.999592E-15
6614.75059103966  3.005716E-15
6617.03885984421  3.014517E-15
6619.32712864877  2.998749E-15
6621.61539745332  2.978934E-15
6623.90366625787  2.973939E-15
6626.19193506242  2.989489E-15
6628.48020386697  3.019458E-15
6630.76847267152  3.029939E-15
6633.05674147607  3.008332E-15
6635.34501028062  2.982961E-15
6637.63327908517  2.968803E-15
6639.92154788972  2.960877E-15
6642.20981669427  2.955335E-15
6644.49808549882  2.947816E-15
6646.78635430337  2.937390E-15
6649.07462310792  2.928344E-15
6651.36289191247  2.915069E-15
6653.65116071702  2.884133E-15
6655.93942952157  2.856066E-15
6658.22769832612  2.868774E-15
6660.51596713067  2.905084E-15
6662.80423593522  2.925081E-15
6665.09250473977  2.928775E-15
6667.38077354432  2.929112E-15
6669.66904234887  2.936234E-15
6671.95731115342  2.957629E-15
6674.24557995797  2.968104E-15
6676.53384876252  2.943959E-15
6678.82211756707  2.920979E-15
6681.11038637162  2.930222E-15
6683.39865517617  2.932673E-15
6685.68692398072  2.898758E-15
6687.97519278527  2.862358E-15
6690.26346158982  2.846404E-15
6692.55173039437  2.828608E-15
6694.83999919892  2.798837E-15
6697.12826800347  2.776085E-15
6699.41653680802  2.772536E-15
6701.70480561257  2.789933E-15
6703.99307441712  2.820250E-15
6706.28134322167  2.840682E-15
6708.56961202622  2.846019E-15
6710.85788083077  2.852314E-15
6713.14614963532  2.858986E-15
6715.43441843987  2.851811E-15
6717.72268724442  2.829282E-15
6720.01095604897  2.798005E-15
6722.29922485352  2.766818E-15
6724.58749365807  2.745828E-15
6726.87576246262  2.734422E-15
6729.16403126717  2.726496E-15
6731.45230007172  2.724652E-15
6733.74056887627  2.733057E-15
6736.02883768082  2.739591E-15
6738.31710648537  2.731169E-15
6740.60537528992  2.717393E-15
6742.89364409447  2.711254E-15
6745.18191289903  2.719211E-15
6747.47018170358  2.742001E-15
6749.75845050813  2.759274E-15
6752.04671931268  2.755982E-15
6754.33498811722  2.747632E-15
6756.62325692178  2.743593E-15
6758.91152572633  2.727819E-15
6761.19979453088  2.693922E-15
6763.48806333543  2.656405E-15
6765.77633213998  2.627346E-15
6768.06460094453  2.615093E-15
6770.35286974908  2.616872E-15
6772.64113855363  2.612977E-15
6774.92940735818  2.601946E-15
6777.21767616273  2.603450E-15
6779.50594496728  2.616884E-15
6781.79421377183  2.625257E-15
6784.08248257638  2.623135E-15
6786.37075138093  2.611770E-15
6788.65902018548  2.601041E-15
6790.94728899003  2.605645E-15
6793.23555779458  2.612229E-15
6795.52382659913  2.597191E-15
6797.81209540368  2.567285E-15
6800.10036420823  2.539066E-15
6802.38863301278  2.521730E-15
6804.67690181733  2.520566E-15
6806.96517062188  2.530251E-15
6809.25343942643  2.541680E-15
6811.54170823098  2.535789E-15
6813.82997703553  2.502887E-15
6816.11824584008  2.483826E-15
6818.40651464463  2.505538E-15
6820.69478344918  2.525205E-15
6822.98305225373  2.514156E-15
6825.27132105828  2.495999E-15
6827.55958986283  2.488434E-15
6829.84785866738  2.493943E-15
6832.13612747193  2.507716E-15
6834.42439627648  2.510569E-15
6836.71266508103  2.497786E-15
6839.00093388558  2.485404E-15
6841.28920269013  2.480559E-15
6843.57747149468  2.481033E-15
6845.86574029923  2.483419E-15
6848.15400910378  2.482739E-15
6850.44227790833  2.474422E-15
6852.73054671288  2.454729E-15
6855.01881551743  2.426468E-15
6857.30708432198  2.397516E-15
6859.59535312654  2.363437E-15
6861.88362193108  2.316676E-15
6864.17189073563  2.288936E-15
6866.46015954018  2.318446E-15
6868.74842834473  2.395375E-15
6871.03669714928  2.493912E-15
6873.32496595383  2.589703E-15
6875.61323475839  2.658687E-15
6877.90150356294  2.672508E-15
6880.18977236748  2.620372E-15
6882.47804117204  2.555589E-15
6884.76630997659  2.522001E-15
6887.05457878114  2.501390E-15
6889.34284758569  2.477022E-15
6891.63111639023  2.447093E-15
6893.91938519479  2.417873E-15
6896.20765399934  2.417494E-15
6898.49592280389  2.449648E-15
6900.78419160844  2.475028E-15
6903.07246041299  2.478718E-15
6905.36072921754  2.480218E-15
6907.64899802209  2.482776E-15
6909.93726682664  2.472541E-15
6912.22553563119  2.457222E-15
6914.51380443574  2.461240E-15
6916.80207324029  2.479688E-15
6919.09034204484  2.488802E-15
6921.37861084939  2.484546E-15
6923.66687965394  2.473232E-15
6925.95514845849  2.454772E-15
6928.24341726304  2.428053E-15
6930.53168606759  2.401722E-15
6932.81995487214  2.386191E-15
6935.10822367669  2.379974E-15
6937.39649248124  2.378488E-15
6939.68476128579  2.382055E-15
6941.97303009034  2.390816E-15
6944.26129889489  2.399603E-15
6946.54956769944  2.405006E-15
6948.83783650399  2.416664E-15
6951.12610530854  2.438306E-15
6953.41437411309  2.445833E-15
6955.70264291764  2.430335E-15
6957.99091172219  2.432789E-15
6960.27918052674  2.461496E-15
6962.56744933129  2.448831E-15
6964.85571813584  2.379195E-15
6967.14398694039  2.326232E-15
6969.43225574494  2.314055E-15
6971.72052454949  2.299945E-15
6974.00879335404  2.278094E-15
6976.29706215859  2.280103E-15
6978.58533096314  2.297484E-15
6980.87359976769  2.290343E-15
6983.16186857224  2.269668E-15
6985.45013737679  2.278194E-15
6987.73840618134  2.307171E-15
6990.02667498589  2.322633E-15
6992.31494379044  2.329569E-15
6994.60321259499  2.346435E-15
6996.89148139954  2.358587E-15
6999.17975020409  2.345396E-15
7001.46801900864  2.318507E-15
7003.7562878132  2.296027E-15
7006.04455661774  2.286948E-15
7008.3328254223  2.294493E-15
7010.62109422684  2.299531E-15
7012.9093630314  2.286151E-15
7015.19763183594  2.266643E-15
7017.48590064049  2.254294E-15
7019.77416944505  2.258240E-15
7022.0624382496  2.276969E-15
7024.35070705415  2.279089E-15
7026.6389758587  2.255261E-15
7028.92724466325  2.245391E-15
7031.2155134678  2.265363E-15
7033.50378227235  2.289902E-15
7035.7920510769  2.308429E-15
7038.08031988145  2.329538E-15
7040.368588686  2.349387E-15
7042.65685749055  2.352971E-15
7044.9451262951  2.341719E-15
7047.23339509965  2.329302E-15
7049.5216639042  2.322043E-15
7051.80993270875  2.322365E-15
7054.0982015133  2.320685E-15
7056.38647031785  2.301104E-15
7058.6747391224  2.280921E-15
7060.96300792695  2.288631E-15
7063.2512767315  2.300363E-15
7065.53954553605  2.281344E-15
7067.8278143406  2.264222E-15
7070.11608314515  2.288224E-15
7072.4043519497  2.318695E-15
7074.69262075425  2.318832E-15
7076.9808895588  2.315792E-15
7079.26915836335  2.334608E-15
7081.5574271679  2.355822E-15
7083.84569597245  2.364615E-15
7086.133964777  2.375104E-15
7088.42223358155  2.392165E-15
7090.7105023861  2.393509E-15
7092.99877119065  2.370708E-15
7095.2870399952  2.342719E-15
7097.57530879975  2.323813E-15
7099.8635776043  2.321067E-15
7102.15184640885  2.330093E-15
7104.4401152134  2.330280E-15
7106.72838401795  2.320373E-15
7109.0166528225  2.319353E-15
7111.30492162705  2.328948E-15
7113.5931904316  2.338263E-15
7115.88145923615  2.343481E-15
7118.1697280407  2.344149E-15
7120.45799684525  2.348294E-15
7122.7462656498  2.367445E-15
7125.03453445435  2.392456E-15
7127.3228032589  2.406787E-15
7129.61107206345  2.405589E-15
7131.899340868  2.389195E-15
7134.18760967256  2.363543E-15
7136.4758784771  2.336959E-15
7138.76414728165  2.321754E-15
7141.05241608621  2.325888E-15
7143.34068489075  2.332841E-15
7145.62895369531  2.328362E-15
7147.91722249985  2.320740E-15
7150.20549130441  2.320840E-15
7152.49376010896  2.345279E-15
7154.7820289135  2.393359E-15
7157.07029771806  2.417295E-15
7159.35856652261  2.400743E-15
7161.64683532716  2.396132E-15
7163.93510413171  2.418912E-15
7166.22337293626  2.423551E-15
7168.51164174081  2.398864E-15
7170.79991054536  2.375068E-15
7173.08817934991  2.362241E-15
7175.37644815446  2.352502E-15
7177.66471695901  2.344563E-15
7179.95298576356  2.340512E-15
7182.24125456811  2.341272E-15
7184.52952337266  2.347313E-15
7186.81779217721  2.356378E-15
7189.10606098176  2.365126E-15
7191.39432978631  2.369718E-15
7193.68259859086  2.367150E-15
7195.97086739541  2.363754E-15
7198.25913619996  2.367586E-15
7200.54740500451  2.383083E-15
7202.83567380906  2.410326E-15
7205.12394261361  2.424543E-15
7207.41221141816  2.405361E-15
7209.70048022271  2.379274E-15
7211.98874902726  2.369808E-15
7214.27701783181  2.359025E-15
7216.56528663636  2.335159E-15
7218.85355544091  2.317883E-15
7221.14182424546  2.316295E-15
7223.43009305001  2.311168E-15
7225.71836185456  2.292328E-15
7228.00663065911  2.267425E-15
7230.29489946366  2.245432E-15
7232.58316826821  2.238082E-15
7234.87143707276  2.245781E-15
7237.15970587731  2.253534E-15
7239.44797468186  2.259873E-15
7241.73624348641  2.276099E-15
7244.02451229096  2.302045E-15
7246.31278109551  2.329919E-15
7248.60104990006  2.347604E-15
7250.88931870461  2.341475E-15
7253.17758750916  2.313450E-15
7255.46585631371  2.273310E-15
7257.75412511826  2.241067E-15
7260.04239392282  2.237769E-15
7262.33066272736  2.238632E-15
7264.61893153191  2.210035E-15
7266.90720033646  2.171517E-15
7269.19546914101  2.150490E-15
7271.48373794556  2.145660E-15
7273.77200675011  2.149994E-15
7276.06027555466  2.149945E-15
7278.34854435922  2.136813E-15
7280.63681316377  2.128655E-15
7282.92508196832  2.136774E-15
7285.21335077287  2.142290E-15
7287.50161957742  2.135350E-15
7289.78988838197  2.133083E-15
7292.07815718651  2.140275E-15
7294.36642599107  2.135704E-15
7296.65469479562  2.116071E-15
7298.94296360017  2.106627E-15
7301.23123240472  2.108443E-15
7303.51950120927  2.093109E-15
7305.80777001382  2.059457E-15
7308.09603881837  2.031553E-15
7310.38430762292  2.013418E-15
7312.67257642747  1.995003E-15
7314.96084523202  1.976338E-15
7317.24911403657  1.961983E-15
7319.53738284112  1.955029E-15
7321.82565164567  1.957941E-15
7324.11392045022  1.960386E-15
7326.40218925477  1.948822E-15
7328.69045805932  1.933281E-15
7330.97872686387  1.928597E-15
7333.26699566842  1.931686E-15
7335.55526447297  1.935302E-15
7337.84353327752  1.926919E-15
7340.13180208207  1.899203E-15
7342.42007088662  1.879580E-15
7344.70833969117  1.886655E-15
7346.99660849572  1.884869E-15
7349.28487730027  1.852268E-15
7351.57314610482  1.823628E-15
7353.86141490937  1.817050E-15
7356.14968371392  1.804005E-15
7358.43795251847  1.771466E-15
7360.72622132302  1.736462E-15
7363.01449012757  1.709103E-15
7365.30275893212  1.688546E-15
7367.59102773667  1.678352E-15
7369.87929654122  1.688515E-15
7372.16756534577  1.704994E-15
7374.45583415032  1.689970E-15
7376.74410295487  1.655961E-15
7379.03237175942  1.653258E-15
7381.32064056397  1.669538E-15
7383.60890936852  1.657144E-15
7385.89717817307  1.626509E-15
7388.18544697762  1.612898E-15
7390.47371578217  1.602053E-15
7392.76198458672  1.565758E-15
7395.05025339127  1.533081E-15
7397.33852219583  1.541012E-15
7399.62679100037  1.549694E-15
7401.91505980492  1.514862E-15
7404.20332860947  1.474939E-15
7406.49159741402  1.469365E-15
7408.77986621858  1.475953E-15
7411.06813502312  1.472643E-15
7413.35640382768  1.463160E-15
7415.64467263223  1.453418E-15
7417.93294143677  1.453543E-15
7420.22121024133  1.465924E-15
7422.50947904588  1.471945E-15
7424.79774785043  1.465217E-15
7427.08601665498  1.463666E-15
7429.37428545953  1.473664E-15
7431.66255426408  1.484953E-15
7433.95082306863  1.490626E-15
7436.23909187318  1.486973E-15
7438.52736067773  1.474867E-15
7440.81562948228  1.460046E-15
7443.10389828683  1.445575E-15
7445.39216709138  1.432594E-15
7447.68043589593  1.420963E-15
7449.96870470048  1.409240E-15
7452.25697350503  1.401643E-15
7454.54524230958  1.404324E-15
7456.83351111413  1.409904E-15
7459.12177991868  1.407194E-15
7461.41004872323  1.400617E-15
7463.69831752778  1.398186E-15
7465.98658633233  1.394419E-15
7468.27485513688  1.384255E-15
7470.56312394143  1.381680E-15
7472.85139274598  1.399055E-15
7475.13966155053  1.430756E-15
7477.42793035508  1.467341E-15
7479.71619915963  1.494404E-15
7482.00446796418  1.504523E-15
7484.29273676873  1.512231E-15
7486.58100557328  1.526657E-15
7488.86927437783  1.541814E-15
7491.15754318238  1.550382E-15
7493.44581198693  1.541430E-15
7495.73408079148  1.517762E-15
7498.02234959603  1.503342E-15
7500.31061840058  1.503514E-15
7502.59888720513  1.500618E-15
7504.88715600968  1.497123E-15
7507.17542481423  1.513828E-15
7509.46369361878  1.541605E-15
7511.75196242333  1.550660E-15
7514.04023122788  1.547790E-15
7516.32850003244  1.559276E-15
7518.61676883698  1.580634E-15
7520.90503764153  1.595403E-15
7523.19330644608  1.598637E-15
7525.48157525064  1.590293E-15
7527.76984405518  1.586015E-15
7530.05811285973  1.602935E-15
7532.34638166428  1.634596E-15
7534.63465046884  1.668944E-15
7536.92291927339  1.696614E-15
7539.21118807794  1.710806E-15
7541.49945688249  1.711661E-15
7543.78772568704  1.705065E-15
7546.07599449159  1.716224E-15
7548.36426329614  1.752587E-15
7550.65253210069  1.764356E-15
7552.94080090524  1.730038E-15
7555.22906970979  1.699641E-15
7557.51733851434  1.696837E-15
7559.80560731889  1.691882E-15
7562.09387612344  1.683442E-15
7564.38214492799  1.712647E-15
7566.67041373254  1.770968E-15
7568.95868253709  1.793459E-15
7571.24695134164  1.781969E-15
7573.53522014619  1.796589E-15
7575.82348895074  1.834400E-15
7578.11175775529  1.850856E-15
7580.40002655984  1.831961E-15
7582.68829536439  1.780583E-15
7584.97656416894  1.697502E-15
7587.26483297349  1.587062E-15
7589.55310177804  1.469532E-15
7591.84137058259  1.372877E-15
7594.12963938714  1.302458E-15
7596.41790819169  1.264345E-15
7598.70617699624  1.346363E-15
7600.99444580079  1.619379E-15
7603.28271460534  2.018927E-15
7605.57098340989  2.444066E-15
7607.85925221444  2.766347E-15
7610.14752101899  2.889143E-15
7612.43578982354  2.825984E-15
7614.72405862809  2.624947E-15
7617.01232743264  2.359655E-15
7619.30059623719  2.114884E-15
7621.58886504174  1.982869E-15
7623.87713384629  1.990311E-15
7626.16540265084  2.054776E-15
7628.45367145539  2.124721E-15
7630.74194025994  2.201443E-15
7633.03020906449  2.277958E-15
7635.31847786904  2.344175E-15
7637.60674667359  2.393490E-15
7639.89501547814  2.421496E-15
7642.18328428269  2.425108E-15
7644.47155308724  2.401958E-15
7646.75982189179  2.363747E-15
7649.04809069634  2.330997E-15
7651.33635950089  2.289748E-15
7653.62462830544  2.212882E-15
7655.91289710999  2.151293E-15
7658.20116591454  2.171366E-15
7660.48943471909  2.210510E-15
7662.77770352364  2.186227E-15
7665.06597232819  2.143716E-15
7667.35424113274  2.140448E-15
7669.64250993729  2.147224E-15
7671.93077874185  2.134973E-15
7674.21904754639  2.129581E-15
7676.50731635094  2.149765E-15
7678.79558515549  2.173447E-15
7681.08385396005  2.185110E-15
7683.3721227646  2.196548E-15
7685.66039156915  2.209819E-15
7687.9486603737  2.202158E-15
7690.23692917825  2.171425E-15
7692.52519798279  2.151583E-15
7694.81346678735  2.152103E-15
7697.1017355919  2.146766E-15
7699.39000439645  2.134584E-15
7701.678273201  2.143160E-15
7703.96654200555  2.161730E-15
7706.2548108101  2.147151E-15
7708.54307961465  2.110200E-15
7710.8313484192  2.097735E-15
7713.11961722375  2.102473E-15
7715.4078860283  2.089737E-15
7717.69615483285  2.074629E-15
7719.9844236374  2.089725E-15
7722.27269244195  2.120235E-15
7724.5609612465  2.138533E-15
7726.84923005105  2.157412E-15
7729.1374988556  2.194893E-15
7731.42576766015  2.223632E-15
7733.7140364647  2.218129E-15
7736.00230526925  2.213574E-15
7738.2905740738  2.240732E-15
7740.57884287835  2.276612E-15
7742.8671116829  2.294953E-15
7745.15538048745  2.269395E-15
7747.443649292  2.202046E-15
7749.73191809655  2.177254E-15
7752.0201869011  2.225465E-15
7754.30845570565  2.249435E-15
7756.5967245102  2.213111E-15
7758.88499331475  2.190593E-15
7761.1732621193  2.205599E-15
7763.46153092385  2.216636E-15
7765.7497997284  2.208094E-15
7768.03806853295  2.187948E-15
7770.3263373375  2.164110E-15
7772.61460614206  2.146609E-15
7774.9028749466  2.138695E-15
7777.19114375115  2.138152E-15
7779.4794125557  2.143243E-15
7781.76768136026  2.151725E-15
7784.0559501648  2.164624E-15
7786.34421896935  2.184219E-15
7788.6324877739  2.199401E-15
7790.92075657846  2.197052E-15
7793.20902538301  2.193520E-15
7795.49729418756  2.208172E-15
7797.78556299211  2.221247E-15
7800.07383179666  2.211732E-15
7802.36210060121  2.198109E-15
7804.65036940576  2.196291E-15
7806.93863821031  2.183919E-15
7809.22690701486  2.147406E-15
7811.51517581941  2.113445E-15
7813.80344462396  2.100247E-15
7816.09171342851  2.097818E-15
7818.37998223306  2.096659E-15
7820.66825103761  2.090154E-15
7822.95651984216  2.077563E-15
7825.24478864671  2.068677E-15
7827.53305745126  2.069717E-15
7829.82132625581  2.082284E-15
7832.10959506036  2.100720E-15
7834.39786386491  2.111326E-15
7836.68613266946  2.112108E-15
7838.97440147401  2.110723E-15
7841.26267027856  2.110555E-15
7843.55093908311  2.112736E-15
7845.83920788766  2.111139E-15
7848.12747669221  2.096520E-15
7850.41574549676  2.071565E-15
7852.70401430131  2.043874E-15
7854.99228310586  2.025373E-15
7857.28055191041  2.026699E-15
7859.56882071496  2.032701E-15
7861.85708951951  2.024229E-15
7864.14535832406  2.005400E-15
7866.43362712861  1.984105E-15
7868.72189593316  1.960635E-15
7871.01016473771  1.936064E-15
7873.29843354226  1.917495E-15
7875.58670234681  1.908344E-15
7877.87497115136  1.897272E-15
7880.16323995591  1.880410E-15
7882.45150876046  1.876143E-15
7884.73977756501  1.893340E-15
7887.02804636956  1.923229E-15
7889.31631517411  1.949106E-15
7891.60458397866  1.938831E-15
7893.89285278321  1.897960E-15
7896.18112158776  1.883415E-15
7898.46939039231  1.901143E-15
7900.75765919686  1.905509E-15
7903.04592800141  1.882513E-15
7905.33419680596  1.840176E-15
7907.62246561051  1.802200E-15
7909.91073441507  1.804467E-15
7912.19900321961  1.821727E-15
7914.48727202416  1.797992E-15
7916.77554082871  1.759764E-15
7919.06380963327  1.762470E-15
7921.35207843782  1.767576E-15
7923.64034724236  1.717607E-15
7925.92861604692  1.660928E-15
7928.21688485147  1.658594E-15
7930.50515365602  1.684749E-15
7932.79342246057  1.701944E-15
7935.08169126512  1.695767E-15
7937.36996006967  1.662340E-15
7939.65822887422  1.630060E-15
7941.94649767877  1.622390E-15
7944.23476648332  1.632946E-15
7946.52303528787  1.651123E-15
7948.81130409242  1.661324E-15
7951.09957289697  1.656771E-15
7953.38784170152  1.652142E-15
7955.67611050607  1.651782E-15
7957.96437931062  1.639807E-15
7960.25264811517  1.620538E-15
7962.54091691972  1.625765E-15
7964.82918572427  1.647680E-15
7967.11745452882  1.638656E-15
7969.40572333337  1.598685E-15
7971.69399213792  1.564246E-15
7973.98226094247  1.547571E-15
7976.27052974702  1.546360E-15
7978.55879855157  1.552104E-15
7980.84706735612  1.552375E-15
7983.13533616067  1.540510E-15
7985.42360496522  1.513800E-15
7987.71187376977  1.485232E-15
7990.00014257432  1.471046E-15
7992.28841137887  1.462832E-15
7994.57668018342  1.448502E-15
7996.86494898797  1.436396E-15
7999.15321779252  1.435286E-15
8001.44148659707  1.439191E-15
8003.72975540162  1.441628E-15
8006.01802420617  1.440807E-15
8008.30629301072  1.437245E-15
8010.59456181527  1.439889E-15
8012.88283061982  1.449913E-15
8015.17109942437  1.444870E-15
8017.45936822892  1.419983E-15
8019.74763703347  1.408785E-15
8022.03590583802  1.419155E-15
8024.32417464257  1.417755E-15
8026.61244344712  1.392710E-15
8028.90071225167  1.356949E-15
8031.18898105622  1.325501E-15
8033.47724986077  1.318099E-15
8035.76551866532  1.324918E-15
8038.05378746987  1.311536E-15
8040.34205627442  1.283546E-15
8042.63032507897  1.270564E-15
8044.91859388352  1.268712E-15
8047.20686268808  1.259454E-15
8049.49513149262  1.238167E-15
8051.78340029717  1.206277E-15
8054.07166910173  1.171596E-15
8056.35993790628  1.143990E-15
8058.64820671082  1.139182E-15
8060.93647551537  1.167201E-15
8063.22474431993  1.191741E-15
8065.51301312448  1.179699E-15
8067.80128192903  1.160978E-15
8070.08955073358  1.164077E-15
8072.37781953813  1.177154E-15
8074.66608834268  1.187383E-15
8076.95435714723  1.188916E-15
8079.24262595178  1.179249E-15
8081.53089475633  1.164098E-15
8083.81916356088  1.150140E-15
8086.10743236543  1.144903E-15
8088.39570116998  1.147852E-15
8090.68396997453  1.144816E-15
8092.97223877908  1.133742E-15
8095.26050758363  1.129044E-15
8097.54877638818  1.128244E-15
8099.83704519273  1.112887E-15
8102.12531399728  1.085746E-15
8104.41358280183  1.063961E-15
8106.70185160638  1.059226E-15
8108.99012041093  1.080725E-15
8111.27838921548  1.103877E-15
8113.56665802003  1.089144E-15
8115.85492682458  1.062571E-15
8118.14319562913  1.071432E-15
8120.43146443368  1.093291E-15
8122.71973323823  1.090796E-15
8125.00800204278  1.078720E-15
8127.29627084733  1.079759E-15
8129.58453965188  1.098238E-15
8131.87280845643  1.131552E-15
8134.16107726098  1.153981E-15
8136.44934606553  1.147572E-15
8138.73761487008  1.140611E-15
8141.02588367463  1.152088E-15
8143.31415247918  1.157059E-15
8145.60242128373  1.141833E-15
8147.89069008828  1.124109E-15
8150.17895889283  1.115673E-15
8152.46722769738  1.117122E-15
8154.75549650193  1.123729E-15
8157.04376530648  1.121261E-15
8159.33203411103  1.109077E-15
8161.62030291558  1.103773E-15
8163.90857172013  1.109220E-15
8166.19684052468  1.117633E-15
8168.48510932923  1.123542E-15
8170.77337813378  1.123344E-15
8173.06164693833  1.116164E-15
8175.34991574288  1.102465E-15
8177.63818454743  1.098398E-15
8179.92645335199  1.125937E-15
8182.21472215653  1.160555E-15
8184.50299096108  1.163719E-15
8186.79125976563  1.155257E-15
8189.07952857018  1.167716E-15
8191.36779737474  1.186657E-15
8193.65606617929  1.192087E-15
8195.94433498384  1.195619E-15
8198.23260378839  1.209535E-15
8200.52087259294  1.226204E-15
8202.80914139749  1.238001E-15
8205.09741020204  1.243763E-15
8207.38567900659  1.246072E-15
8209.67394781114  1.259575E-15
8211.96221661569  1.287886E-15
8214.25048542024  1.306367E-15
8216.53875422479  1.303403E-15
8218.82702302934  1.293927E-15
8221.11529183389  1.286958E-15
8223.40356063844  1.280175E-15
8225.69182944299  1.282165E-15
8227.98009824754  1.315457E-15
8230.26836705209  1.366295E-15
8232.55663585664  1.387464E-15
8234.84490466119  1.375735E-15
8237.13317346574  1.359774E-15
8239.42144227029  1.353332E-15
8241.70971107484  1.362766E-15
8243.99797987939  1.376040E-15
8246.28624868394  1.372188E-15
8248.57451748849  1.365813E-15
8250.86278629304  1.381995E-15
8253.15105509759  1.405766E-15
8255.43932390214  1.414290E-15
8257.72759270669  1.416270E-15
8260.01586151124  1.425036E-15
8262.30413031579  1.438621E-15
8264.59239912034  1.453801E-15
8266.88066792489  1.474585E-15
8269.16893672944  1.501309E-15
8271.45720553399  1.518251E-15
8273.74547433854  1.516892E-15
8276.03374314309  1.512330E-15
8278.32201194764  1.516365E-15
8280.61028075219  1.530466E-15
8282.89854955674  1.550434E-15
8285.18681836129  1.562249E-15
8287.47508716584  1.558967E-15
8289.76335597039  1.544014E-15
8292.05162477494  1.526673E-15
8294.33989357949  1.523072E-15
8296.62816238404  1.533525E-15
8298.91643118859  1.545298E-15
8301.20469999314  1.542580E-15
8303.49296879769  1.505426E-15
8305.78123760224  1.466371E-15
8308.06950640679  1.487220E-15
8310.35777521134  1.537233E-15
8312.64604401589  1.546705E-15
8314.93431282044  1.528693E-15
8317.22258162499  1.522663E-15
8319.51085042955  1.531089E-15
8321.7991192341  1.547109E-15
8324.08738803865  1.558459E-15
8326.37565684319  1.554532E-15
8328.66392564775  1.549376E-15
8330.9521944523  1.557480E-15
8333.24046325685  1.575102E-15
8335.52873206139  1.595968E-15
8337.81700086595  1.612488E-15
8340.1052696705  1.620865E-15
8342.39353847505  1.628697E-15
8344.6818072796  1.643071E-15
8346.97007608415  1.669725E-15
8349.2583448887  1.703820E-15
8351.54661369325  1.721451E-15
8353.8348824978  1.714273E-15
8356.12315130235  1.695129E-15
8358.4114201069  1.681165E-15
8360.69968891145  1.696779E-15
8362.987957716  1.729931E-15
8365.27622652055  1.733756E-15
8367.5644953251  1.713364E-15
8369.85276412965  1.710523E-15
8372.1410329342  1.726650E-15
8374.42930173875  1.741406E-15
8376.7175705433  1.750776E-15
8379.00583934785  1.757626E-15
8381.2941081524  1.752159E-15
8383.58237695695  1.723616E-15
8385.8706457615  1.706558E-15
8388.15891456605  1.739231E-15
8390.4471833706  1.778413E-15
8392.73545217515  1.776136E-15
8395.0237209797  1.774068E-15
8397.31198978425  1.811218E-15
8399.6002585888  1.844336E-15
8401.88852739335  1.840521E-15
8404.1767961979  1.836648E-15
8406.46506500245  1.857838E-15
8408.753333807  1.881526E-15
8411.04160261155  1.893515E-15
8413.3298714161  1.903689E-15
8415.61814022065  1.912694E-15
8417.9064090252  1.902968E-15
8420.19467782975  1.878321E-15
8422.4829466343  1.873871E-15
8424.77121543885  1.890898E-15
8427.0594842434  1.892218E-15
8429.34775304795  1.873561E-15
8431.6360218525  1.858040E-15
8433.92429065705  1.856264E-15
8436.2125594616  1.871374E-15
8438.50082826615  1.890474E-15
8440.7890970707  1.892336E-15
8443.07736587525  1.874506E-15
8445.3656346798  1.843979E-15
8447.65390348436  1.823445E-15
8449.9421722889  1.837552E-15
8452.23044109345  1.872133E-15
8454.51870989801  1.903042E-15
8456.80697870256  1.922974E-15
8459.0952475071  1.929719E-15
8461.38351631165  1.926035E-15
8463.6717851162  1.918699E-15
8465.96005392076  1.925834E-15
8468.24832272531  1.956616E-15
8470.53659152986  1.983844E-15
8472.82486033441  1.990092E-15
8475.11312913896  1.996118E-15
8477.40139794351  2.012095E-15
8479.68966674806  2.019478E-15
8481.97793555261  2.013908E-15
8484.26620435716  2.017656E-15
8486.55447316171  2.031487E-15
8488.84274196626  2.026038E-15
8491.13101077081  1.997855E-15
8493.41927957536  1.970433E-15
8495.70754837991  1.958686E-15
8497.99581718446  1.971337E-15
8500.28408598901  1.997838E-15
8502.57235479356  2.013379E-15
8504.86062359811  2.017960E-15
8507.14889240266  2.025455E-15
8509.43716120721  2.036278E-15
8511.72543001176  2.046058E-15
8514.01369881631  2.058247E-15
8516.30196762086  2.077370E-15
8518.59023642541  2.103504E-15
8520.87850522996  2.134060E-15
8523.16677403451  2.154047E-15
8525.45504283906  2.150733E-15
8527.74331164361  2.135276E-15
8530.03158044816  2.121954E-15
8532.31984925271  2.120099E-15
8534.60811805726  2.133365E-15
8536.89638686181  2.149257E-15
8539.18465566636  2.156182E-15
8541.47292447091  2.150759E-15
8543.76119327546  2.133037E-15
8546.04946208001  2.108939E-15
8548.33773088456  2.084716E-15
8550.62599968911  2.065172E-15
8552.91426849366  2.053636E-15
8555.20253729821  2.051438E-15
8557.49080610276  2.055204E-15
8559.77907490731  2.056998E-15
8562.06734371186  2.053220E-15
8564.35561251641  2.044107E-15
8566.64388132096  2.033973E-15
8568.93215012551  2.029898E-15
8571.22041893006  2.032044E-15
8573.50868773461  2.036929E-15
8575.79695653916  2.040169E-15
8578.08522534371  2.037283E-15
8580.37349414827  2.037693E-15
8582.66176295281  2.053227E-15
8584.95003175736  2.075589E-15
8587.23830056191  2.091931E-15
8589.52656936646  2.088079E-15
8591.81483817101  2.056892E-15
8594.10310697557  2.034817E-15
8596.39137578012  2.050863E-15
8598.67964458467  2.071067E-15
8600.96791338922  2.065889E-15
8603.25618219377  2.045127E-15
8605.54445099832  2.020254E-15
8607.83271980287  1.999769E-15
8610.12098860742  1.989743E-15
8612.40925741197  1.989072E-15
8614.69752621652  1.994604E-15
8616.98579502107  2.001510E-15
8619.27406382562  2.004530E-15
8621.56233263017  1.998416E-15
8623.85060143472  1.983360E-15
8626.13887023927  1.966222E-15
8628.42713904382  1.947082E-15
8630.71540784837  1.919390E-15
8633.00367665292  1.894230E-15
8635.29194545747  1.893644E-15
8637.58021426202  1.911078E-15
8639.86848306657  1.925102E-15
8642.15675187112  1.935468E-15
8644.44502067567  1.949917E-15
8646.73328948022  1.965181E-15
8649.02155828477  1.975767E-15
8651.30982708932  1.981655E-15
8653.59809589387  1.984176E-15
8655.88636469842  1.990178E-15
8658.17463350297  2.003835E-15
8660.46290230752  2.000671E-15
8662.75117111207  1.965232E-15
8665.03943991662  1.942865E-15
8667.32770872117  1.962432E-15
8669.61597752572  1.974378E-15
8671.90424633027  1.948017E-15
8674.19251513482  1.917532E-15
8676.48078393937  1.902917E-15
8678.76905274392  1.891479E-15
8681.05732154847  1.872679E-15
8683.34559035302  1.835761E-15
8685.63385915757  1.790997E-15
8687.92212796212  1.778224E-15
8690.21039676667  1.801612E-15
8692.49866557122  1.829297E-15
8694.78693437577  1.839507E-15
8697.07520318032  1.816382E-15
8699.36347198487  1.781430E-15
8701.65174078942  1.782760E-15
8703.94000959397  1.799696E-15
8706.22827839852  1.777408E-15
8708.51654720307  1.740112E-15
8710.80481600762  1.740011E-15
8713.09308481217  1.760745E-15
8715.38135361672  1.767856E-15
8717.66962242127  1.774213E-15
8719.95789122582  1.798333E-15
8722.24616003038  1.817876E-15
8724.53442883493  1.810512E-15
8726.82269763947  1.793075E-15
8729.11096644403  1.782321E-15
8731.39923524858  1.769422E-15
8733.68750405313  1.747478E-15
8735.97577285767  1.720375E-15
8738.26404166223  1.695184E-15
8740.55231046678  1.689309E-15
8742.84057927133  1.703240E-15
8745.12884807588  1.700756E-15
8747.41711688043  1.670274E-15
8749.70538568498  1.641950E-15
8751.99365448953  1.630014E-15
8754.28192329408  1.629258E-15
8756.57019209863  1.629937E-15
8758.85846090318  1.615489E-15
8761.14672970773  1.590498E-15
8763.43499851228  1.577052E-15
8765.72326731683  1.579521E-15
8768.01153612138  1.590867E-15
8770.29980492593  1.603323E-15
8772.58807373048  1.608981E-15
8774.87634253503  1.603215E-15
8777.16461133958  1.584151E-15
8779.45288014413  1.570768E-15
8781.74114894868  1.584786E-15
8784.02941775323  1.604746E-15
8786.31768655778  1.603376E-15
8788.60595536233  1.591442E-15
8790.89422416688  1.584570E-15
8793.18249297143  1.588526E-15
8795.47076177598  1.603475E-15
8797.75903058053  1.609129E-15
8800.04729938508  1.592538E-15
8802.33556818963  1.571858E-15
8804.62383699418  1.561091E-15
8806.91210579873  1.558783E-15
8809.20037460328  1.559514E-15
8811.48864340783  1.549811E-15
8813.77691221238  1.526628E-15
8816.06518101693  1.504143E-15
8818.35344982148  1.491367E-15
8820.64171862603  1.492358E-15
8822.92998743058  1.496765E-15
8825.21825623513  1.476422E-15
8827.50652503968  1.445024E-15
8829.79479384423  1.451977E-15
8832.08306264878  1.475157E-15
8834.37133145333  1.448072E-15
8836.65960025788  1.397031E-15
8838.94786906243  1.391287E-15
8841.23613786698  1.410724E-15
8843.52440667153  1.404427E-15
8845.81267547608  1.385602E-15
8848.10094428063  1.382666E-15
8850.38921308518  1.386484E-15
8852.67748188973  1.382814E-15
8854.96575069429  1.375183E-15
8857.25401949884  1.370055E-15
8859.54228830338  1.378796E-15
8861.83055710793  1.406135E-15
8864.11882591248  1.427549E-15
8866.40709471704  1.424739E-15
8868.69536352159  1.408553E-15
8870.98363232614  1.389580E-15
8873.27190113069  1.370488E-15
8875.56016993524  1.356281E-15
8877.84843873979  1.356969E-15
8880.13670754434  1.369679E-15
8882.42497634889  1.371317E-15
8884.71324515344  1.356308E-15
8887.00151395799  1.342444E-15
8889.28978276254  1.333223E-15
8891.57805156709  1.316960E-15
8893.86632037164  1.302296E-15
8896.15458917619  1.313595E-15
8898.44285798074  1.335979E-15
8900.73112678529  1.331358E-15
8903.01939558984  1.307574E-15
8905.30766439439  1.293662E-15
8907.59593319894  1.292537E-15
8909.88420200349  1.297774E-15
8912.17247080804  1.297673E-15
8914.46073961259  1.280823E-15
8916.74900841714  1.266138E-15
8919.03727722169  1.274802E-15
8921.32554602624  1.289932E-15
8923.61381483079  1.292814E-15
8925.90208363534  1.291289E-15
8928.19035243989  1.294617E-15
8930.47862124444  1.305583E-15
8932.76689004899  1.323846E-15
8935.05515885354  1.339335E-15
8937.34342765809  1.346967E-15
8939.63169646264  1.357326E-15
8941.91996526719  1.373285E-15
8944.20823407174  1.380970E-15
8946.49650287629  1.377024E-15
8948.78477168084  1.373893E-15
8951.07304048539  1.378607E-15
8953.36130928994  1.391819E-15
8955.64957809449  1.409897E-15
8957.93784689904  1.425327E-15
8960.22611570359  1.430770E-15
8962.51438450814  1.419001E-15
8964.80265331269  1.401027E-15
8967.09092211724  1.399072E-15
8969.37919092179  1.407653E-15
8971.66745972634  1.407868E-15
8973.95572853089  1.407677E-15
8976.24399733544  1.422862E-15
8978.53226613999  1.436384E-15
8980.82053494455  1.426166E-15
8983.10880374909  1.401467E-15
8985.39707255364  1.379100E-15
8987.68534135819  1.381447E-15
8989.97361016274  1.421837E-15
8992.26187896729  1.465364E-15
8994.55014777185  1.480421E-15
8996.8384165764  1.478128E-15
8999.12668538095  1.469965E-15
9001.4149541855  1.452467E-15
9003.70322299005  1.429222E-15
9005.9914917946  1.419724E-15
9008.27976059915  1.431401E-15
9010.5680294037  1.449631E-15
9012.85629820825  1.462227E-15
9015.1445670128  1.459819E-15
9017.43283581735  1.449530E-15
9019.7211046219  1.461434E-15
9022.00937342645  1.489429E-15
9024.297642231  1.491868E-15
9026.58591103555  1.470413E-15
9028.8741798401  1.458103E-15
9031.16244864465  1.461504E-15
9033.4507174492  1.473015E-15
9035.73898625375  1.479751E-15
9038.0272550583  1.466129E-15
9040.31552386285  1.449367E-15
9042.6037926674  1.456657E-15
9044.89206147195  1.473605E-15
9047.1803302765  1.476720E-15
9049.46859908105  1.468257E-15
9051.7568678856  1.456158E-15
9054.04513669015  1.462132E-15
9056.3334054947  1.497317E-15
9058.62167429925  1.495060E-15
9060.9099431038  1.413953E-15
9063.19821190835  1.347894E-15
9065.4864807129  1.362739E-15
9067.77474951745  1.403506E-15
9070.063018322  1.428256E-15
9072.35128712655  1.443026E-15
9074.6395559311  1.451642E-15
9076.92782473565  1.455578E-15
9079.2160935402  1.457898E-15
9081.50436234475  1.462472E-15
9083.7926311493  1.465412E-15
9086.08089995385  1.451577E-15
9088.3691687584  1.429038E-15
9090.65743756295  1.429223E-15
9092.9457063675  1.443485E-15
9095.23397517205  1.433069E-15
9097.5222439766  1.409331E-15
9099.81051278115  1.411661E-15
9102.0987815857  1.430184E-15
9104.38705039025  1.434451E-15
9106.6753191948  1.428049E-15
9108.96358799935  1.425402E-15
9111.2518568039  1.432206E-15
9113.54012560845  1.450521E-15
9115.828394413  1.468709E-15
9118.11666321755  1.474067E-15
9120.4049320221  1.467009E-15
9122.69320082666  1.452438E-15
9124.98146963121  1.444793E-15
9127.26973843575  1.453666E-15
9129.55800724031  1.463180E-15
9131.84627604486  1.463391E-15
9134.13454484941  1.473038E-15
9136.42281365395  1.496448E-15
9138.71108245851  1.500220E-15
9140.99935126306  1.473099E-15
9143.28762006761  1.446678E-15
9145.57588887216  1.434657E-15
9147.86415767671  1.422163E-15
9150.15242648126  1.410884E-15
9152.44069528581  1.420895E-15
9154.72896409036  1.448903E-15
9157.01723289491  1.472047E-15
9159.30550169946  1.476831E-15
9161.59377050401  1.457572E-15
9163.88203930856  1.421258E-15
9166.17030811311  1.381511E-15
9168.45857691766  1.365522E-15
9170.74684572221  1.403412E-15
9173.03511452676  1.449099E-15
9175.32338333131  1.435447E-15
9177.61165213586  1.401493E-15
9179.89992094041  1.407876E-15
9182.18818974496  1.430094E-15
9184.47645854951  1.432813E-15
9186.76472735406  1.427119E-15
9189.05299615861  1.426628E-15
9191.34126496316  1.426308E-15
9193.62953376771  1.421248E-15
9195.91780257226  1.411257E-15
9198.20607137681  1.397693E-15
9200.49434018136  1.383457E-15
9202.78260898591  1.375146E-15
9205.07087779046  1.390870E-15
9207.35914659501  1.426477E-15
9209.64741539956  1.434929E-15
9211.93568420411  1.407649E-15
9214.22395300866  1.393654E-15
9216.51222181321  1.406689E-15
9218.80049061776  1.420524E-15
9221.08875942231  1.424130E-15
9223.37702822686  1.419207E-15
9225.66529703141  1.403670E-15
9227.95356583596  1.373058E-15
9230.24183464051  1.346984E-15
9232.53010344506  1.357265E-15
9234.81837224961  1.382444E-15
9237.10664105416  1.379434E-15
9239.39490985871  1.354178E-15
9241.68317866326  1.329216E-15
9243.97144746781  1.315266E-15
9246.25971627236  1.318380E-15
9248.54798507691  1.330822E-15
9250.83625388146  1.341168E-15
9253.12452268601  1.339035E-15
9255.41279149057  1.319242E-15
9257.70106029512  1.295542E-15
9259.98932909966  1.282646E-15
9262.27759790421  1.291681E-15
9264.56586670876  1.321360E-15
9266.85413551332  1.335659E-15
9269.14240431787  1.318122E-15
9271.43067312242  1.300470E-15
9273.71894192697  1.303788E-15
9276.00721073152  1.328795E-15
9278.29547953607  1.365758E-15
9280.58374834062  1.388804E-15
9282.87201714517  1.390562E-15
9285.16028594972  1.385696E-15
9287.44855475427  1.382076E-15
9289.73682355882  1.382184E-15
9292.02509236337  1.383063E-15
9294.31336116792  1.378344E-15
9296.60162997247  1.362174E-15
9298.88989877702  1.328421E-15
9301.17816758157  1.306112E-15
9303.46643638612  1.336547E-15
9305.75470519067  1.380131E-15
9308.04297399522  1.375435E-15
9310.33124279977  1.354658E-15
9312.61951160432  1.367654E-15
9314.90778040887  1.391118E-15
9317.19604921342  1.394675E-15
9319.48431801797  1.401816E-15
9321.77258682252  1.430836E-15
9324.06085562707  1.440399E-15
9326.34912443162  1.401371E-15
9328.63739323617  1.343728E-15
9330.92566204072  1.298949E-15
9333.21393084527  1.287187E-15
9335.50219964982  1.317063E-15
9337.79046845437  1.377105E-15
9340.07873725892  1.440558E-15
9342.36700606347  1.457610E-15
9344.65527486802  1.418311E-15
9346.94354367257  1.367265E-15
9349.23181247712  1.339115E-15
9351.52008128167  1.358629E-15
9353.80835008622  1.408046E-15
9356.09661889077  1.430373E-15
9358.38488769532  1.418863E-15
9360.67315649987  1.400648E-15
9362.96142530442  1.397576E-15
9365.24969410897  1.429685E-15
9367.53796291352  1.465510E-15
9369.82623171807  1.454274E-15
9372.11450052262  1.417159E-15
9374.40276932717  1.397275E-15
9376.69103813172  1.406873E-15
9378.97930693627  1.445921E-15
9381.26757574083  1.487007E-15
9383.55584454537  1.500421E-15
9385.84411334992  1.484004E-15
9388.13238215447  1.444028E-15
9390.42065095902  1.395501E-15
9392.70891976357  1.353916E-15
9394.99718856813  1.329243E-15
9397.28545737268  1.323020E-15
9399.57372617723  1.315264E-15
9401.86199498178  1.297973E-15
9404.15026378633  1.294338E-15
9406.43853259088  1.311618E-15
9408.72680139543  1.330953E-15
9411.01507019998  1.334848E-15
9413.30333900453  1.305274E-15
9415.59160780908  1.254801E-15
9417.87987661363  1.229898E-15
9420.16814541818  1.241676E-15
9422.45641422273  1.270131E-15
9424.74468302728  1.300945E-15
9427.03295183183  1.324572E-15
9429.32122063638  1.326137E-15
9431.60948944093  1.289218E-15
9433.89775824548  1.260773E-15
9436.18602705003  1.308431E-15
9438.47429585458  1.379775E-15
9440.76256465913  1.390143E-15
9443.05083346368  1.357413E-15
9445.33910226823  1.323169E-15
9447.62737107278  1.294991E-15
9449.91563987733  1.275800E-15
9452.20390868188  1.263023E-15
9454.49217748643  1.256095E-15
9456.78044629098  1.285683E-15
9459.06871509553  1.360593E-15
9461.35698390008  1.404567E-15
9463.64525270463  1.373927E-15
9465.93352150918  1.327988E-15
9468.22179031373  1.308643E-15
9470.51005911828  1.308980E-15
9472.79832792283  1.321039E-15
9475.08659672738  1.333815E-15
9477.37486553193  1.339882E-15
9479.66313433648  1.340025E-15
9481.95140314103  1.332313E-15
9484.23967194558  1.313615E-15
9486.52794075013  1.280271E-15
9488.81620955468  1.227237E-15
9491.10447835923  1.174625E-15
9493.39274716378  1.156432E-15
9495.68101596833  1.181874E-15
9497.96928477288  1.245902E-15
9500.25755357743  1.302016E-15
9502.54582238198  1.290734E-15
9504.83409118653  1.246964E-15
9507.12235999108  1.232461E-15
9509.41062879563  1.222473E-15
9511.69889760018  1.179806E-15
9513.98716640473  1.130289E-15
9516.27543520928  1.106478E-15
9518.56370401383  1.125624E-15
9520.85197281838  1.189132E-15
9523.14024162294  1.242263E-15
9525.42851042749  1.244510E-15
9527.71677923203  1.229444E-15
9530.00504803659  1.221170E-15
9532.29331684114  1.197056E-15
9534.58158564569  1.155967E-15
9536.86985445023  1.144323E-15
9539.15812325478  1.173571E-15
9541.44639205934  1.196220E-15
9543.73466086389  1.194287E-15
9546.02292966844  1.189943E-15
9548.31119847299  1.189377E-15
9550.59946727754  1.183342E-15
9552.88773608209  1.174202E-15
9555.17600488664  1.173758E-15
9557.46427369119  1.174006E-15
9559.75254249574  1.153012E-15
9562.04081130029  1.134134E-15
9564.32908010484  1.161924E-15
9566.61734890939  1.203257E-15
9568.90561771394  1.198074E-15
9571.19388651849  1.160227E-15
9573.48215532304  1.125587E-15
9575.77042412759  1.107040E-15
9578.05869293214  1.110166E-15
9580.34696173669  1.117569E-15
9582.63523054124  1.112224E-15
9584.92349934579  1.118843E-15
9587.21176815034  1.155366E-15
9589.50003695489  1.185967E-15
9591.78830575944  1.183786E-15
9594.07657456399  1.169002E-15
9596.36484336854  1.157169E-15
9598.65311217309  1.140104E-15
9600.94138097764  1.119748E-15
9603.22964978219  1.122234E-15
9605.51791858674  1.145215E-15
9607.80618739129  1.138379E-15
9610.09445619584  1.094150E-15
9612.38272500039  1.059544E-15
9614.67099380494  1.059107E-15
9616.95926260949  1.096136E-15
9619.24753141404  1.152062E-15
9621.53580021859  1.188827E-15
9623.82406902314  1.197709E-15
9626.11233782769  1.191143E-15
9628.40060663224  1.173712E-15
9630.68887543679  1.147277E-15
9632.97714424134  1.130694E-15
9635.2654130459  1.145814E-15
9637.55368185045  1.177992E-15
9639.84195065499  1.202008E-15
9642.13021945954  1.211751E-15
9644.41848826409  1.207234E-15
9646.70675706865  1.200683E-15
9648.99502587319  1.202982E-15
9651.28329467775  1.194010E-15
9653.5715634823  1.160084E-15
9655.85983228685  1.134092E-15
9658.1481010914  1.138355E-15
9660.43636989595  1.145066E-15
9662.7246387005  1.137481E-15
9665.01290750505  1.136669E-15
9667.3011763096  1.151357E-15
9669.58944511415  1.167664E-15
9671.8777139187  1.166985E-15
9674.16598272325  1.118642E-15
9676.4542515278  1.036998E-15
9678.74252033235  9.959295E-16
9681.0307891369  1.009221E-15
9683.31905794145  1.028793E-15
9685.607326746  1.040109E-15
9687.89559555055  1.052967E-15
9690.1838643551  1.068552E-15
9692.47213315965  1.085377E-15
9694.7604019642  1.095770E-15
9697.04867076875  1.089750E-15
9699.3369395733  1.071730E-15
9701.62520837785  1.051570E-15
9703.9134771824  1.042958E-15
9706.20174598695  1.057510E-15
9708.4900147915  1.067530E-15
9710.77828359605  1.043671E-15
9713.0665524006  1.016271E-15
9715.35482120515  1.018573E-15
9717.6430900097  1.043035E-15
9719.93135881425  1.074736E-15
9722.2196276188  1.089670E-15
9724.50789642335  1.075913E-15
9726.7961652279  1.066863E-15
9729.08443403245  1.081331E-15
9731.372702837  1.091281E-15
9733.66097164155  1.082691E-15
9735.9492404461  1.071861E-15
9738.23750925065  1.068040E-15
9740.5257780552  1.070838E-15
9742.81404685975  1.075447E-15
9745.1023156643  1.067862E-15
9747.39058446885  1.056715E-15
9749.6788532734  1.076275E-15
9751.96712207795  1.105919E-15
9754.2553908825  1.083867E-15
9756.54365968705  1.014602E-15
9758.8319284916  9.416800E-16
9761.12019729615  9.017919E-16
9763.4084661007  9.258546E-16
9765.69673490525  9.799933E-16
9767.9850037098  1.006578E-15
9770.27327251435  1.001009E-15
9772.5615413189  9.772235E-16
9774.84981012345  9.546801E-16
9777.138078928  9.526610E-16
9779.42634773256  9.764053E-16
9781.71461653711  1.020985E-15
9784.00288534166  1.044397E-15
9786.29115414621  1.018661E-15
9788.57942295076  1.000595E-15
9790.86769175531  1.024210E-15
9793.15596055985  1.017601E-15
9795.44422936441  9.495249E-16
9797.73249816896  9.038570E-16
9800.02076697351  9.222095E-16
9802.30903577806  9.579982E-16
9804.59730458261  9.822417E-16
9806.88557338716  9.949067E-16
9809.17384219171  9.931103E-16
9811.46211099626  9.723952E-16
9813.75037980081  9.446546E-16
9816.03864860536  9.374860E-16
9818.32691740991  9.463610E-16
9820.61518621446  9.414039E-16
9822.90345501901  9.247703E-16
9825.19172382356  9.174596E-16
9827.47999262811  9.187103E-16
9829.76826143266  9.180249E-16
9832.05653023721  9.187545E-16
9834.34479904176  9.281464E-16
9836.63306784631  9.335646E-16
9838.92133665086  9.199473E-16
9841.20960545541  9.057832E-16
9843.49787425996  9.125220E-16
9845.78614306451  9.224646E-16
9848.07441186906  9.181093E-16
9850.36268067361  9.270421E-16
9852.65094947816  9.655613E-16
9854.93921828271  9.821659E-16
9857.22748708726  9.452630E-16
9859.51575589181  9.022952E-16
9861.80402469636  8.840236E-16
9864.09229350091  8.665285E-16
9866.38056230546  8.411961E-16
9868.66883111001  8.313604E-16
9870.95709991456  8.415828E-16
9873.24536871911  8.496063E-16
9875.53363752366  8.457644E-16
9877.82190632821  8.345739E-16
9880.11017513276  8.230690E-16
9882.39844393731  8.218102E-16
9884.68671274186  8.277514E-16
9886.97498154641  8.286979E-16
9889.26325035096  8.158825E-16
9891.55151915551  7.814365E-16
9893.83978796006  7.604237E-16
9896.12805676461  8.046961E-16
9898.41632556916  8.749666E-16
9900.70459437371  9.022905E-16
9902.99286317826  8.986558E-16
9905.28113198281  8.971136E-16
9907.56940078736  8.948336E-16
9909.85766959192  8.848939E-16
9912.14593839647  8.776172E-16
9914.43420720102  8.811300E-16
9916.72247600556  8.828812E-16
9919.01074481011  8.724445E-16
9921.29901361467  8.559368E-16
9923.58728241922  8.415883E-16
9925.87555122377  8.450117E-16
9928.16382002832  8.632720E-16
9930.45208883287  8.412571E-16
9932.74035763742  7.728239E-16
9935.02862644197  7.510129E-16
9937.31689524652  8.012132E-16
9939.60516405107  8.451160E-16
9941.89343285562  8.507920E-16
9944.18170166017  8.384034E-16
9946.46997046472  8.281065E-16
9948.75823926927  8.459129E-16
9951.04650807382  8.768319E-16
9953.33477687837  8.736012E-16
9955.62304568292  8.463113E-16
9957.91131448747  8.355825E-16
9960.19958329202  8.554504E-16
9962.48785209657  9.090016E-16
9964.77612090112  9.304305E-16
9967.06438970567  8.388150E-16
9969.35265851022  7.441495E-16
9971.64092731477  7.874546E-16
9973.92919611932  8.515037E-16
9976.21746492387  7.962991E-16
9978.50573372842  7.281417E-16
9980.79400253297  7.558093E-16
9983.08227133752  8.054907E-16
9985.37054014207  8.055950E-16
9987.65880894662  7.606808E-16
9989.94707775117  6.955592E-16
9992.23534655572  6.885180E-16
9994.52361536027  7.646377E-16
9996.81188416482  8.106452E-16
9999.10015296937  7.752942E-16
