3200	13.01	49
3250	12.97	49
3300	12.93	49
3350	12.89	49
3400	12.86	49
3450	12.89	49
3500	12.86	49
3521.04891999673	12.8283959364978	20
3541.11447749653	12.8469868527354	20
3561.18003499633	12.802472275506	20
3581.24559249612	12.8164866422059	20
3601.31114999592	12.8283851177589	20
3621.37670749571	12.825601710361	20
3641.44226499551	12.8082809033718	20
3661.50782249531	12.8534072320841	20
3681.5733799951	12.8358467300788	20
3701.6389374949	12.8050918664992	20
3721.70449499469	12.623671108104	20
3741.77005249449	12.4427503217279	20
3761.83560999428	12.258366029949	20
3781.90116749408	12.1031931580738	20
3801.96672499388	12.2204608112528	20
3822.03228249367	11.7165105156155	20
3842.09783999347	12.2246750547835	20
3862.16339749326	11.5771056590362	20
3882.22895499306	11.820633715611	20
3902.29451249286	11.9727393841931	20
3922.36006999265	11.5935994567757	20
3942.42562749245	11.6059035925335	20
3962.49118499224	11.8059658160715	20
3982.55674249204	11.9685824809586	20
4002.62229999184	11.5528692294691	20
4022.68785749163	11.5324479110768	20
4042.75341499143	11.5091732747195	20
4062.81897249122	11.5260140395745	20
4082.88452999102	11.564052448063	20
4102.95008749082	12.0726903210828	20
4123.01564499061	11.6549032619993	20
4143.08120249041	11.5708541348612	20
4163.1467599902	11.5683729734254	20
4183.21231749	11.5866393099045	20
4203.2778749898	11.5874774420848	20
4223.34343248959	11.5813614540443	20
4243.40898998939	11.5856880701407	20
4263.47454748919	11.5830766869183	20
4283.54010498898	11.5905238852979	20
4303.60566248878	11.5868081744484	20
4323.67121998858	11.6540364710619	20
4343.73677748837	12.1524779943021	20
4363.80233498817	11.655433466869	20
4383.86789248796	11.5846122200341	20
4403.93344998776	11.5794484111801	20
4423.99900748756	11.5802108348268	20
4444.06456498735	11.5874989697435	20
4464.13012248715	11.6087556237665	20
4484.19567998695	11.612694800975	20
4504.26123748674	11.6138827742358	20
4524.32679498654	11.6192169747467	20
4544.39235248633	11.6192577261679	20
4564.45790998613	11.6286549441451	20
4584.52346748593	11.6397839407674	20
4604.58902498572	11.6503815388789	20
4624.65458248552	11.6507229983917	20
4644.72013998532	11.6530564900369	20
4664.78569748511	11.66407231668	20
4684.85125498491	11.6648982551292	20
4704.91681248471	11.6702837715623	20
4724.9823699845	11.67882871234	20
4745.0479274843	11.6904630186986	20
4765.11348498409	11.6890543190328	20
4785.17904248389	11.6910517914109	20
4805.24459998369	11.7015767165695	20
4825.31015748348	11.720435447029	20
4845.37571498328	11.8188665730083	20
4865.44127248308	12.2190799717823	20
4885.50682998287	11.7929474853924	20
4905.57238748267	11.7222672933041	20
4925.63794498247	11.7267093828334	20
4945.70350248226	11.7185624219902	20
4965.76905998206	11.7375229208079	20
4985.83461748185	11.7323559137286	20
5005.90017498165	11.7402572467059	20
5025.96573248145	11.7516952785886	20
5046.03128998124	11.7520200604244	20
5066.09684748104	11.7643518288414	20
5086.16240498084	11.7533175134933	20
5106.22796248063	11.745539295364	20
5126.29351998043	11.7547516823238	20
5146.35907748023	11.7665231782218	20
5166.42463498002	11.7586710362458	20
5186.49019247982	11.7605979501001	20
5206.55574997961	11.7717969788214	20
5226.62130747941	11.7700085700134	20
5246.68686497921	11.7699982568167	20
5266.752422479	11.7758797331717	20
5286.8179799788	11.7819957503209	20
5306.8835374786	11.7820639621635	20
5326.94909497839	11.7859468470295	20
5347.01465247819	11.7906318879646	20
5367.08020997798	11.7911594073407	20
5387.14576747778	11.7924704907956	20
5407.21132497758	11.8051034648218	20
5427.27688247737	11.8047949368774	20
5447.34243997717	11.8119488903906	20
5467.40799747697	11.8132004368529	20
5487.47355497676	11.8172408961853	20
5507.53911247656	11.8116357743464	20
5527.60466997636	11.8234986181601	20
5547.67022747615	11.8156378956417	20
5567.73578497595	11.8278766535077	20
5587.80134247574	11.8255856338591	20
5607.86689997554	11.8276932087934	20
5627.93245747534	11.8398991875334	20
5647.99801497513	11.8406873801394	20
5668.06357247493	11.8424635201904	20
5688.12912997473	11.8630688038452	20
5708.19468747452	11.863527662754	20
5728.26024497432	11.8647024892708	20
5748.32580247412	11.8670888406739	20
5768.39135997391	11.8670352979911	20
5788.45691747371	11.8671925579036	20
5808.5224749735	11.8608434306275	20
5828.5880324733	11.8671865967046	20
5848.6535899731	11.8595888537986	20
5868.71914747289	11.8701037886759	20
5888.78470497269	11.9242710057687	20
5908.85026247249	11.9236274747074	20
5928.91581997228	11.9165303740218	20
5948.98137747208	11.9285422905266	20
5969.04693497188	11.9239258538654	20
5989.11249247167	11.9113619594577	20
6009.17804997147	11.9159788847436	20
6029.24360747126	11.9169376087061	20
6049.30916497106	11.9180217116469	20
6069.37472247086	11.9370783785505	20
6089.44027997065	11.9263910777507	20
6109.50583747045	11.9365383209106	20
6129.57139497025	11.9307585585573	20
6149.63695247004	11.9502065576602	20
6169.70250996984	11.9581268028494	20
6189.76806746963	11.9536664543464	20
6209.83362496943	11.9618283562638	20
6229.89918246923	11.9649063017401	20
6249.96473996902	11.9754091418876	20
6270.03029746882	11.9946392598808	20
6290.09585496862	11.9988843620967	20
6310.16141246841	11.9947417326059	20
6330.22696996821	11.9788405774466	20
6350.29252746801	11.9909284399645	20
6370.3580849678	11.9863125045964	20
6390.4236424676	11.9842557558569	20
6410.48919996739	11.9849411341733	20
6430.55475746719	11.9897715645868	20
6450.62031496699	12.0071491204456	20
6470.68587246678	12.0260208226003	20
6490.75142996658	12.0304623458317	20
6510.81698746638	12.0337339846913	20
6530.88254496617	12.0460501971819	20
6550.94810246597	12.2043373328723	20
6571.01365996577	12.3127539291505	20
6591.07921746556	12.0490119149209	20
6611.14477496536	12.0125954397909	20
6631.21033246515	12.0036524721951	20
6651.27588996495	12.0054099211293	20
6671.34144746475	12.0104297764796	20
6691.40700496454	12.0109575957864	20
6711.47256246434	12.0098601667157	20
6731.53811996414	12.0130612775081	20
6751.60367746393	12.0150749784091	20
6771.66923496373	12.016573386445	20
6791.73479246353	12.018700083306	20
6811.80034996332	12.0170851878436	20
6831.86590746312	12.0172185995075	20
6851.93146496291	12.0323441147861	20
6871.99702246271	12.2168823053458	20
6892.06257996251	12.1562415735711	20
6912.1281374623	12.110282666724	20
6932.1936949621	12.1175796153559	20
6952.2592524619	12.1037794271569	20
6972.32480996169	12.0613763744401	20
6992.39036746149	12.1015424767179	20
7012.45592496128	12.1011890462128	20
7032.52148246108	12.0865928192887	20
7052.58703996088	12.0772473605054	20
7072.65259746067	12.0733876081883	20
7092.71815496047	12.0740493540944	20
7112.78371246027	12.0731979078875	20
7132.84926996006	12.081570507225	20
7152.91482745986	12.095922253972	20
7172.98038495966	12.2766144129959	20
7193.04594245945	12.3574768769813	20
7213.11149995925	12.2013242460306	20
7233.17705745904	12.2604637000741	20
7253.24261495884	12.2827815240952	20
7273.30817245864	12.2642956278294	20
7293.37372995843	12.2534911431435	20
7313.43928745823	12.225103440873	20
7333.50484495803	12.1487653093398	20
7353.57040245782	12.1394895536272	20
7373.63595995762	12.1400698320009	20
7393.70151745742	12.1185172740348	20
7413.76707495721	12.0992904576613	20
7433.83263245701	12.104896249822	20
7453.8981899568	12.1063340159243	20
7473.9637474566	12.1289367248395	20
7494.0293049564	12.1355711944262	20
7514.09486245619	12.1261806930803	20
7534.16041995599	12.1184834901686	20
7554.22597745579	12.1410538025364	20
7574.29153495558	12.1314299680723	20
7594.35709245538	12.6203385120915	20
7614.42264995518	12.9411079087257	20
7634.48820745497	12.7732182502163	20
7654.55376495477	12.4631270511226	20
7674.61932245456	12.2536233223449	20
7694.68487995436	12.1978362650666	20
7714.75043745416	12.180596040057	20
7734.81599495395	12.1819237469149	20
7754.88155245375	12.182322885962	20
7774.94710995355	12.2064514125249	20
7795.01266745334	12.1995598377575	20
7815.07822495314	12.1989982516473	20
7835.14378245293	12.1877260447321	20
7855.20933995273	12.2091946834085	20
7875.27489745253	12.2186388292467	20
7895.34045495232	12.2449798936043	20
7915.40601245212	12.2362311194837	20
7935.47156995192	12.2155103651124	20
7955.53712745171	12.2354702577958	20
7975.60268495151	12.2363359176409	20
7995.66824245131	12.2224975475092	20
8015.7337999511	12.2304609573571	20
8035.7993574509	12.2339596048035	20
8055.86491495069	12.2107380812758	20
8075.93047245049	12.2215724404021	20
8095.99602995029	12.2317570038855	20
8116.06158745008	12.2750403565545	20
8136.12714494988	12.3652388979052	20
8156.19270244968	12.4520131001165	20
8176.25825994947	12.4382532381545	20
8196.32381744927	12.3558600427931	20
8216.38937494907	12.3450283223549	20
8236.45493244886	12.4334805870073	20
8256.52048994866	12.3118106803839	20
8276.58604744845	12.361843576703	20
8296.65160494825	12.3445486177804	20
8316.71716244805	12.3152276010718	20
8336.78271994784	12.2954710145211	20
8356.84827744764	12.2578067759667	20
8376.91383494744	12.2660677972248	20
8396.97939244723	12.2524780030642	20
8417.04494994703	12.2593744869706	20
8437.11050744683	12.2529311646951	20
8457.17606494662	12.281862842612	20
8477.24162244642	12.2582248502486	20
8497.30717994621	12.2817957094749	20
8517.37273744601	12.258363977243	20
8537.43829494581	12.3111291014939	20
8557.5038524456	12.3065866640261	20
8577.5694099454	12.2343846918344	20
8597.6349674452	12.3903240313267	20
8617.70052494499	12.2374143759331	20
8637.76608244479	12.2041239435174	20
8657.83163994458	12.3854527423483	20
8677.89719744438	12.3394939247745	20
8697.96275494418	12.17750684832	20
8718.02831244397	12.1694526666515	20
8738.09386994377	12.3186278800801	20
8758.15942744357	12.4104651983419	20
8778.22498494336	12.1915619904768	20
8798.29054244316	12.1479610304569	20
8818.35609994296	12.1890521521957	20
8838.42165744275	12.2638554884842	20
8858.48721494255	12.4940574727726	20
8878.55277244234	12.3645147577333	20
8898.61832994214	12.2247459509848	20
8918.68388744194	12.2456678573094	20
8938.74944494173	12.2091949980293	20
8958.81500244142	12.117755473337	20
