3200	12.68	3200	12.68
3250	12.64	3220.08397725069	12.6638655899652
3300	12.63	3240.16795450137	12.6478216219498
3350	12.58	3260.25193175206	12.6378681687773
3400	12.59	3280.33590900275	12.6338135037421
3450	12.6	3300.41988625344	12.6295768992346
3500	12.6	3320.50386350412	12.6094031367433
3571	12.63	3340.58784075481	12.5893536559269
3636	12.62	3360.6718180055	12.5819577751755
3704	12.63	3380.75579525619	12.5859003496837
3862	12.38	3400.83977250687	12.5901510532084
4036	12.39	3420.92374975756	12.593933928958
4167	12.39	3441.00772700825	12.5980484281738
4255	12.42	3461.09170425894	12.59988390051
4464	12.46	3481.17568150962	12.5998415138956
4566	12.44	3501.25965876031	12.6119134102516
4785	12.46	3521.343636011	12.5894040240359
5000	12.58	3541.42761326169	12.6115087889318
5263	12.53	3561.51159051237	12.5801055741984
5556	12.59	3581.59556776306	12.6638496329466
5840	12.64	3601.67954501375	12.5949283574809
6056	12.68	3621.76352226444	12.5963990834984
6436	12.76	3641.84749951512	12.6338502440072
6790	12.8	3661.93147676581	12.6152776072
7100	12.84	3682.0154540165	12.6317587825982
7550	12.92	3702.09943126719	12.6253172684767
7780	12.93	3722.18340851787	12.5658851512544
8090	13.01	3742.26738576856	12.5677497918957
8370	13.08	3762.35136301925	12.4811841168403
8470	13.1114735911208	3782.43534026994	12.4130046886462
8570	13.1038408983951	3802.51931752062	12.5324851383753
8670	13.1445756071832	3822.60329477131	12.4222938096691
8770	13.1773437879029	3842.687272022	12.5360693230053
8870	13.1783465110234	3862.77124927269	12.3981263838079
8970	13.1945953921383	3882.85522652337	12.5505418135595
		3902.93920377406	12.4281747581971
		3923.02318102475	12.4343456723281
		3943.10715827544	12.4059652752337
		3963.19113552612	12.465082644673
		3983.27511277681	12.4282930808363
		4003.3590900275	12.3815602808276
		4023.44306727819	12.4108986932891
		4043.52704452887	12.3326311649142
		4063.61102177956	12.3577709191231
		4083.69499903025	12.3838209199887
		4103.77897628093	12.5441723581476
		4123.86295353162	12.3951158891352
		4143.94693078231	12.4377215035869
		4164.030908033	12.4197649577176
		4184.11488528368	12.4181986130851
		4204.19886253437	12.4040541360629
		4224.28283978506	12.4178459088775
		4244.36681703574	12.420924382802
		4264.45079428643	12.4198498451191
		4284.53477153712	12.3884809755004
		4304.6187487878	12.3946023444886
		4324.70272603849	12.417601742389
		4344.78670328918	12.5933717675461
		4364.87068053987	12.4016611779692
		4384.95465779055	12.440279142651
		4405.03863504124	12.4019726708454
		4425.12261229193	12.4306405069484
		4445.20658954261	12.4272113513209
		4465.2905667933	12.4327481918228
		4485.37454404399	12.4487761352457
		4505.45852129467	12.3933707320619
		4525.54249854536	12.4149315100237
		4545.62647579605	12.4117885183715
		4565.71045304674	12.4369012112021
		4585.79443029742	12.4360727429323
		4605.87840754811	12.4599304819146
		4625.9623847988	12.4791734567391
		4646.04636204948	12.4679920157844
		4666.13033930017	12.4439468871134
		4686.21431655086	12.4487813409974
		4706.29829380154	12.4501150413384
		4726.38227105223	12.4564944913402
		4746.46624830292	12.4681048700761
		4766.5502255536	12.4746272267526
		4786.63420280429	12.4644171855054
		4806.71818005498	12.4701036885303
		4826.80215730567	12.4818629005044
		4846.88613455635	12.5193264646311
		4866.97011180704	12.6745518023247
		4887.05408905773	12.5052208163404
		4907.13806630841	12.5101349526915
		4927.2220435591	12.5712355685193
		4947.30602080979	12.4902205932546
		4967.38999806047	12.5203232524186
		4987.47397531116	12.5164255058213
		5007.55795256185	12.5461345741892
		5027.64192981254	12.5373741066842
		5047.72590706322	12.5359887543129
		5067.80988431391	12.5075213207945
		5087.8938615646	12.5049356295119
		5107.97783881528	12.5052975309684
		5128.06181606597	12.5541276886353
		5148.14579331666	12.5454005848277
		5168.22977056734	12.5126441469298
		5188.31374781803	12.5208046633622
		5208.39772506872	12.5223865785325
		5228.48170231941	12.5300912016175
		5248.56567957009	12.5375673325504
		5268.64965682078	12.5548505654537
		5288.73363407147	12.5346000390623
		5308.81761132215	12.5555857051346
		5328.90158857284	12.5390839231428
		5348.98556582353	12.5515479390337
		5369.06954307421	12.5361434214664
		5389.1535203249	12.572145415138
		5409.23749757559	12.5522800876995
		5429.32147482628	12.5663994938437
		5449.40545207696	12.5538383195211
		5469.48942932765	12.5796176451577
		5489.57340657834	12.5629551396254
		5509.65738382902	12.5553050233456
		5529.74136107971	12.5899960413104
		5549.8253383304	12.5636726215904
		5569.90931558108	12.5746153139047
		5589.99329283177	12.585574364611
		5610.07727008246	12.5821948607573
		5630.16124733315	12.583616185378
		5650.24522458383	12.6157307025106
		5670.32920183452	12.6208104406032
		5690.41317908521	12.6236244983682
		5710.49715633589	12.5846763606289
		5730.58113358658	12.6103970000481
		5750.66511083727	12.6310608210191
		5770.74908808795	12.6155021533228
		5790.83306533864	12.6499026568428
		5810.91704258933	12.5925228046616
		5831.00101984002	12.6216882207209
		5851.0849970907	12.6061567895756
		5871.16897434139	12.6363183591063
		5891.25295159208	12.674438911288
		5911.33692884276	12.6293076561394
		5931.42090609345	12.6451889350903
		5951.50488334414	12.6505519351337
		5971.58886059482	12.6663957688332
		5991.67283784551	12.6633657644575
		6011.7568150962	12.6486800828454
		6031.84079234688	12.6462693210489
		6051.92476959757	12.685310547478
		6072.00874684826	12.6789302902989
		6092.09272409895	12.6673117861801
		6112.17670134963	12.6978617264568
		6132.26067860032	12.6926683484469
		6152.34465585101	12.7121761958734
		6172.42863310169	12.6938374574215
		6192.51261035238	12.730318086557
		6212.59658760307	12.7132044467584
		6232.68056485375	12.72180421445
		6252.76454210444	12.7106251914724
		6272.84851935513	12.7402741303968
		6292.93249660582	12.7757469988749
		6313.0164738565	12.7300864995451
		6333.10045110719	12.733088568487
		6353.18442835788	12.7473336264686
		6373.26840560856	12.7232983037491
		6393.35238285925	12.7187256703186
		6413.43636010994	12.7570828428802
		6433.52033736062	12.7139123452388
		6453.60431461131	12.7628635771452
		6473.688291862	12.7477891409886
		6493.77226911269	12.7545906524841
		6513.85624636337	12.7404910717774
		6533.94022361406	12.7460035325008
		6554.02420086475	12.8220019394367
		6574.10817811543	12.8565302130582
		6594.19215536612	12.808407625141
		6614.27613261681	12.7799682761348
		6634.36010986749	12.7611240452564
		6654.44408711818	12.7756975283618
		6674.52806436887	12.7867852637053
		6694.61204161956	12.7754261191641
		6714.69601887024	12.786270536023
		6734.77999612093	12.8028582863116
		6754.86397337162	12.809475680278
		6774.9479506223	12.8113193227969
		6795.03192787299	12.8012528768818
		6815.11590512368	12.7678877041507
		6835.19988237436	12.8161024730099
		6855.28385962505	12.794488137254
		6875.36783687574	12.803003630684
		6895.45181412643	12.8084929787046
		6915.53579137711	12.7951514536983
		6935.6197686278	12.8034955724375
		6955.70374587849	12.818642966507
		6975.78772312917	12.8134497617316
		6995.87170037986	12.8512026043695
		7015.95567763055	12.8465748434753
		7036.03965488123	12.7963524340198
		7056.12363213192	12.8351061526961
		7076.20760938261	12.8704830498742
		7096.2915866333	12.8473783310783
		7116.37556388398	12.8618492480656
		7136.45954113467	12.809632135631
		7156.54351838536	12.8083436914747
		7176.62749563604	12.8427002199521
		7196.71147288673	12.8075848823731
		7216.79545013742	12.8154353683515
		7236.8794273881	12.859466317328
		7256.96340463879	12.8573627600011
		7277.04738188948	12.8535225169479
		7297.13135914016	12.86310863864
		7317.21533639085	12.8453159194304
		7337.29931364154	12.8483544737364
		7357.38329089223	12.8795952984463
		7377.46726814291	12.8638374813488
		7397.5512453936	12.8584715814219
		7417.63522264429	12.8665466955716
		7437.71919989497	12.8574681295547
		7457.80317714566	12.9013615910578
		7477.88715439635	12.8930288967942
		7497.97113164703	12.9031620606941
		7518.05510889772	12.8760038933497
		7538.13908614841	12.8834979583693
		7558.2230633991	12.8923097190002
		7578.30704064978	12.8922804793669
		7598.39101790047	12.881054018124
		7618.47499515116	12.8679974766082
		7638.55897240184	12.9076105089426
		7658.64294965253	12.9121693356085
		7678.72692690322	12.9323259294678
		7698.8109041539	12.9025847642072
		7718.89488140459	12.9372316348799
		7738.97885865528	12.9418723077171
		7759.06283590597	12.9285158246044
		7779.14681315665	12.9743378199197
		7799.23079040734	12.9731345755488
		7819.31476765803	12.9768556152974
		7839.39874490871	12.911346329791
		7859.4827221594	12.9402593901603
		7879.56669941009	12.9692546657153
		7899.65067666077	12.9660830500026
		7919.73465391146	12.9089748600683
		7939.81863116215	12.9764171992397
		7959.90260841284	13.0177986796242
		7979.98658566352	12.955108575383
		8000.07056291421	12.9578377161718
		8020.1545401649	13.0436017896353
		8040.23851741558	12.9671800872609
		8060.32249466627	12.9990592247243
		8080.40647191696	12.9585131718362
		8100.49044916764	13.0196355716242
		8120.57442641833	12.9884050047666
		8140.65840366902	13.0221110941579
		8160.74238091971	12.9956422535646
		8180.82635817039	13.0217964825003
		8200.91033542108	12.9993590964603
		8220.99431267177	12.999525845024
		8241.07828992246	13.0085645862715
		8261.16226717314	13.0375253249963
		8281.24624442383	13.026645588044
		8301.33022167452	13.0594722509451
		8321.41419892521	13.1004517633222
		8341.4981761759	13.0703631789773
		8361.58215342658	13.0940813107334
		8381.66613067727	13.0919552485312
		8401.75010792796	13.1025305313123
		8421.83408517865	13.1246292535746
		8441.91806242933	13.0936998177728
		8462.00203968002	13.1282224939666
		8482.08601693071	13.1092000377033
		8502.1699941814	13.1108392529423
		8522.25397143209	13.1270128616967
		8542.33794868277	13.1478725587095
		8562.42192593346	13.1178324949108
		8582.50590318415	13.1366599883396
		8602.58988043484	13.2303245559645
		8622.67385768553	13.1740014660415
		8642.75783493621	13.1564021384377
		8662.8418121869	13.2047828380279
		8682.92578943759	13.1224423741865
		8703.00976668828	13.1267913860789
		8723.09374393897	13.1321766727891
		8743.17772118965	13.194166005218
		8763.26169844034	13.1522717030024
		8783.34567569103	13.1161495569864
		8803.42965294172	13.2009523515805
		8823.5136301924	13.1467501025651
		8843.59760744309	13.3299862854319
		8863.68158469378	13.3751053259467
		8883.76556194447	13.2441990377949
		8903.84953919516	13.2455229385127
		8923.93351644584	13.2412240308318
		8944.01749369653	13.1736706409325
		8964.10147094728	13.1312405520537
