 3128.7791 13.653  2.1
 3130.8605 13.666  2.1
 3132.9418 13.655  2.1
 3135.0232 13.632  2.1
 3137.1045 13.611  2.1
 3139.1859 13.619  2.1
 3141.2673 13.633  2.1
 3143.3486 13.633  2.1
 3145.4300 13.609  2.1
 3147.5114 13.564  2.1
 3149.5927 13.561  2.1
 3151.6741 13.608  2.1
 3153.7554 13.655  2.1
 3155.8368 13.601  2.1
 3157.9182 13.542  2.1
 3159.9995 13.532  2.1
 3162.0809 13.560  2.1
 3164.1623 13.605  2.1
 3166.2436 13.608  2.1
 3168.3250 13.579  2.1
 3170.4063 13.547  2.1
 3172.4877 13.527  2.1
 3174.5691 13.510  2.1
 3176.6504 13.453  2.1
 3178.7318 13.435  2.1
 3180.8132 13.471  2.1
 3182.8945 13.539  2.1
 3184.9759 13.596  2.1
 3187.0572 13.662  2.1
 3189.1386 13.716  2.1
 3191.2200 13.719  2.1
 3193.3013 13.767  2.1
 3195.3827 13.799  2.1
 3197.4641 13.786  2.1
 3199.5454 13.705  2.1
 3201.6268 13.582  2.1
 3203.7081 13.516  2.1
 3205.7895 13.508  2.1
 3207.8709 13.540  2.1
 3209.9522 13.517  2.1
 3212.0336 13.461  2.1
 3214.1150 13.440  2.1
 3216.1963 13.461  2.1
 3218.2777 13.492  2.1
 3220.3590 13.456  2.1
 3222.4404 13.444  2.1
 3224.5218 13.464  2.1
 3226.6031 13.510  2.1
 3228.6845 13.447  2.1
 3230.7658 13.379  2.1
 3232.8472 13.350  2.1
 3234.9286 13.383  2.1
 3237.0099 13.381  2.1
 3239.0913 13.387  2.1
 3241.1727 13.433  2.1
 3243.2540 13.506  2.1
 3245.3354 13.506  2.1
 3247.4167 13.421  2.1
 3249.4981 13.358  2.1
 3251.5795 13.338  2.1
 3253.6608 13.364  2.1
 3255.7422 13.379  2.1
 3257.8236 13.370  2.1
 3259.9049 13.345  2.1
 3261.9863 13.317  2.1
 3264.0676 13.339  2.1
 3266.1490 13.406  2.1
 3268.2304 13.468  2.1
 3270.3117 13.496  2.1
 3272.3931 13.488  2.1
 3274.4745 13.474  2.1
 3276.5558 13.451  2.1
 3278.6372 13.429  2.1
 3280.7185 13.443  2.1
 3282.7999 13.425  2.1
 3284.8813 13.413  2.1
 3286.9626 13.411  2.1
 3289.0440 13.419  2.1
 3291.1254 13.434  2.1
 3293.2067 13.438  2.1
 3295.2881 13.421  2.1
 3297.3694 13.385  2.1
 3299.4508 13.408  2.1
 3301.5322 13.394  2.1
 3303.6135 13.400  2.1
 3305.6949 13.450  2.1
 3307.7762 13.515  2.1
 3309.8576 13.519  2.1
 3311.9390 13.508  2.1
 3314.0203 13.505  2.1
 3316.1017 13.536  2.1
 3318.1831 13.521  2.1
 3320.2644 13.544  2.1
 3322.3458 13.551  2.1
 3324.4271 13.463  2.1
 3326.5085 13.346  2.1
 3328.5899 13.324  2.1
 3330.6712 13.369  2.1
 3332.7526 13.451  2.1
 3334.8340 13.469  2.1
 3336.9153 13.447  2.1
 3338.9967 13.399  2.1
 3341.0780 13.353  2.1
 3343.1594 13.392  2.1
 3345.2408 13.441  2.1
 3347.3221 13.470  2.1
 3349.4035 13.470  2.1
 3351.4849 13.443  2.1
 3353.5662 13.445  2.1
 3355.6476 13.476  2.1
 3357.7289 13.511  2.1
 3359.8103 13.523  2.1
 3361.8917 13.521  2.1
 3363.9730 13.550  2.1
 3366.0544 13.568  2.1
 3368.1358 13.553  2.1
 3370.2171 13.510  2.1
 3372.2985 13.518  2.1
 3374.3798 13.545  2.1
 3376.4612 13.568  2.1
 3378.5426 13.555  2.1
 3380.6239 13.598  2.1
 3382.7053 13.613  2.1
 3384.7867 13.604  2.1
 3386.8680 13.598  2.1
 3388.9494 13.594  2.1
 3391.0307 13.595  2.1
 3393.1121 13.606  2.1
 3395.1935 13.628  2.1
 3397.2748 13.632  2.1
 3399.3562 13.598  2.1
 3401.4375 13.573  2.1
 3403.5189 13.570  2.1
 3405.6003 13.547  2.1
 3407.6816 13.547  2.1
 3409.7630 13.585  2.1
 3411.8444 13.643  2.1
 3413.9257 13.680  2.1
 3416.0071 13.624  2.1
 3418.0884 13.539  2.1
 3420.1698 13.481  2.1
 3422.2512 13.509  2.1
 3424.3325 13.549  2.1
 3426.4139 13.582  2.1
 3428.4953 13.594  2.1
 3430.5766 13.578  2.1
 3432.6580 13.573  2.1
 3434.7393 13.582  2.1
 3436.8207 13.592  2.1
 3438.9021 13.599  2.1
 3440.9834 13.604  2.1
 3443.0648 13.582  2.1
 3445.1462 13.571  2.1
 3447.2275 13.575  2.1
 3449.3089 13.588  2.1
 3451.3902 13.559  2.1
 3453.4716 13.534  2.1
 3455.5530 13.520  2.1
 3457.6343 13.522  2.1
 3459.7157 13.536  2.1
 3461.7971 13.586  2.1
 3463.8784 13.661  2.1
 3465.9598 13.737  2.1
 3468.0411 13.708  2.1
 3470.1225 13.711  2.1
 3472.2039 13.701  2.1
 3474.2852 13.677  2.1
 3476.3666 13.670  2.1
 3478.4479 13.674  2.1
 3480.5293 13.648  2.1
 3482.6107 13.602  2.1
 3484.6920 13.555  2.1
 3486.7734 13.510  2.1
 3488.8548 13.535  2.1
 3490.9361 13.576  2.1
 3493.0175 13.616  2.1
 3495.0988 13.640  2.1
 3497.1802 13.637  2.1
 3499.2616 13.588  2.1
 3501.3429 13.549  2.1
 3503.4243 13.532  2.1
 3505.5057 13.507  2.1
 3507.5870 13.492  2.1
 3509.6684 13.521  2.1
 3511.7497 13.562  2.1
 3513.8311 13.575  2.1
 3515.9125 13.579  2.1
 3517.9938 13.550  2.1
 3520.0752 13.487  2.1
 3522.1566 13.447  2.1
 3524.2379 13.439  2.1
 3526.3193 13.441  2.1
 3528.4006 13.483  2.1
 3530.4820 13.569  2.1
 3532.5634 13.641  2.1
 3534.6447 13.664  2.1
 3536.7261 13.645  2.1
 3538.8075 13.616  2.1
 3540.8888 13.596  2.1
 3542.9702 13.583  2.1
 3545.0515 13.553  2.1
 3547.1329 13.529  2.1
 3549.2143 13.484  2.1
 3551.2956 13.460  2.1
 3553.3770 13.486  2.1
 3555.4584 13.547  2.1
 3557.5397 13.583  2.1
 3559.6211 13.581  2.1
 3561.7024 13.567  2.1
 3563.7838 13.559  2.1
 3565.8652 13.543  2.1
 3567.9465 13.541  2.1
 3570.0279 13.523  2.1
 3572.1092 13.476  2.1
 3574.1906 13.426  2.1
 3576.2720 13.443  2.1
 3578.3533 13.492  2.1
 3580.4347 13.533  2.1
 3582.5161 13.534  2.1
 3584.5974 13.523  2.1
 3586.6788 13.538  2.1
 3588.7601 13.574  2.1
 3590.8415 13.610  2.1
 3592.9229 13.633  2.1
 3595.0042 13.656  2.1
 3597.0856 13.662  2.1
 3599.1670 13.640  2.1
 3601.2483 13.596  2.1
 3603.3297 13.568  2.1
 3605.4110 13.561  2.1
 3607.4924 13.565  2.1
 3609.5738 13.571  2.1
 3611.6551 13.592  2.1
 3613.7365 13.614  2.1
 3615.8179 13.616  2.1
 3617.8992 13.610  2.1
 3619.9806 13.627  2.1
 3622.0619 13.659  2.1
 3624.1433 13.699  2.1
 3626.2247 13.732  2.1
 3628.3060 13.711  2.1
 3630.3874 13.685  2.1
 3632.4688 13.679  2.1
 3634.5501 13.679  2.1
 3636.6315 13.656  2.1
 3638.7128 13.648  2.1
 3640.7942 13.649  2.1
 3642.8756 13.650  2.1
 3644.9569 13.641  2.1
 3647.0383 13.630  2.1
 3649.1197 13.634  2.1
 3651.2010 13.639  2.1
 3653.2824 13.638  2.1
 3655.3637 13.641  2.1
 3657.4451 13.658  2.1
 3659.5265 13.671  2.1
 3661.6078 13.673  2.1
 3663.6892 13.652  2.1
 3665.7705 13.634  2.1
 3667.8519 13.623  2.1
 3669.9333 13.654  2.1
 3672.0146 13.688  2.1
 3674.0960 13.663  2.1
 3676.1774 13.632  2.1
 3678.2587 13.615  2.1
 3680.3401 13.650  2.1
 3682.4214 13.703  2.1
 3684.5028 13.747  2.1
 3686.5842 13.762  2.1
 3688.6655 13.747  2.1
 3690.7469 13.714  2.1
 3692.8283 13.693  2.1
 3694.9096 13.680  2.1
 3696.9910 13.667  2.1
 3699.0723 13.655  2.1
 3701.1537 13.670  2.1
 3703.2351 13.693  2.1
 3705.3164 13.703  2.1
 3707.3978 13.678  2.1
 3709.4792 13.658  2.1
 3711.5605 13.667  2.1
 3713.6419 13.689  2.1
 3715.7232 13.699  2.1
 3717.8046 13.706  2.1
 3719.8860 13.716  2.1
 3721.9673 13.727  2.1
 3724.0487 13.726  2.1
 3726.1301 13.687  2.1
 3728.2114 13.623  2.1
 3730.2928 13.576  2.1
 3732.3741 13.570  2.1
 3734.4555 13.611  2.1
 3736.5369 13.644  2.1
 3738.6182 13.670  2.1
 3740.6996 13.686  2.1
 3742.7809 13.711  2.1
 3744.8623 13.733  2.1
 3746.9437 13.746  2.1
 3749.0250 13.751  2.1
 3751.1064 13.751  2.1
 3753.1878 13.743  2.1
 3755.2691 13.733  2.1
 3757.3505 13.724  2.1
 3759.4318 13.716  2.1
 3761.5132 13.697  2.1
 3763.5946 13.672  2.1
 3765.6759 13.660  2.1
 3767.7573 13.668  2.1
 3769.8387 13.698  2.1
 3771.9200 13.726  2.1
 3774.0014 13.741  2.1
 3776.0827 13.749  2.1
 3778.1641 13.745  2.1
 3780.2455 13.718  2.1
 3782.3268 13.716  2.1
 3784.4082 13.724  2.1
 3786.4896 13.732  2.1
 3788.5709 13.732  2.1
 3790.6523 13.722  2.1
 3792.7336 13.722  2.1
 3794.8150 13.729  2.1
 3796.8964 13.738  2.1
 3798.9777 13.742  2.1
 3801.0591 13.743  2.1
 3803.1405 13.741  2.1
 3805.2218 13.741  2.1
 3807.3032 13.719  2.1
 3809.3845 13.725  2.1
 3811.4659 13.726  2.1
 3813.5473 13.714  2.1
 3815.6286 13.711  2.1
 3817.7100 13.766  2.1
 3819.7914 13.826  2.1
 3821.8727 13.828  2.1
 3823.9541 13.813  2.1
 3826.0354 13.813  2.1
 3828.1168 13.806  2.1
 3830.1982 13.786  2.1
 3832.2795 13.784  2.1
 3834.3609 13.756  2.1
 3836.4422 13.726  2.1
 3838.5236 13.705  2.1
 3840.6050 13.703  2.1
 3842.6863 13.734  2.1
 3844.7677 13.756  2.1
 3846.8491 13.764  2.1
 3848.9304 13.757  2.1
 3851.0118 13.778  2.1
 3853.0931 13.804  2.1
 3855.1745 13.808  2.1
 3857.2559 13.796  2.1
 3859.3372 13.765  2.1
 3861.4186 13.738  2.1
 3863.5000 13.724  2.1
 3865.5813 13.726  2.1
 3867.6627 13.740  2.1
 3869.7440 13.773  2.1
 3871.8254 13.796  2.1
 3873.9068 13.801  2.1
 3875.9881 13.787  2.1
 3878.0695 13.796  2.1
 3880.1509 13.823  2.1
 3882.2322 13.837  2.1
 3884.3136 13.828  2.1
 3886.3949 13.789  2.1
 3888.4763 13.763  2.1
 3890.5577 13.762  2.1
 3892.6390 13.769  2.1
 3894.7204 13.763  2.1
 3896.8018 13.757  2.1
 3898.8831 13.753  2.1
 3900.9645 13.754  2.1
 3903.0458 13.759  2.1
 3905.1272 13.782  2.1
 3907.2086 13.781  2.1
 3909.2899 13.786  2.1
 3911.3713 13.818  2.1
 3913.4526 13.854  2.1
 3915.5340 13.859  2.1
 3917.6154 13.847  2.1
 3919.6967 13.837  2.1
 3921.7781 13.845  2.1
 3923.8595 13.866  2.1
 3925.9408 13.880  2.1
 3928.0222 13.885  2.1
 3930.1035 13.870  2.1
 3932.1849 13.854  2.1
 3934.2663 13.844  2.1
 3936.3476 13.844  2.1
 3938.4290 13.853  2.1
 3940.5104 13.863  2.1
 3942.5917 13.868  2.1
 3944.6731 13.857  2.1
 3946.7544 13.830  2.1
 3948.8358 13.838  2.1
 3950.9172 13.871  2.1
 3952.9985 13.900  2.1
 3955.0799 13.904  2.1
 3957.1613 13.885  2.1
 3959.2426 13.885  2.1
 3961.3240 13.885  2.1
 3963.4053 13.882  2.1
 3965.4867 13.882  2.1
 3967.5681 13.891  2.1
 3969.6494 13.874  2.1
 3971.7308 13.841  2.1
 3973.8122 13.826  2.1
 3975.8935 13.818  2.1
 3977.9749 13.816  2.1
 3980.0562 13.809  2.1
 3982.1376 13.803  2.1
 3984.2190 13.804  2.1
 3986.3003 13.827  2.1
 3988.3817 13.845  2.1
 3990.4631 13.843  2.1
 3992.5444 13.824  2.1
 3994.6258 13.818  2.1
 3996.7071 13.815  2.1
 3998.7885 13.813  2.1
 4000.8699 13.813  2.1
 4002.9512 13.825  2.1
 4005.0326 13.843  2.1
 4007.1139 13.852  2.1
 4009.1953 13.846  2.1
 4011.2767 13.832  2.1
 4013.3580 13.831  2.1
 4015.4394 13.838  2.1
 4017.5208 13.851  2.1
 4019.6021 13.862  2.1
 4021.6835 13.874  2.1
 4023.7648 13.881  2.1
 4025.8462 13.887  2.1
 4027.9276 13.900  2.1
 4030.0089 13.898  2.1
 4032.0903 13.877  2.1
 4034.1717 13.851  2.1
 4036.2530 13.841  2.1
 4038.3344 13.843  2.1
 4040.4157 13.845  2.1
 4042.4971 13.837  2.1
 4044.5785 13.817  2.1
 4046.6598 13.817  2.1
 4048.7412 13.845  2.1
 4050.8226 13.874  2.1
 4052.9039 13.879  2.1
 4054.9853 13.865  2.1
 4057.0666 13.838  2.1
 4059.1480 13.823  2.1
 4061.2294 13.830  2.1
 4063.3107 13.866  2.1
 4065.3921 13.882  2.1
 4067.4735 13.883  2.1
 4069.5548 13.877  2.1
 4071.6362 13.885  2.1
 4073.7175 13.910  2.1
 4075.7989 13.919  2.1
 4077.8803 13.911  2.1
 4079.9616 13.902  2.1
 4082.0430 13.905  2.1
 4084.1243 13.919  2.1
 4086.2057 13.932  2.1
 4088.2871 13.942  2.1
 4090.3684 13.951  2.1
 4092.4498 13.966  2.1
 4094.5312 13.995  2.1
 4096.6125 14.025  2.1
 4098.6939 14.033  2.1
 4100.7752 14.016  2.1
 4102.8566 13.977  2.1
 4104.9380 13.932  2.1
 4107.0193 13.878  2.1
 4109.1007 13.849  2.1
 4111.1821 13.867  2.1
 4113.2634 13.892  2.1
 4115.3448 13.900  2.1
 4117.4261 13.894  2.1
 4119.5075 13.895  2.1
 4121.5889 13.890  2.1
 4123.6702 13.878  2.1
 4125.7516 13.882  2.1
 4127.8330 13.894  2.1
 4129.9143 13.900  2.1
 4131.9957 13.899  2.1
 4134.0770 13.889  2.1
 4136.1584 13.887  2.1
 4138.2398 13.900  2.1
 4140.3211 13.918  2.1
 4142.4025 13.927  2.1
 4144.4839 13.916  2.1
 4146.5652 13.897  2.1
 4148.6466 13.886  2.1
 4150.7279 13.883  2.1
 4152.8093 13.889  2.1
 4154.8907 13.887  2.1
 4156.9720 13.884  2.1
 4159.0534 13.880  2.1
 4161.1348 13.884  2.1
 4163.2161 13.887  2.1
 4165.2975 13.892  2.1
 4167.3788 13.897  2.1
 4169.4602 13.895  2.1
 4171.5416 13.880  2.1
 4173.6229 13.883  2.1
 4175.7043 13.891  2.1
 4177.7856 13.903  2.1
 4179.8670 13.920  2.1
 4181.9484 13.938  2.1
 4184.0297 13.955  2.1
 4186.1111 13.967  2.1
 4188.1925 13.974  2.1
 4190.2738 13.984  2.1
 4192.3552 13.999  2.1
 4194.4365 14.011  2.1
 4196.5179 14.001  2.1
 4198.5993 13.983  2.1
 4200.6806 13.964  2.1
 4202.7620 13.949  2.1
 4204.8434 13.943  2.1
 4206.9247 13.944  2.1
 4209.0061 13.940  2.1
 4211.0874 13.927  2.1
 4213.1688 13.919  2.1
 4215.2502 13.928  2.1
 4217.3315 13.947  2.1
 4219.4129 13.960  2.1
 4221.4943 13.964  2.1
 4223.5756 13.959  2.1
 4225.6570 13.948  2.1
 4227.7383 13.940  2.1
 4229.8197 13.934  2.1
 4231.9011 13.930  2.1
 4233.9824 13.937  2.1
 4236.0638 13.942  2.1
 4238.1452 13.943  2.1
 4240.2265 13.941  2.1
 4242.3079 13.944  2.1
 4244.3892 13.950  2.1
 4246.4706 13.952  2.1
 4248.5520 13.950  2.1
 4250.6333 13.943  2.1
 4252.7147 13.946  2.1
 4254.7961 13.953  2.1
 4256.8774 13.956  2.1
 4258.9588 13.960  2.1
 4261.0401 13.953  2.1
 4263.1215 13.939  2.1
 4265.2029 13.918  2.1
 4267.2842 13.896  2.1
 4269.3656 13.883  2.1
 4271.4469 13.877  2.1
 4273.5283 13.884  2.1
 4275.6097 13.899  2.1
 4277.6910 13.916  2.1
 4279.7724 13.927  2.1
 4281.8538 13.933  2.1
 4283.9351 13.927  2.1
 4286.0165 13.918  2.1
 4288.0978 13.922  2.1
 4290.1792 13.941  2.1
 4292.2606 13.959  2.1
 4294.3419 13.962  2.1
 4296.4233 13.939  2.1
 4298.5047 13.928  2.1
 4300.5860 13.928  2.1
 4302.6674 13.944  2.1
 4304.7487 13.943  2.1
 4306.8301 13.936  2.1
 4308.9115 13.935  2.1
 4310.9928 13.949  2.1
 4313.0742 13.975  2.1
 4315.1556 13.986  2.1
 4317.2369 13.987  2.1
 4319.3183 13.987  2.1
 4321.3996 13.980  2.1
 4323.4810 13.976  2.1
 4325.5624 13.999  2.1
 4327.6437 14.030  2.1
 4329.7251 14.039  2.1
 4331.8065 14.039  2.1
 4333.8878 14.051  2.1
 4335.9692 14.061  2.1
 4338.0505 14.063  2.1
 4340.1319 14.066  2.1
 4342.2133 14.060  2.1
 4344.2946 14.047  2.1
 4346.3760 14.026  2.1
 4348.4573 14.004  2.1
 4350.5387 13.984  2.1
 4352.6201 13.968  2.1
 4354.7014 13.957  2.1
 4356.7828 13.961  2.1
 4358.8642 13.978  2.1
 4360.9455 13.995  2.1
 4363.0269 14.009  2.1
 4365.1082 14.016  2.1
 4367.1896 14.013  2.1
 4369.2710 13.990  2.1
 4371.3523 13.952  2.1
 4373.4337 13.923  2.1
 4375.5151 13.936  2.1
 4377.5964 13.959  2.1
 4379.6778 13.969  2.1
 4381.7591 13.973  2.1
 4383.8405 13.971  2.1
 4385.9219 13.975  2.1
 4388.0032 13.975  2.1
 4390.0846 13.975  2.1
 4392.1660 13.990  2.1
 4394.2473 14.003  2.1
 4396.3287 13.994  2.1
 4398.4100 13.985  2.1
 4400.4914 13.991  2.1
 4402.5728 14.005  2.1
 4404.6541 14.019  2.1
 4406.7355 14.032  2.1
 4408.8169 14.032  2.1
 4410.8982 14.033  2.1
 4412.9796 14.043  2.1
 4415.0609 14.051  2.1
 4417.1423 14.041  2.1
 4419.2237 14.012  2.1
 4421.3050 14.002  2.1
 4423.3864 14.000  2.1
 4425.4678 13.998  2.1
 4427.5491 13.990  2.1
 4429.6305 14.006  2.1
 4431.7118 14.005  2.1
 4433.7932 13.993  2.1
 4435.8746 13.987  2.1
 4437.9559 13.999  2.1
 4440.0373 14.015  2.1
 4442.1186 14.024  2.1
 4444.2000 14.022  2.1
 4446.2814 14.018  2.1
 4448.3627 14.019  2.1
 4450.4441 14.018  2.1
 4452.5255 14.005  2.1
 4454.6068 13.976  2.1
 4456.6882 13.978  2.1
 4458.7695 13.988  2.1
 4460.8509 13.989  2.1
 4462.9323 13.976  2.1
 4465.0136 13.975  2.1
 4467.0950 13.983  2.1
 4469.1764 14.001  2.1
 4471.2577 14.022  2.1
 4473.3391 14.025  2.1
 4475.4204 14.021  2.1
 4477.5018 14.015  2.1
 4479.5832 14.005  2.1
 4481.6645 13.994  2.1
 4483.7459 13.992  2.1
 4485.8273 14.007  2.1
 4487.9086 14.022  2.1
 4489.9900 14.018  2.1
 4492.0713 14.026  2.1
 4494.1527 14.046  2.1
 4496.2341 14.073  2.1
 4498.3154 14.093  2.1
 4500.3968 14.111  2.1
 4502.4782 14.115  2.1
 4504.5595 14.109  2.1
 4506.6409 14.100  2.1
 4508.7222 14.075  2.1
 4510.8036 14.046  2.1
 4512.8850 14.035  2.1
 4514.9663 14.046  2.1
 4517.0477 14.080  2.1
 4519.1290 14.112  2.1
 4521.2104 14.121  2.1
 4523.2918 14.119  2.1
 4525.3731 14.117  2.1
 4527.4545 14.120  2.1
 4529.5359 14.128  2.1
 4531.6172 14.142  2.1
 4533.6986 14.159  2.1
 4535.7799 14.178  2.1
 4537.8613 14.176  2.1
 4539.9427 14.168  2.1
 4542.0240 14.158  2.1
 4544.1054 14.150  2.1
 4546.1868 14.141  2.1
 4548.2681 14.125  2.1
 4550.3495 14.107  2.1
 4552.4308 14.091  2.1
 4554.5122 14.073  2.1
 4556.5936 14.059  2.1
 4558.6749 14.057  2.1
 4560.7563 14.070  2.1
 4562.8377 14.082  2.1
 4564.9190 14.083  2.1
 4567.0004 14.077  2.1
 4569.0817 14.067  2.1
 4571.1631 14.058  2.1
 4573.2445 14.049  2.1
 4575.3258 14.044  2.1
 4577.4072 14.051  2.1
 4579.4886 14.075  2.1
 4581.5699 14.094  2.1
 4583.6513 14.102  2.1
 4585.7326 14.098  2.1
 4587.8140 14.091  2.1
 4589.8954 14.085  2.1
 4591.9767 14.088  2.1
 4594.0581 14.101  2.1
 4596.1395 14.121  2.1
 4598.2208 14.127  2.1
 4600.3022 14.130  2.1
 4602.3835 14.138  2.1
 4604.4649 14.158  2.1
 4606.5463 14.170  2.1
 4608.6276 14.162  2.1
 4610.7090 14.137  2.1
 4612.7903 14.113  2.1
 4614.8717 14.112  2.1
 4616.9531 14.122  2.1
 4619.0344 14.118  2.1
 4621.1158 14.104  2.1
 4623.1972 14.096  2.1
 4625.2785 14.091  2.1
 4627.3599 14.089  2.1
 4629.4412 14.090  2.1
 4631.5226 14.101  2.1
 4633.6040 14.122  2.1
 4635.6853 14.142  2.1
 4637.7667 14.147  2.1
 4639.8481 14.133  2.1
 4641.9294 14.119  2.1
 4644.0108 14.112  2.1
 4646.0921 14.101  2.1
 4648.1735 14.093  2.1
 4650.2549 14.108  2.1
 4652.3362 14.129  2.1
 4654.4176 14.142  2.1
 4656.4990 14.153  2.1
 4658.5803 14.165  2.1
 4660.6617 14.168  2.1
 4662.7430 14.166  2.1
 4664.8244 14.161  2.1
 4666.9058 14.166  2.1
 4668.9871 14.169  2.1
 4671.0685 14.161  2.1
 4673.1499 14.169  2.1
 4675.2312 14.200  2.1
 4677.3126 14.241  2.1
 4679.3939 14.280  2.1
 4681.4753 14.312  2.1
 4683.5567 14.327  2.1
 4685.6380 14.318  2.1
 4687.7194 14.276  2.1
 4689.8007 14.228  2.1
 4691.8821 14.191  2.1
 4693.9635 14.169  2.1
 4696.0448 14.171  2.1
 4698.1262 14.162  2.1
 4700.2076 14.150  2.1
 4702.2889 14.132  2.1
 4704.3703 14.112  2.1
 4706.4516 14.106  2.1
 4708.5330 14.115  2.1
 4710.6144 14.135  2.1
 4712.6957 14.150  2.1
 4714.7771 14.148  2.1
 4716.8585 14.151  2.1
 4718.9398 14.163  2.1
 4721.0212 14.183  2.1
 4723.1025 14.189  2.1
 4725.1839 14.183  2.1
 4727.2653 14.173  2.1
 4729.3466 14.162  2.1
 4731.4280 14.151  2.1
 4733.5094 14.144  2.1
 4735.5907 14.135  2.1
 4737.6721 14.125  2.1
 4739.7534 14.123  2.1
 4741.8348 14.145  2.1
 4743.9162 14.159  2.1
 4745.9975 14.164  2.1
 4748.0789 14.166  2.1
 4750.1603 14.173  2.1
 4752.2416 14.167  2.1
 4754.3230 14.168  2.1
 4756.4043 14.174  2.1
 4758.4857 14.160  2.1
 4760.5671 14.143  2.1
 4762.6484 14.139  2.1
 4764.7298 14.144  2.1
 4766.8112 14.143  2.1
 4768.8925 14.134  2.1
 4770.9739 14.127  2.1
 4773.0552 14.124  2.1
 4775.1366 14.115  2.1
 4777.2180 14.124  2.1
 4779.2993 14.138  2.1
 4781.3807 14.156  2.1
 4783.4620 14.184  2.1
 4785.5434 14.204  2.1
 4787.6248 14.193  2.1
 4789.7061 14.167  2.1
 4791.7875 14.143  2.1
 4793.8689 14.140  2.1
 4795.9502 14.155  2.1
 4798.0316 14.170  2.1
 4800.1129 14.180  2.1
 4802.1943 14.179  2.1
 4804.2757 14.183  2.1
 4806.3570 14.186  2.1
 4808.4384 14.186  2.1
 4810.5198 14.187  2.1
 4812.6011 14.186  2.1
 4814.6825 14.182  2.1
 4816.7638 14.176  2.1
 4818.8452 14.175  2.1
 4820.9266 14.178  2.1
 4823.0079 14.184  2.1
 4825.0893 14.186  2.1
 4827.1707 14.179  2.1
 4829.2520 14.163  2.1
 4831.3334 14.164  2.1
 4833.4147 14.176  2.1
 4835.4961 14.200  2.1
 4837.5775 14.230  2.1
 4839.6588 14.242  2.1
 4841.7402 14.238  2.1
 4843.8216 14.240  2.1
 4845.9029 14.256  2.1
 4847.9843 14.272  2.1
 4850.0656 14.272  2.1
 4852.1470 14.276  2.1
 4854.2284 14.297  2.1
 4856.3097 14.338  2.1
 4858.3911 14.370  2.1
 4860.4725 14.376  2.1
 4862.5538 14.354  2.1
 4864.6352 14.317  2.1
 4866.7165 14.282  2.1
 4868.7979 14.256  2.1
 4870.8793 14.241  2.1
 4872.9606 14.227  2.1
 4875.0420 14.228  2.1
 4877.1233 14.243  2.1
 4879.2047 14.248  2.1
 4881.2861 14.224  2.1
 4883.3674 14.180  2.1
 4885.4488 14.159  2.1
 4887.5302 14.165  2.1
 4889.6115 14.184  2.1
 4891.6929 14.192  2.1
 4893.7742 14.182  2.1
 4895.8556 14.167  2.1
 4897.9370 14.164  2.1
 4900.0183 14.180  2.1
 4902.0997 14.190  2.1
 4904.1811 14.181  2.1
 4906.2624 14.164  2.1
 4908.3438 14.156  2.1
 4910.4251 14.159  2.1
 4912.5065 14.168  2.1
 4914.5879 14.182  2.1
 4916.6692 14.199  2.1
 4918.7506 14.229  2.1
 4920.8320 14.235  2.1
 4922.9133 14.217  2.1
 4924.9947 14.193  2.1
 4927.0760 14.194  2.1
 4929.1574 14.212  2.1
 4931.2388 14.226  2.1
 4933.3201 14.229  2.1
 4935.4015 14.220  2.1
 4937.4829 14.218  2.1
 4939.5642 14.225  2.1
 4941.6456 14.234  2.1
 4943.7269 14.253  2.1
 4945.8083 14.270  2.1
 4947.8897 14.276  2.1
 4949.9710 14.258  2.1
 4952.0524 14.221  2.1
 4954.1337 14.178  2.1
 4956.2151 14.159  2.1
 4958.2965 14.165  2.1
 4960.3778 14.193  2.1
 4962.4592 14.217  2.1
 4964.5406 14.219  2.1
 4966.6219 14.221  2.1
 4968.7033 14.221  2.1
 4970.7846 14.213  2.1
 4972.8660 14.201  2.1
 4974.9474 14.216  2.1
 4977.0287 14.234  2.1
 4979.1101 14.232  2.1
 4981.1915 14.217  2.1
 4983.2728 14.211  2.1
 4985.3542 14.223  2.1
 4987.4355 14.255  2.1
 4989.5169 14.265  2.1
 4991.5983 14.257  2.1
 4993.6796 14.245  2.1
 4995.7610 14.235  2.1
 4997.8424 14.232  2.1
 4999.9237 14.244  2.1
 5002.0051 14.254  2.1
 5004.0864 14.263  2.1
 5006.1678 14.261  2.1
 5008.2492 14.256  2.1
 5010.3305 14.252  2.1
 5012.4119 14.259  2.1
 5014.4933 14.267  2.1
 5016.5746 14.281  2.1
 5018.6560 14.275  2.1
 5020.7373 14.251  2.1
 5022.8187 14.231  2.1
 5024.9001 14.248  2.1
 5026.9814 14.262  2.1
 5029.0628 14.253  2.1
 5031.1442 14.242  2.1
 5033.2255 14.247  2.1
 5035.3069 14.241  2.1
 5037.3882 14.241  2.1
 5039.4696 14.249  2.1
 5041.5510 14.262  2.1
 5043.6323 14.273  2.1
 5045.7137 14.273  2.1
 5047.7950 14.265  2.1
 5049.8764 14.259  2.1
 5051.9578 14.293  2.1
 5054.0391 14.313  2.1
 5056.1205 14.296  2.1
 5058.2019 14.268  2.1
 5060.2832 14.262  2.1
 5062.3646 14.254  2.1
 5064.4459 14.259  2.1
 5066.5273 14.273  2.1
 5068.6087 14.286  2.1
 5070.6900 14.281  2.1
 5072.7714 14.290  2.1
 5074.8528 14.317  2.1
 5076.9341 14.352  2.1
 5079.0155 14.337  2.1
 5081.0968 14.291  2.1
 5083.1782 14.259  2.1
 5085.2596 14.277  2.1
 5087.3409 14.298  2.1
 5089.4223 14.298  2.1
 5091.5037 14.304  2.1
 5093.5850 14.322  2.1
 5095.6664 14.340  2.1
 5097.7477 14.330  2.1
 5099.8291 14.308  2.1
 5101.9105 14.294  2.1
 5103.9918 14.301  2.1
 5106.0732 14.312  2.1
 5108.1546 14.312  2.1
 5110.2359 14.308  2.1
 5112.3173 14.310  2.1
 5114.3986 14.306  2.1
 5116.4800 14.292  2.1
 5118.5614 14.272  2.1
 5120.6427 14.260  2.1
 5122.7241 14.288  2.1
 5124.8054 14.299  2.1
 5126.8868 14.310  2.1
 5128.9682 14.326  2.1
 5131.0495 14.340  2.1
 5133.1309 14.323  2.1
 5135.2123 14.305  2.1
 5137.2936 14.301  2.1
 5139.3750 14.330  2.1
 5141.4563 14.345  2.1
 5143.5377 14.342  2.1
 5145.6191 14.337  2.1
 5147.7004 14.331  2.1
 5149.7818 14.307  2.1
 5151.8632 14.301  2.1
 5153.9445 14.316  2.1
 5156.0259 14.332  2.1
 5158.1072 14.323  2.1
 5160.1886 14.294  2.1
 5162.2700 14.272  2.1
 5164.3513 14.272  2.1
 5166.4327 14.277  2.1
 5168.5141 14.284  2.1
 5170.5954 14.290  2.1
 5172.6768 14.293  2.1
 5174.7581 14.296  2.1
 5176.8395 14.282  2.1
 5178.9209 14.283  2.1
 5181.0022 14.290  2.1
 5183.0836 14.307  2.1
 5185.1650 14.319  2.1
 5187.2463 14.300  2.1
 5189.3277 14.285  2.1
 5191.4090 14.282  2.1
 5193.4904 14.292  2.1
 5195.5718 14.311  2.1
 5197.6531 14.341  2.1
 5199.7345 14.359  2.1
 5201.8159 14.358  2.1
 5203.8972 14.334  2.1
 5205.9786 14.308  2.1
 5208.0599 14.289  2.1
 5210.1413 14.282  2.1
 5212.2227 14.292  2.1
 5214.3040 14.305  2.1
 5216.3854 14.310  2.1
 5218.4667 14.303  2.1
 5220.5481 14.302  2.1
 5222.6295 14.306  2.1
 5224.7108 14.305  2.1
 5226.7922 14.299  2.1
 5228.8736 14.317  2.1
 5230.9549 14.324  2.1
 5233.0363 14.329  2.1
 5235.1176 14.325  2.1
 5237.1990 14.312  2.1
 5239.2804 14.295  2.1
 5241.3617 14.293  2.1
 5243.4431 14.298  2.1
 5245.5245 14.299  2.1
 5247.6058 14.298  2.1
 5249.6872 14.301  2.1
 5251.7685 14.313  2.1
 5253.8499 14.337  2.1
 5255.9313 14.337  2.1
 5258.0126 14.341  2.1
 5260.0940 14.353  2.1
 5262.1754 14.370  2.1
 5264.2567 14.378  2.1
 5266.3381 14.365  2.1
 5268.4194 14.356  2.1
 5270.5008 14.360  2.1
 5272.5822 14.366  2.1
 5274.6635 14.361  2.1
 5276.7449 14.345  2.1
 5278.8263 14.326  2.1
 5280.9076 14.287  2.1
 5282.9890 14.277  2.1
 5285.0703 14.264  2.1
 5287.1517 14.262  2.1
 5289.2331 14.275  2.1
 5291.3144 14.294  2.1
 5293.3958 14.339  2.1
 5295.4772 14.396  2.1
 5297.5585 14.448  2.1
 5299.6399 14.466  2.1
 5301.7212 14.438  2.1
 5303.8026 14.407  2.1
 5305.8840 14.380  2.1
 5307.9653 14.359  2.1
 5310.0467 14.328  2.1
 5312.1280 14.313  2.1
 5314.2094 14.315  2.1
 5316.2908 14.329  2.1
 5318.3721 14.323  2.1
 5320.4535 14.298  2.1
 5322.5349 14.302  2.1
 5324.6162 14.342  2.1
 5326.6976 14.385  2.1
 5328.7789 14.371  2.1
 5330.8603 14.349  2.1
 5332.9417 14.333  2.1
 5335.0230 14.331  2.1
 5337.1044 14.346  2.1
 5339.1858 14.378  2.1
 5341.2671 14.401  2.1
 5343.3485 14.393  2.1
 5345.4298 14.385  2.1
 5347.5112 14.386  2.1
 5349.5926 14.375  2.1
 5351.6739 14.348  2.1
 5353.7553 14.331  2.1
 5355.8367 14.332  2.1
 5357.9180 14.338  2.1
 5359.9994 14.346  2.1
 5362.0807 14.350  2.1
 5364.1621 14.324  2.1
 5366.2435 14.295  2.1
 5368.3248 14.277  2.1
 5370.4062 14.279  2.1
 5372.4876 14.307  2.1
 5374.5689 14.310  2.1
 5376.6503 14.314  2.1
 5378.7316 14.336  2.1
 5380.8130 14.377  2.1
 5382.8944 14.396  2.1
 5384.9757 14.392  2.1
 5387.0571 14.370  2.1
 5389.1384 14.352  2.1
 5391.2198 14.364  2.1
 5393.3012 14.375  2.1
 5395.3825 14.376  2.1
 5397.4639 14.366  2.1
 5399.5453 14.354  2.1
 5401.6266 14.350  2.1
 5403.7080 14.357  2.1
 5405.7893 14.378  2.1
 5407.8707 14.468  2.1
 5409.9521 14.497  2.1
 5412.0334 14.480  2.1
 5414.1148 14.432  2.1
 5416.1962 14.404  2.1
 5418.2775 14.409  2.1
 5420.3589 14.426  2.1
 5422.4402 14.437  2.1
 5424.5216 14.412  2.1
 5426.6030 14.406  2.1
 5428.6843 14.393  2.1
 5430.7657 14.376  2.1
 5432.8471 14.363  2.1
 5434.9284 14.389  2.1
 5437.0098 14.431  2.1
 5439.0911 14.472  2.1
 5441.1725 14.490  2.1
 5443.2539 14.427  2.1
 5445.3352 14.402  2.1
 5447.4166 14.385  2.1
 5449.4980 14.365  2.1
 5451.5793 14.348  2.1
 5453.6607 14.353  2.1
 5455.7420 14.368  2.1
 5457.8234 14.372  2.1
 5459.9048 14.321  2.1
 5461.9861 14.285  2.1
 5464.0675 14.293  2.1
 5466.1489 14.337  2.1
 5468.2302 14.404  2.1
 5470.3116 14.449  2.1
 5472.3929 14.461  2.1
 5474.4743 14.472  2.1
 5476.5557 14.494  2.1
 5478.6370 14.443  2.1
 5480.7184 14.399  2.1
 5482.7997 14.392  2.1
 5484.8811 14.416  2.1
 5486.9625 14.396  2.1
 5489.0438 14.381  2.1
 5491.1252 14.387  2.1
 5493.2066 14.413  2.1
 5495.2879 14.454  2.1
 5497.3693 14.453  2.1
 5499.4506 14.450  2.1
 5501.5320 14.437  2.1
 5503.6134 14.405  2.1
 5505.6947 14.350  2.1
 5507.7761 14.332  2.1
 5509.8575 14.322  2.1
 5511.9388 14.311  2.1
 5514.0202 14.333  2.1
 5516.1015 14.373  2.1
 5518.1829 14.384  2.1
 5520.2643 14.357  2.1
 5522.3456 14.304  2.1
 5524.4270 14.327  2.1
 5526.5084 14.391  2.1
 5528.5897 14.455  2.1
 5530.6711 14.454  2.1
 5532.7524 14.432  2.1
 5534.8338 14.408  2.1
 5536.9152 14.385  2.1
 5538.9965 14.369  2.1
 5541.0779 14.369  2.1
 5543.1593 14.405  2.1
 5545.2406 14.429  2.1
 5547.3220 14.418  2.1
 5549.4033 14.383  2.1
 5551.4847 14.357  2.1
 5553.5661 14.312  2.1
 5555.6474 14.257  2.1
 5557.7288 14.238  2.1
 5559.8101 14.253  2.1
 5561.8915 14.289  2.1
 5563.9729 14.326  2.1
 5566.0542 14.344  2.1
 5568.1356 14.358  2.1
 5570.2170 14.341  2.1
 5572.2983 14.339  2.1
 5574.3797 14.375  2.1
 5576.4610 14.574  2.1
 5578.5424 14.548  2.1
 5580.6238 14.464  2.1
 5582.7051 14.402  2.1
 5584.7865 14.441  2.1
 5586.8679 14.448  2.1
 5588.9492 14.399  2.1
 5591.0306 14.346  2.1
 5593.1119 14.327  2.1
 5595.1933 14.344  2.1
 5597.2747 14.355  2.1
 5599.3560 14.369  2.1
 5601.4374 14.368  2.1
 5603.5188 14.369  2.1
 5605.6001 14.371  2.1
 5607.6815 14.393  2.1
 5609.7628 14.408  2.1
 5611.8442 14.394  2.1
 5613.9256 14.368  2.1
 5616.0069 14.376  2.1
 5618.0883 14.398  2.1
 5620.1697 14.428  2.1
 5622.2510 14.400  2.1
 5624.3324 14.364  2.1
 5626.4137 14.352  2.1
 5628.4951 14.346  2.1
 5630.5765 14.376  2.1
 5632.6578 14.383  2.1
 5634.7392 14.386  2.1
 5636.8206 14.380  2.1
 5638.9019 14.427  2.1
 5640.9833 14.426  2.1
 5643.0646 14.392  2.1
 5645.1460 14.336  2.1
 5647.2274 14.299  2.1
 5649.3087 14.288  2.1
 5651.3901 14.295  2.1
 5653.4714 14.306  2.1
 5655.5528 14.290  2.1
 5657.6342 14.310  2.1
 5659.7155 14.320  2.1
 5661.7969 14.337  2.1
 5663.8783 14.375  2.1
 5665.9596 14.391  2.1
 5668.0410 14.379  2.1
 5670.1223 14.369  2.1
 5672.2037 14.380  2.1
 5674.2851 14.366  2.1
 5676.3664 14.349  2.1
 5678.4478 14.331  2.1
 5680.5292 14.317  2.1
 5682.6105 14.329  2.1
 5684.6919 14.400  2.1
 5686.7732 14.459  2.1
 5688.8546 14.489  2.1
 5690.9360 14.471  2.1
 5693.0173 14.449  2.1
 5695.0987 14.444  2.1
 5697.1801 14.447  2.1
 5699.2614 14.423  2.1
 5701.3428 14.400  2.1
 5703.4241 14.404  2.1
 5705.5055 14.433  2.1
 5707.5869 14.466  2.1
 5709.6682 14.479  2.1
 5711.7496 14.487  2.1
 5713.8310 14.475  2.1
 5715.9123 14.444  2.1
 5717.9937 14.426  2.1
 5720.0750 14.418  2.1
 5722.1564 14.417  2.1
 5724.2378 14.418  2.1
 5726.3191 14.438  2.1
 5728.4005 14.465  2.1
 5730.4818 14.491  2.1
 5732.5632 14.496  2.1
 5734.6446 14.493  2.1
 5736.7259 14.485  2.1
 5738.8073 14.485  2.1
 5740.8887 14.477  2.1
 5742.9700 14.450  2.1
 5745.0514 14.410  2.1
 5747.1327 14.400  2.1
 5749.2141 14.400  2.1
 5751.2955 14.398  2.1
 5753.3768 14.401  2.1
 5755.4582 14.404  2.1
 5757.5396 14.394  2.1
 5759.6209 14.379  2.1
 5761.7023 14.359  2.1
 5763.7836 14.354  2.1
 5765.8650 14.381  2.1
 5767.9464 14.436  2.1
 5770.0277 14.481  2.1
 5772.1091 14.505  2.1
 5774.1905 14.500  2.1
 5776.2718 14.471  2.1
 5778.3532 14.420  2.1
 5780.4345 14.382  2.1
 5782.5159 14.400  2.1
 5784.5973 14.400  2.1
 5786.6786 14.397  2.1
 5788.7600 14.410  2.1
 5790.8414 14.447  2.1
 5792.9227 14.483  2.1
 5795.0041 14.510  2.1
 5797.0854 14.525  2.1
 5799.1668 14.555  2.1
 5801.2482 14.570  2.1
 5803.3295 14.565  2.1
 5805.4109 14.501  2.1
 5807.4923 14.442  2.1
 5809.5736 14.385  2.1
 5811.6550 14.393  2.1
 5813.7363 14.414  2.1
 5815.8177 14.436  2.1
 5817.8991 14.424  2.1
 5819.9804 14.445  2.1
 5822.0618 14.470  2.1
 5824.1431 14.468  2.1
 5826.2245 14.456  2.1
 5828.3059 14.467  2.1
 5830.3872 14.467  2.1
 5832.4686 14.457  2.1
 5834.5500 14.462  2.1
 5836.6313 14.475  2.1
 5838.7127 14.477  2.1
 5840.7940 14.465  2.1
 5842.8754 14.450  2.1
 5844.9568 14.468  2.1
 5847.0381 14.458  2.1
 5849.1195 14.430  2.1
 5851.2009 14.391  2.1
 5853.2822 14.380  2.1
 5855.3636 14.419  2.1
 5857.4449 14.482  2.1
 5859.5263 14.549  2.1
 5861.6077 14.543  2.1
 5863.6890 14.508  2.1
 5865.7704 14.468  2.1
 5867.8518 14.444  2.1
 5869.9331 14.419  2.1
 5872.0145 14.410  2.1
 5874.0958 14.429  2.1
 5876.1772 14.463  2.1
 5878.2586 14.473  2.1
 5880.3399 14.454  2.1
 5882.4213 14.447  2.1
 5884.5027 14.463  2.1
 5886.5840 14.513  2.1
 5888.6654 14.483  2.1
 5890.7467 14.455  2.1
 5892.8281 14.429  2.1
 5894.9095 14.394  2.1
 5896.9908 14.431  2.1
 5899.0722 14.439  2.1
 5901.1536 14.412  2.1
 5903.2349 14.359  2.1
 5905.3163 14.388  2.1
 5907.3976 14.410  2.1
 5909.4790 14.432  2.1
 5911.5604 14.456  2.1
 5913.6417 14.460  2.1
 5915.7231 14.498  2.1
 5917.8044 14.547  2.1
 5919.8858 14.585  2.1
 5921.9672 14.547  2.1
 5924.0485 14.492  2.1
 5926.1299 14.460  2.1
 5928.2113 14.470  2.1
 5930.2926 14.504  2.1
 5932.3740 14.506  2.1
 5934.4553 14.508  2.1
 5936.5367 14.522  2.1
 5938.6181 14.538  2.1
 5940.6994 14.565  2.1
 5942.7808 14.599  2.1
 5944.8622 14.628  2.1
 5946.9435 14.604  2.1
 5949.0249 14.595  2.1
 5951.1062 14.571  2.1
 5953.1876 14.530  2.1
 5955.2690 14.478  2.1
 5957.3503 14.501  2.1
 5959.4317 14.536  2.1
 5961.5131 14.553  2.1
 5963.5944 14.510  2.1
 5965.6758 14.472  2.1
 5967.7571 14.425  2.1
 5969.8385 14.392  2.1
 5971.9199 14.408  2.1
 5974.0012 14.409  2.1
 5976.0826 14.417  2.1
 5978.1640 14.448  2.1
 5980.2453 14.523  2.1
 5982.3267 14.597  2.1
 5984.4080 14.607  2.1
 5986.4894 14.592  2.1
 5988.5708 14.593  2.1
 5990.6521 14.629  2.1
 5992.7335 14.628  2.1
 5994.8148 14.616  2.1
 5996.8962 14.616  2.1
 5998.9776 14.603  2.1
 6001.0589 14.571  2.1
 6003.1403 14.560  2.1
 6005.2217 14.588  2.1
 6007.3030 14.593  2.1
 6009.3844 14.573  2.1
 6011.4657 14.548  2.1
 6013.5471 14.524  2.1
 6015.6285 14.488  2.1
 6017.7098 14.444  2.1
 6019.7912 14.416  2.1
 6021.8726 14.419  2.1
 6023.9539 14.490  2.1
 6026.0353 14.563  2.1
 6028.1166 14.566  2.1
 6030.1980 14.505  2.1
 6032.2794 14.492  2.1
 6034.3607 14.557  2.1
 6036.4421 14.606  2.1
 6038.5235 14.611  2.1
 6040.6048 14.539  2.1
 6042.6862 14.517  2.1
 6044.7675 14.504  2.1
 6046.8489 14.498  2.1
 6048.9303 14.512  2.1
 6051.0116 14.569  2.1
 6053.0930 14.634  2.1
 6055.1744 14.681  2.1
 6057.2557 14.671  2.1
 6059.3371 14.597  2.1
 6061.4184 14.553  2.1
 6063.4998 14.540  2.1
 6065.5812 14.557  2.1
 6067.6625 14.588  2.1
 6069.7439 14.612  2.1
 6071.8253 14.626  2.1
 6073.9066 14.626  2.1
 6075.9880 14.632  2.1
 6078.0693 14.636  2.1
 6080.1507 14.653  2.1
 6082.2321 14.690  2.1
 6084.3134 14.663  2.1
 6086.3948 14.618  2.1
 6088.4761 14.587  2.1
 6090.5575 14.594  2.1
 6092.6389 14.644  2.1
 6094.7202 14.629  2.1
 6096.8016 14.581  2.1
 6098.8830 14.525  2.1
 6100.9643 14.538  2.1
 6103.0457 14.587  2.1
 6105.1270 14.622  2.1
 6107.2084 14.624  2.1
 6109.2898 14.600  2.1
 6111.3711 14.577  2.1
 6113.4525 14.564  2.1
 6115.5339 14.559  2.1
 6117.6152 14.555  2.1
 6119.6966 14.531  2.1
 6121.7779 14.507  2.1
 6123.8593 14.496  2.1
 6125.9407 14.521  2.1
 6128.0220 14.602  2.1
 6130.1034 14.672  2.1
 6132.1848 14.711  2.1
 6134.2661 14.700  2.1
 6136.3475 14.648  2.1
 6138.4288 14.593  2.1
 6140.5102 14.550  2.1
 6142.5916 14.540  2.1
 6144.6729 14.541  2.1
 6146.7543 14.507  2.1
 6148.8357 14.469  2.1
 6150.9170 14.473  2.1
 6152.9984 14.505  2.1
 6155.0797 14.506  2.1
 6157.1611 14.480  2.1
 6159.2425 14.432  2.1
 6161.3238 14.466  2.1
 6163.4052 14.532  2.1
 6165.4865 14.591  2.1
 6167.5679 14.612  2.1
 6169.6493 14.616  2.1
 6171.7306 14.669  2.1
 6173.8120 14.704  2.1
 6175.8934 14.684  2.1
 6177.9747 14.664  2.1
 6180.0561 14.660  2.1
 6182.1374 14.654  2.1
 6184.2188 14.634  2.1
 6186.3002 14.594  2.1
 6188.3815 14.564  2.1
 6190.4629 14.563  2.1
 6192.5443 14.594  2.1
 6194.6256 14.641  2.1
 6196.7070 14.652  2.1
 6198.7883 14.630  2.1
 6200.8697 14.588  2.1
 6202.9511 14.572  2.1
 6205.0324 14.549  2.1
 6207.1138 14.531  2.1
 6209.1952 14.535  2.1
 6211.2765 14.592  2.1
 6213.3579 14.651  2.1
 6215.4392 14.668  2.1
 6217.5206 14.654  2.1
 6219.6020 14.644  2.1
 6221.6833 14.663  2.1
 6223.7647 14.692  2.1
 6225.8461 14.706  2.1
 6227.9274 14.669  2.1
 6230.0088 14.632  2.1
 6232.0901 14.639  2.1
 6234.1715 14.664  2.1
 6236.2529 14.676  2.1
 6238.3342 14.745  2.1
 6240.4156 14.811  2.1
 6242.4970 14.847  2.1
 6244.5783 14.832  2.1
 6246.6597 14.790  2.1
 6248.7410 14.750  2.1
 6250.8224 14.716  2.1
 6252.9038 14.690  2.1
 6254.9851 14.646  2.1
 6257.0665 14.632  2.1
 6259.1478 14.647  2.1
 6261.2292 14.683  2.1
 6263.3106 14.660  2.1
 6265.3919 14.683  2.1
 6267.4733 14.704  2.1
 6269.5547 14.699  2.1
 6271.6360 14.656  2.1
 6273.7174 14.618  2.1
 6275.7987 14.602  2.1
 6277.8801 14.615  2.1
 6279.9615 14.671  2.1
 6282.0428 14.698  2.1
 6284.1242 14.683  2.1
 6286.2056 14.631  2.1
 6288.2869 14.570  2.1
 6290.3683 14.562  2.1
 6292.4496 14.545  2.1
 6294.5310 14.524  2.1
 6296.6124 14.549  2.1
 6298.6937 14.590  2.1
 6300.7751 14.617  2.1
 6302.8565 14.621  2.1
 6304.9378 14.586  2.1
 6307.0192 14.582  2.1
 6309.1005 14.588  2.1
 6311.1819 14.594  2.1
 6313.2633 14.589  2.1
 6315.3446 14.575  2.1
 6317.4260 14.552  2.1
 6319.5074 14.517  2.1
 6321.5887 14.469  2.1
 6323.6701 14.481  2.1
 6325.7514 14.522  2.1
 6327.8328 14.572  2.1
 6329.9142 14.610  2.1
 6331.9955 14.664  2.1
 6334.0769 14.710  2.1
 6336.1583 14.745  2.1
 6338.2396 14.765  2.1
 6340.3210 14.767  2.1
 6342.4023 14.788  2.1
 6344.4837 14.816  2.1
 6346.5651 14.834  2.1
 6348.6464 14.742  2.1
 6350.7278 14.641  2.1
 6352.8091 14.575  2.1
 6354.8905 14.566  2.1
 6356.9719 14.605  2.1
 6359.0532 14.599  2.1
 6361.1346 14.586  2.1
 6363.2160 14.580  2.1
 6365.2973 14.605  2.1
 6367.3787 14.626  2.1
 6369.4600 14.632  2.1
 6371.5414 14.624  2.1
 6373.6228 14.620  2.1
 6375.7041 14.601  2.1
 6377.7855 14.634  2.1
 6379.8669 14.716  2.1
 6381.9482 14.814  2.1
 6384.0296 14.808  2.1
 6386.1109 14.797  2.1
 6388.1923 14.776  2.1
 6390.2737 14.711  2.1
 6392.3550 14.661  2.1
 6394.4364 14.643  2.1
 6396.5178 14.646  2.1
 6398.5991 14.652  2.1
 6400.6805 14.616  2.1
 6402.7618 14.589  2.1
 6404.8432 14.566  2.1
 6406.9246 14.540  2.1
 6409.0059 14.542  2.1
 6411.0873 14.586  2.1
 6413.1687 14.634  2.1
 6415.2500 14.654  2.1
 6417.3314 14.669  2.1
 6419.4127 14.689  2.1
 6421.4941 14.704  2.1
 6423.5755 14.709  2.1
 6425.6568 14.705  2.1
 6427.7382 14.685  2.1
 6429.8195 14.681  2.1
 6431.9009 14.707  2.1
 6433.9823 14.734  2.1
 6436.0636 14.716  2.1
 6438.1450 14.698  2.1
 6440.2264 14.695  2.1
 6442.3077 14.674  2.1
 6444.3891 14.661  2.1
 6446.4704 14.680  2.1
 6448.5518 14.736  2.1
 6450.6332 14.804  2.1
 6452.7145 14.817  2.1
 6454.7959 14.825  2.1
 6456.8773 14.834  2.1
 6458.9586 14.828  2.1
 6461.0400 14.818  2.1
 6463.1213 14.815  2.1
 6465.2027 14.798  2.1
 6467.2841 14.722  2.1
 6469.3654 14.715  2.1
 6471.4468 14.707  2.1
 6473.5282 14.679  2.1
 6475.6095 14.611  2.1
 6477.6909 14.708  2.1
 6479.7722 14.742  2.1
 6481.8536 14.724  2.1
 6483.9350 14.694  2.1
 6486.0163 14.748  2.1
 6488.0977 14.805  2.1
 6490.1791 14.837  2.1
 6492.2604 14.818  2.1
 6494.3418 14.772  2.1
 6496.4231 14.735  2.1
 6498.5045 14.707  2.1
 6500.5859 14.694  2.1
 6502.6672 14.734  2.1
 6504.7486 14.757  2.1
 6506.8300 14.760  2.1
 6508.9113 14.746  2.1
 6510.9927 14.739  2.1
 6513.0740 14.735  2.1
 6515.1554 14.745  2.1
 6517.2368 14.767  2.1
 6519.3181 14.735  2.1
 6521.3995 14.680  2.1
 6523.4808 14.638  2.1
 6525.5622 14.623  2.1
 6527.6436 14.636  2.1
 6529.7249 14.677  2.1
 6531.8063 14.730  2.1
 6533.8877 14.791  2.1
 6535.9690 14.855  2.1
 6538.0504 14.936  2.1
 6540.1317 14.989  2.1
 6542.2131 14.992  2.1
 6544.2945 14.908  2.1
 6546.3758 14.856  2.1
 6548.4572 14.850  2.1
 6550.5386 14.866  2.1
 6552.6199 14.844  2.1
 6554.7013 14.816  2.1
 6556.7826 14.797  2.1
 6558.8640 14.785  2.1
 6560.9454 14.777  2.1
 6563.0267 14.786  2.1
 6565.1081 14.770  2.1
 6567.1895 14.757  2.1
 6569.2708 14.795  2.1
 6571.3522 14.843  2.1
 6573.4335 14.821  2.1
 6575.5149 14.773  2.1
 6577.5963 14.750  2.1
 6579.6776 14.719  2.1
 6581.7590 14.702  2.1
 6583.8404 14.704  2.1
 6585.9217 14.728  2.1
 6588.0031 14.765  2.1
 6590.0844 14.788  2.1
 6592.1658 14.779  2.1
 6594.2472 14.730  2.1
 6596.3285 14.667  2.1
 6598.4099 14.653  2.1
 6600.4912 14.638  2.1
 6602.5726 14.606  2.1
 6604.6540 14.614  2.1
 6606.7353 14.648  2.1
 6608.8167 14.680  2.1
 6610.8981 14.693  2.1
 6612.9794 14.656  2.1
 6615.0608 14.610  2.1
 6617.1421 14.567  2.1
 6619.2235 14.539  2.1
 6621.3049 14.556  2.1
 6623.3862 14.606  2.1
 6625.4676 14.606  2.1
 6627.5490 14.571  2.1
 6629.6303 14.596  2.1
 6631.7117 14.682  2.1
 6633.7930 14.715  2.1
 6635.8744 14.698  2.1
 6637.9558 14.678  2.1
 6640.0371 14.714  2.1
 6642.1185 14.741  2.1
 6644.1999 14.740  2.1
 6646.2812 14.687  2.1
 6648.3626 14.642  2.1
 6650.4439 14.623  2.1
 6652.5253 14.618  2.1
 6654.6067 14.607  2.1
 6656.6880 14.570  2.1
 6658.7694 14.581  2.1
 6660.8508 14.608  2.1
 6662.9321 14.617  2.1
 6665.0135 14.617  2.1
 6667.0948 14.659  2.1
 6669.1762 14.739  2.1
 6671.2576 14.847  2.1
 6673.3389 14.886  2.1
 6675.4203 14.864  2.1
 6677.5017 14.810  2.1
 6679.5830 14.748  2.1
 6681.6644 14.713  2.1
 6683.7457 14.694  2.1
 6685.8271 14.681  2.1
 6687.9085 14.669  2.1
 6689.9898 14.644  2.1
 6692.0712 14.632  2.1
 6694.1525 14.657  2.1
 6696.2339 14.709  2.1
 6698.3153 14.684  2.1
 6700.3966 14.668  2.1
 6702.4780 14.677  2.1
 6704.5594 14.708  2.1
 6706.6407 14.731  2.1
 6708.7221 14.778  2.1
 6710.8034 14.828  2.1
 6712.8848 14.872  2.1
 6714.9662 14.897  2.1
 6717.0475 14.880  2.1
 6719.1289 14.801  2.1
 6721.2103 14.706  2.1
 6723.2916 14.705  2.1
 6725.3730 14.737  2.1
 6727.4543 14.724  2.1
 6729.5357 14.693  2.1
 6731.6171 14.703  2.1
 6733.6984 14.659  2.1
 6735.7798 14.628  2.1
 6737.8612 14.622  2.1
 6739.9425 14.652  2.1
 6742.0239 14.651  2.1
 6744.1052 14.637  2.1
 6746.1866 14.645  2.1
 6748.2680 14.714  2.1
 6750.3493 14.837  2.1
 6752.4307 14.876  2.1
 6754.5121 14.856  2.1
 6756.5934 14.801  2.1
 6758.6748 14.777  2.1
 6760.7561 14.774  2.1
 6762.8375 14.761  2.1
 6764.9189 14.716  2.1
 6767.0002 14.631  2.1
 6769.0816 14.579  2.1
 6771.1629 14.563  2.1
 6773.2443 14.584  2.1
 6775.3257 14.641  2.1
 6777.4070 14.652  2.1
 6779.4884 14.666  2.1
 6781.5698 14.702  2.1
 6783.6511 14.773  2.1
 6785.7325 14.821  2.1
 6787.8138 14.805  2.1
 6789.8952 14.727  2.1
 6791.9766 14.647  2.1
 6794.0579 14.588  2.1
 6796.1393 14.571  2.1
 6798.2207 14.606  2.1
 6800.3020 14.717  2.1
 6802.3834 14.777  2.1
 6804.4647 14.817  2.1
 6806.5461 14.844  2.1
 6808.6275 14.868  2.1
 6810.7088 14.832  2.1
 6812.7902 14.767  2.1
 6814.8716 14.687  2.1
 6816.9529 14.615  2.1
 6819.0343 14.589  2.1
 6821.1156 14.612  2.1
 6823.1970 14.674  2.1
 6825.2784 14.764  2.1
 6827.3597 14.889  2.1
 6829.4411 14.925  2.1
 6831.5225 14.875  2.1
 6833.6038 14.749  2.1
 6835.6852 14.793  2.1
 6837.7665 14.835  2.1
 6839.8479 14.870  2.1
 6841.9293 14.897  2.1
 6844.0106 14.938  2.1
 6846.0920 14.933  2.1
 6848.1734 14.912  2.1
 6850.2547 14.894  2.1
 6852.3361 14.904  2.1
 6854.4174 14.909  2.1
 6856.4988 14.926  2.1
 6858.5802 14.981  2.1
 6860.6615 15.190  2.1
 6862.7429 15.251  2.1
 6864.8242 15.145  2.1
 6866.9056 14.915  2.1
 6868.9870 14.799  2.1
 6871.0683 14.772  2.1
 6873.1497 14.785  2.1
 6875.2311 14.814  2.1
 6877.3124 14.821  2.1
 6879.3938 14.824  2.1
 6881.4751 14.857  2.1
 6883.5565 14.902  2.1
 6885.6379 14.889  2.1
 6887.7192 14.811  2.1
 6889.8006 14.753  2.1
 6891.8820 14.736  2.1
 6893.9633 14.777  2.1
 6896.0447 14.835  2.1
 6898.1260 14.879  2.1
 6900.2074 14.916  2.1
 6902.2888 14.965  2.1
 6904.3701 14.997  2.1
 6906.4515 14.977  2.1
 6908.5329 14.930  2.1
 6910.6142 14.883  2.1
 6912.6956 14.885  2.1
 6914.7769 14.920  2.1
 6916.8583 14.951  2.1
 6918.9397 14.941  2.1
 6921.0210 14.830  2.1
 6923.1024 14.737  2.1
 6925.1838 14.682  2.1
 6927.2651 14.673  2.1
 6929.3465 14.629  2.1
 6931.4278 14.659  2.1
 6933.5092 14.775  2.1
 6935.5906 14.957  2.1
 6937.6719 14.957  2.1
 6939.7533 14.972  2.1
 6941.8347 14.973  2.1
 6943.9160 14.942  2.1
 6945.9974 14.837  2.1
 6948.0787 14.759  2.1
 6950.1601 14.732  2.1
 6952.2415 14.748  2.1
 6954.3228 14.741  2.1
 6956.4042 14.699  2.1
 6958.4855 14.639  2.1
 6960.5669 14.588  2.1
 6962.6483 14.620  2.1
 6964.7296 14.607  2.1
 6966.8110 14.581  2.1
 6968.8924 14.572  2.1
 6970.9737 14.644  2.1
 6973.0551 14.638  2.1
 6975.1364 14.634  2.1
 6977.2178 14.643  2.1
 6979.2992 14.667  2.1
 6981.3805 14.690  2.1
 6983.4619 14.748  2.1
 6985.5433 14.802  2.1
 6987.6246 14.790  2.1
 6989.7060 14.724  2.1
 6991.7873 14.689  2.1
 6993.8687 14.685  2.1
 6995.9501 14.709  2.1
 6998.0314 14.718  2.1
 7000.1128 14.750  2.1
 7002.1942 14.805  2.1
 7004.2755 14.880  2.1
 7006.3569 14.949  2.1
 7008.4382 14.945  2.1
 7010.5196 14.883  2.1
 7012.6010 14.777  2.1
 7014.6823 14.659  2.1
 7016.7637 14.562  2.1
 7018.8451 14.502  2.1
 7020.9264 14.492  2.1
 7023.0078 14.564  2.1
 7025.0891 14.627  2.1
 7027.1705 14.621  2.1
 7029.2519 14.543  2.1
 7031.3332 14.523  2.1
 7033.4146 14.558  2.1
 7035.4959 14.595  2.1
 7037.5773 14.619  2.1
 7039.6587 14.630  2.1
 7041.7400 14.625  2.1
 7043.8214 14.644  2.1
 7045.9028 14.691  2.1
 7047.9841 14.748  2.1
 7050.0655 14.735  2.1
 7052.1468 14.772  2.1
 7054.2282 14.841  2.1
 7056.3096 14.855  2.1
 7058.3909 14.821  2.1
 7060.4723 14.814  2.1
 7062.5537 14.841  2.1
 7064.6350 14.893  2.1
 7066.7164 14.923  2.1
 7068.7977 14.929  2.1
 7070.8791 14.931  2.1
 7072.9605 14.958  2.1
 7075.0418 15.008  2.1
 7077.1232 15.006  2.1
 7079.2046 14.954  2.1
 7081.2859 14.862  2.1
 7083.3673 14.818  2.1
 7085.4486 14.814  2.1
 7087.5300 14.841  2.1
 7089.6114 14.888  2.1
 7091.6927 14.929  2.1
 7093.7741 14.936  2.1
 7095.8555 14.916  2.1
 7097.9368 14.876  2.1
 7100.0182 14.860  2.1
 7102.0995 14.877  2.1
 7104.1809 14.896  2.1
 7106.2623 14.895  2.1
 7108.3436 14.858  2.1
 7110.4250 14.738  2.1
 7112.5064 14.618  2.1
 7114.5877 14.544  2.1
 7116.6691 14.571  2.1
 7118.7504 14.594  2.1
 7120.8318 14.591  2.1
 7122.9132 14.575  2.1
 7124.9945 14.633  2.1
 7127.0759 14.761  2.1
 7129.1572 14.842  2.1
 7131.2386 14.853  2.1
 7133.3200 14.810  2.1
 7135.4013 14.760  2.1
 7137.4827 14.743  2.1
 7139.5641 14.779  2.1
 7141.6454 14.893  2.1
 7143.7268 14.891  2.1
 7145.8081 14.845  2.1
 7147.8895 14.773  2.1
 7149.9709 14.690  2.1
 7152.0522 14.599  2.1
 7154.1336 14.580  2.1
 7156.2150 14.641  2.1
 7158.2963 14.783  2.1
 7160.3777 14.855  2.1
 7162.4590 14.831  2.1
 7164.5404 14.770  2.1
 7166.6218 14.733  2.1
 7168.7031 14.704  2.1
 7170.7845 14.696  2.1
 7172.8659 14.721  2.1
 7174.9472 14.788  2.1
 7177.0286 14.961  2.1
 7179.1099 15.012  2.1
 7181.1913 14.968  2.1
 7183.2727 14.857  2.1
 7185.3540 14.830  2.1
 7187.4354 14.879  2.1
 7189.5168 14.954  2.1
 7191.5981 15.017  2.1
 7193.6795 14.968  2.1
 7195.7608 14.883  2.1
 7197.8422 14.868  2.1
 7199.9236 14.935  2.1
 7202.0049 14.929  2.1
 7204.0863 14.915  2.1
 7206.1676 14.918  2.1
 7208.2490 14.921  2.1
 7210.3304 14.829  2.1
 7212.4117 14.790  2.1
 7214.4931 14.781  2.1
 7216.5745 14.790  2.1
 7218.6558 14.801  2.1
 7220.7372 14.816  2.1
 7222.8185 14.853  2.1
 7224.8999 14.901  2.1
 7226.9813 14.923  2.1
 7229.0626 14.910  2.1
 7231.1440 14.906  2.1
 7233.2254 14.896  2.1
 7235.3067 14.845  2.1
 7237.3881 14.879  2.1
 7239.4694 14.909  2.1
 7241.5508 14.890  2.1
 7243.6322 14.767  2.1
 7245.7135 14.807  2.1
 7247.7949 14.983  2.1
 7249.8763 15.223  2.1
 7251.9576 15.450  2.1
 7254.0390 15.325  2.1
 7256.1203 15.221  2.1
 7258.2017 15.120  2.1
 7260.2831 15.014  2.1
 7262.3644 15.015  2.1
 7264.4458 15.095  2.1
 7266.5272 15.145  2.1
 7268.6085 15.110  2.1
 7270.6899 15.153  2.1
 7272.7712 15.160  2.1
 7274.8526 15.128  2.1
 7276.9340 15.069  2.1
 7279.0153 15.080  2.1
 7281.0967 14.924  2.1
 7283.1781 14.811  2.1
 7285.2594 14.820  2.1
 7287.3408 14.946  2.1
 7289.4221 14.894  2.1
 7291.5035 14.805  2.1
 7293.5849 14.735  2.1
 7295.6662 14.751  2.1
 7297.7476 14.769  2.1
 7299.8289 14.752  2.1
 7301.9103 14.729  2.1
 7303.9917 14.813  2.1
 7306.0730 14.938  2.1
 7308.1544 14.981  2.1
 7310.2358 14.927  2.1
 7312.3171 14.780  2.1
 7314.3985 14.770  2.1
 7316.4798 14.782  2.1
 7318.5612 14.786  2.1
 7320.6426 14.750  2.1
 7322.7239 14.724  2.1
 7324.8053 14.796  2.1
 7326.8867 14.930  2.1
 7328.9680 15.072  2.1
 7331.0494 15.022  2.1
 7333.1307 14.934  2.1
 7335.2121 14.881  2.1
 7337.2935 14.934  2.1
 7339.3748 14.794  2.1
 7341.4562 14.691  2.1
 7343.5376 14.662  2.1
 7345.6189 14.734  2.1
 7347.7003 14.819  2.1
 7349.7816 14.746  2.1
 7351.8630 14.617  2.1
 7353.9444 14.503  2.1
 7356.0257 14.498  2.1
 7358.1071 14.572  2.1
 7360.1885 14.685  2.1
 7362.2698 14.811  2.1
 7364.3512 14.908  2.1
 7366.4325 14.925  2.1
 7368.5139 14.896  2.1
 7370.5953 14.846  2.1
 7372.6766 14.840  2.1
 7374.7580 14.842  2.1
 7376.8394 14.858  2.1
 7378.9207 14.881  2.1
 7381.0021 14.874  2.1
 7383.0834 14.796  2.1
 7385.1648 14.767  2.1
 7387.2462 14.811  2.1
 7389.3275 14.916  2.1
 7391.4089 14.981  2.1
 7393.4902 14.972  2.1
 7395.5716 14.907  2.1
 7397.6530 14.834  2.1
 7399.7343 14.941  2.1
 7401.8157 15.176  2.1
 7403.8971 15.445  2.1
 7405.9784 15.602  2.1
 7408.0598 15.331  2.1
 7410.1411 15.080  2.1
 7412.2225 14.886  2.1
 7414.3039 14.767  2.1
 7416.3852 14.693  2.1
 7418.4666 14.645  2.1
 7420.5480 14.669  2.1
 7422.6293 14.807  2.1
 7424.7107 14.976  2.1
 7426.7920 15.087  2.1
 7428.8734 15.139  2.1
 7430.9548 15.123  2.1
 7433.0361 14.849  2.1
 7435.1175 14.680  2.1
 7437.1989 14.615  2.1
 7439.2802 14.650  2.1
 7441.3616 14.715  2.1
 7443.4429 14.744  2.1
 7445.5243 14.786  2.1
 7447.6057 14.850  2.1
 7449.6870 14.844  2.1
 7451.7684 14.792  2.1
 7453.8498 14.782  2.1
 7455.9311 14.805  2.1
 7458.0125 14.661  2.1
 7460.0938 14.563  2.1
 7462.1752 14.539  2.1
 7464.2566 14.592  2.1
 7466.3379 14.701  2.1
 7468.4193 14.911  2.1
 7470.5006 15.136  2.1
 7472.5820 15.314  2.1
 7474.6634 15.325  2.1
 7476.7447 15.233  2.1
 7478.8261 15.185  2.1
 7480.9075 15.144  2.1
 7482.9888 14.986  2.1
 7485.0702 14.801  2.1
 7487.1515 14.721  2.1
 7489.2329 14.792  2.1
 7491.3143 15.069  2.1
 7493.3956 15.087  2.1
 7495.4770 14.986  2.1
 7497.5584 14.833  2.1
 7499.6397 14.704  2.1
 7501.7211 14.651  2.1
 7503.8024 14.636  2.1
 7505.8838 14.656  2.1
 7507.9652 14.709  2.1
 7510.0465 14.754  2.1
 7512.1279 14.760  2.1
 7514.2093 14.736  2.1
 7516.2906 14.699  2.1
 7518.3720 14.779  2.1
 7520.4533 14.876  2.1
 7522.5347 14.939  2.1
 7524.6161 14.938  2.1
 7526.6974 14.881  2.1
 7528.7788 14.861  2.1
 7530.8602 14.882  2.1
 7532.9415 14.938  2.1
 7535.0229 14.981  2.1
 7537.1042 14.984  2.1
 7539.1856 15.011  2.1
 7541.2670 15.099  2.1
 7543.3483 15.320  2.1
 7545.4297 15.317  2.1
 7547.5111 15.181  2.1
 7549.5924 14.992  2.1
 7551.6738 14.942  2.1
 7553.7551 14.872  2.1
 7555.8365 14.821  2.1
 7557.9179 14.814  2.1
 7559.9992 14.891  2.1
 7562.0806 14.979  2.1
 7564.1619 14.981  2.1
 7566.2433 14.949  2.1
 7568.3247 15.015  2.1
 7570.4060 14.967  2.1
 7572.4874 14.854  2.1
 7574.5688 14.737  2.1
 7576.6501 14.709  2.1
 7578.7315 14.813  2.1
 7580.8128 14.923  2.1
 7582.8942 15.018  2.1
 7584.9756 15.079  2.1
 7587.0569 15.132  2.1
 7589.1383 15.232  2.1
 7591.2197 15.317  2.1
 7593.3010 15.334  2.1
 7595.3824 15.571  2.1
 7597.4637 16.241  2.1
 7599.5451 17.245  2.1
 7601.6265 18.347  2.1
 7603.7078 17.028  2.1
 7605.7892 16.454  2.1
 7607.8706 16.142  2.1
 7609.9519 15.822  2.1
 7612.0333 15.519  2.1
 7614.1146 15.450  2.1
 7616.1960 15.553  2.1
 7618.2774 15.766  2.1
 7620.3587 15.859  2.1
 7622.4401 15.771  2.1
 7624.5215 15.643  2.1
 7626.6028 15.526  2.1
 7628.6842 15.443  2.1
 7630.7655 15.398  2.1
 7632.8469 15.363  2.1
 7634.9283 15.324  2.1
 7637.0096 15.252  2.1
 7639.0910 15.165  2.1
 7641.1723 15.148  2.1
 7643.2537 15.238  2.1
 7645.3351 15.499  2.1
 7647.4164 15.465  2.1
 7649.4978 15.237  2.1
 7651.5792 14.967  2.1
 7653.6605 14.922  2.1
 7655.7419 14.792  2.1
 7657.8232 14.784  2.1
 7659.9046 14.901  2.1
 7661.9860 15.126  2.1
 7664.0673 15.246  2.1
 7666.1487 15.361  2.1
 7668.2301 15.387  2.1
 7670.3114 15.225  2.1
 7672.3928 15.082  2.1
 7674.4741 15.015  2.1
 7676.5555 14.980  2.1
 7678.6369 14.936  2.1
 7680.7182 14.931  2.1
 7682.7996 14.812  2.1
 7684.8810 14.700  2.1
 7686.9623 14.695  2.1
 7689.0437 14.962  2.1
 7691.1250 15.245  2.1
 7693.2064 15.374  2.1
 7695.2878 15.269  2.1
 7697.3691 15.051  2.1
 7699.4505 14.868  2.1
 7701.5319 14.747  2.1
 7703.6132 14.703  2.1
 7705.6946 14.764  2.1
 7707.7759 14.738  2.1
 7709.8573 14.707  2.1
 7711.9387 14.708  2.1
 7714.0200 14.789  2.1
 7716.1014 14.814  2.1
 7718.1828 14.722  2.1
 7720.2641 14.608  2.1
 7722.3455 14.822  2.1
 7724.4268 15.124  2.1
 7726.5082 15.173  2.1
 7728.5896 14.960  2.1
 7730.6709 14.599  2.1
 7732.7523 14.480  2.1
 7734.8336 14.427  2.1
 7736.9150 14.422  2.1
 7738.9964 14.476  2.1
 7741.0777 14.640  2.1
 7743.1591 14.800  2.1
 7745.2405 14.874  2.1
 7747.3218 14.756  2.1
 7749.4032 14.831  2.1
 7751.4845 14.857  2.1
 7753.5659 14.810  2.1
 7755.6473 14.673  2.1
 7757.7286 14.644  2.1
 7759.8100 14.601  2.1
 7761.8914 14.579  2.1
 7763.9727 14.614  2.1
 7766.0541 14.826  2.1
 7768.1354 14.965  2.1
 7770.2168 14.922  2.1
 7772.2982 14.659  2.1
 7774.3795 14.650  2.1
 7776.4609 14.612  2.1
 7778.5423 14.526  2.1
 7780.6236 14.398  2.1
 7782.7050 14.384  2.1
 7784.7863 14.538  2.1
 7786.8677 14.621  2.1
 7788.9491 14.584  2.1
 7791.0304 14.703  2.1
 7793.1118 14.952  2.1
 7795.1932 15.096  2.1
 7797.2745 15.052  2.1
 7799.3559 14.772  2.1
 7801.4372 14.754  2.1
 7803.5186 14.724  2.1
 7805.6000 14.618  2.1
 7807.6813 14.430  2.1
 7809.7627 14.335  2.1
 7811.8440 14.367  2.1
 7813.9254 14.515  2.1
 7816.0068 14.742  2.1
 7818.0881 14.625  2.1
 7820.1695 14.620  2.1
 7822.2509 14.798  2.1
 7824.3322 15.191  2.1
 7826.4136 15.136  2.1
 7828.4949 15.040  2.1
 7830.5763 14.980  2.1
 7832.6577 15.023  2.1
 7834.7390 14.971  2.1
 7836.8204 14.859  2.1
 7838.9018 14.769  2.1
 7840.9831 14.789  2.1
 7843.0645 14.964  2.1
 7845.1458 14.925  2.1
 7847.2272 14.780  2.1
 7849.3086 14.628  2.1
 7851.3899 14.552  2.1
 7853.4713 14.577  2.1
 7855.5527 14.813  2.1
 7857.6340 15.262  2.1
 7859.7154 15.030  2.1
 7861.7967 14.697  2.1
 7863.8781 14.508  2.1
 7865.9595 14.588  2.1
 7868.0408 14.929  2.1
 7870.1222 14.931  2.1
 7872.2036 14.694  2.1
 7874.2849 14.366  2.1
 7876.3663 14.537  2.1
 7878.4476 15.192  2.1
 7880.5290 15.779  2.1
 7882.6104 15.993  2.1
 7884.6917 15.283  2.1
 7886.7731 15.038  2.1
 7888.8545 15.190  2.1
 7890.9358 15.564  2.1
 7893.0172 15.682  2.1
 7895.0985 15.317  2.1
 7897.1799 15.035  2.1
 7899.2613 14.857  2.1
 7901.3426 14.634  2.1
 7903.4240 14.728  2.1
 7905.5053 14.805  2.1
 7907.5867 14.840  2.1
 7909.6681 14.854  2.1
 7911.7494 15.125  2.1
 7913.8308 15.028  2.1
 7915.9122 14.772  2.1
 7917.9935 14.686  2.1
 7920.0749 14.701  2.1
 7922.1562 14.715  2.1
 7924.2376 14.782  2.1
 7926.3190 14.964  2.1
 7928.4003 15.397  2.1
 7930.4817 15.550  2.1
 7932.5631 15.566  2.1
 7934.6444 15.553  2.1
 7936.7258 15.228  2.1
 7938.8071 14.947  2.1
 7940.8885 14.774  2.1
 7942.9699 14.730  2.1
 7945.0512 14.553  2.1
 7947.1326 14.511  2.1
 7949.2140 14.460  2.1
 7951.2953 14.348  2.1
 7953.3767 14.307  2.1
 7955.4580 14.442  2.1
 7957.5394 14.623  2.1
 7959.6208 14.781  2.1
 7961.7021 14.808  2.1
 7963.7835 15.017  2.1
 7965.8649 15.266  2.1
 7967.9462 15.434  2.1
 7970.0276 15.225  2.1
 7972.1089 15.155  2.1
 7974.1903 15.155  2.1
 7976.2717 15.106  2.1
 7978.3530 14.712  2.1
 7980.4344 14.530  2.1
 7982.5158 14.478  2.1
 7984.5971 14.532  2.1
 7986.6785 14.672  2.1
 7988.7598 14.816  2.1
 7990.8412 14.909  2.1
 7992.9226 14.957  2.1
 7995.0039 14.983  2.1
 7997.0853 14.858  2.1
 7999.1666 14.748  2.1
 8001.2480 14.671  2.1
 8003.3294 14.635  2.1
 8005.4107 14.785  2.1
 8007.4921 14.926  2.1
 8009.5735 15.040  2.1
 8011.6548 15.112  2.1
 8013.7362 15.152  2.1
 8015.8175 15.001  2.1
 8017.8989 14.846  2.1
 8019.9803 14.847  2.1
 8022.0616 15.152  2.1
 8024.1430 15.482  2.1
 8026.2244 15.575  2.1
 8028.3057 15.334  2.1
 8030.3871 15.478  2.1
 8032.4684 15.704  2.1
 8034.5498 15.643  2.1
 8036.6312 15.198  2.1
 8038.7125 14.945  2.1
 8040.7939 14.938  2.1
 8042.8753 15.015  2.1
 8044.9566 15.081  2.1
 8047.0380 14.956  2.1
 8049.1193 14.932  2.1
 8051.2007 14.868  2.1
 8053.2821 14.733  2.1
 8055.3634 14.554  2.1
 8057.4448 14.499  2.1
 8059.5262 14.575  2.1
 8061.6075 14.775  2.1
 8063.6889 15.078  2.1
 8065.7702 15.165  2.1
 8067.8516 15.135  2.1
 8069.9330 15.013  2.1
 8072.0143 14.814  2.1
 8074.0957 14.631  2.1
 8076.1770 14.577  2.1
 8078.2584 14.620  2.1
 8080.3398 14.690  2.1
 8082.4211 14.703  2.1
 8084.5025 14.905  2.1
 8086.5839 15.273  2.1
 8088.6652 15.764  2.1
 8090.7466 15.648  2.1
 8092.8279 15.272  2.1
 8094.9093 14.887  2.1
 8096.9907 14.736  2.1
 8099.0720 14.677  2.1
 8101.1534 14.592  2.1
 8103.2348 14.500  2.1
 8105.3161 14.428  2.1
 8107.3975 14.599  2.1
 8109.4788 14.917  2.1
 8111.5602 15.054  2.1
 8113.6416 14.869  2.1
 8115.7229 14.946  2.1
 8117.8043 14.964  2.1
 8119.8857 14.941  2.1
 8121.9670 14.907  2.1
 8124.0484 15.013  2.1
 8126.1297 15.322  2.1
 8128.2111 15.425  2.1
 8130.2925 15.220  2.1
 8132.3738 14.902  2.1
 8134.4552 14.946  2.1
 8136.5366 15.218  2.1
 8138.6179 15.574  2.1
 8140.6993 15.638  2.1
 8142.7806 15.393  2.1
 8144.8620 15.176  2.1
 8146.9434 15.024  2.1
 8149.0247 14.856  2.1
 8151.1061 14.847  2.1
 8153.1875 14.881  2.1
 8155.2688 14.936  2.1
 8157.3502 14.998  2.1
 8159.4315 14.862  2.1
 8161.5129 14.846  2.1
 8163.5943 14.964  2.1
 8165.6756 15.194  2.1
 8167.7570 15.195  2.1
 8169.8383 15.312  2.1
 8171.9197 15.520  2.1
 8174.0011 15.769  2.1
 8176.0824 17.419  2.1
 8178.1638 18.200  2.1
 8180.2452 17.918  2.1
 8182.3265 16.475  2.1
 8184.4079 15.901  2.1
 8186.4892 15.662  2.1
 8188.5706 15.518  2.1
 8190.6520 15.312  2.1
 8192.7333 15.407  2.1
 8194.8147 15.343  2.1
 8196.8961 15.240  2.1
 8198.9774 15.200  2.1
 8201.0588 15.520  2.1
 8203.1401 15.724  2.1
 8205.2215 15.614  2.1
 8207.3029 15.191  2.1
 8209.3842 15.043  2.1
 8211.4656 14.871  2.1
 8213.5470 14.685  2.1
 8215.6283 14.520  2.1
 8217.7097 14.525  2.1
 8219.7910 14.592  2.1
 8221.8724 14.774  2.1
 8223.9538 15.165  2.1
 8226.0351 16.046  2.1
 8228.1165 16.003  2.1
 8230.1979 15.433  2.1
 8232.2792 14.694  2.1
 8234.3606 14.497  2.1
 8236.4419 14.580  2.1
 8238.5233 14.850  2.1
 8240.6047 15.173  2.1
 8242.6860 15.310  2.1
 8244.7674 15.178  2.1
 8246.8487 15.233  2.1
 8248.9301 15.469  2.1
 8251.0115 15.828  2.1
 8253.0928 15.396  2.1
 8255.1742 14.976  2.1
 8257.2556 14.678  2.1
 8259.3369 14.594  2.1
 8261.4183 14.674  2.1
 8263.4996 15.161  2.1
 8265.5810 15.926  2.1
 8267.6624 16.821  2.1
 8269.7437 17.032  2.1
 8271.8251 16.969  2.1
 8273.9065 16.776  2.1
 8275.9878 16.623  2.1
 8278.0692 17.431  2.1
 8280.1505 17.653  2.1
 8282.2319 17.404  2.1
 8284.3133 16.839  2.1
 8286.3946 16.765  2.1
 8288.4760 16.788  2.1
 8290.5574 16.418  2.1
 8292.6387 15.620  2.1
 8294.7201 15.479  2.1
 8296.8014 16.140  2.1
 8298.8828 16.840  2.1
 8300.9642 17.070  2.1
 8303.0455 15.700  2.1
 8305.1269 15.203  2.1
 8307.2083 15.023  2.1
 8309.2896 15.049  2.1
 8311.3710 15.369  2.1
 8313.4523 15.990  2.1
 8315.5337 16.155  2.1
 8317.6151 15.784  2.1
 8319.6964 15.007  2.1
 8321.7778 14.886  2.1
 8323.8592 15.035  2.1
 8325.9405 15.330  2.1
 8328.0219 15.628  2.1
 8330.1032 15.707  2.1
 8332.1846 15.506  2.1
 8334.2660 15.118  2.1
 8336.3473 14.680  2.1
 8338.4287 14.519  2.1
 8340.5100 14.526  2.1
 8342.5914 14.630  2.1
 8344.6728 14.756  2.1
 8346.7541 14.953  2.1
 8348.8355 14.960  2.1
 8350.9169 14.815  2.1
 8352.9982 14.565  2.1
 8355.0796 14.446  2.1
 8357.1609 14.639  2.1
 8359.2423 14.923  2.1
 8361.3237 15.119  2.1
 8363.4050 14.951  2.1
 8365.4864 14.719  2.1
 8367.5678 14.570  2.1
 8369.6491 14.593  2.1
 8371.7305 14.870  2.1
 8373.8118 15.193  2.1
 8375.8932 15.813  2.1
 8377.9746 16.828  2.1
 8380.0559 18.165  2.1
 8382.1373 18.438  2.1
 8384.2187 18.598  2.1