 3126.1245 13.640  2.7
 3128.8382 13.628  2.7
 3131.5520 13.902  2.7
 3134.2657 14.069  2.7
 3136.9795 13.686  2.7
 3139.6932 13.635  2.7
 3142.4069 13.601  2.7
 3145.1207 13.618  2.7
 3147.8344 13.795  2.7
 3150.5481 13.773  2.7
 3153.2619 13.607  2.7
 3155.9756 13.497  2.7
 3158.6894 13.578  2.7
 3161.4031 13.707  2.7
 3164.1168 13.603  2.7
 3166.8306 13.654  2.7
 3169.5443 13.763  2.7
 3172.2580 13.704  2.7
 3174.9718 13.529  2.7
 3177.6855 13.484  2.7
 3180.3993 13.534  2.7
 3183.1130 13.443  2.7
 3185.8267 13.461  2.7
 3188.5405 13.490  2.7
 3191.2542 13.547  2.7
 3193.9679 13.609  2.7
 3196.6817 13.606  2.7
 3199.3954 13.748  2.7
 3202.1092 13.750  2.7
 3204.8229 13.637  2.7
 3207.5366 13.594  2.7
 3210.2504 13.586  2.7
 3212.9641 13.590  2.7
 3215.6779 13.499  2.7
 3218.3916 13.493  2.7
 3221.1053 13.593  2.7
 3223.8191 13.700  2.7
 3226.5328 13.736  2.7
 3229.2465 13.606  2.7
 3231.9603 13.533  2.7
 3234.6740 13.531  2.7
 3237.3878 13.508  2.7
 3240.1015 13.475  2.7
 3242.8152 13.498  2.7
 3245.5290 13.565  2.7
 3248.2427 13.535  2.7
 3250.9564 13.587  2.7
 3253.6702 13.639  2.7
 3256.3839 13.687  2.7
 3259.0977 13.707  2.7
 3261.8114 13.609  2.7
 3264.5251 13.525  2.7
 3267.2389 13.495  2.7
 3269.9526 13.623  2.7
 3272.6664 13.721  2.7
 3275.3801 13.672  2.7
 3278.0938 13.562  2.7
 3280.8076 13.484  2.7
 3283.5213 13.538  2.7
 3286.2350 13.577  2.7
 3288.9488 13.668  2.7
 3291.6625 13.695  2.7
 3294.3763 13.622  2.7
 3297.0900 13.567  2.7
 3299.8037 13.633  2.7
 3302.5175 13.679  2.7
 3305.2312 13.654  2.7
 3307.9449 13.662  2.7
 3310.6587 13.676  2.7
 3313.3724 13.665  2.7
 3316.0862 13.623  2.7
 3318.7999 13.581  2.7
 3321.5136 13.625  2.7
 3324.2274 13.649  2.7
 3326.9411 13.659  2.7
 3329.6548 13.604  2.7
 3332.3686 13.599  2.7
 3335.0823 13.611  2.7
 3337.7961 13.558  2.7
 3340.5098 13.618  2.7
 3343.2235 13.664  2.7
 3345.9373 13.674  2.7
 3348.6510 13.675  2.7
 3351.3648 13.698  2.7
 3354.0785 13.665  2.7
 3356.7922 13.625  2.7
 3359.5060 13.659  2.7
 3362.2197 13.612  2.7
 3364.9334 13.586  2.7
 3367.6472 13.597  2.7
 3370.3609 13.642  2.7
 3373.0747 13.650  2.7
 3375.7884 13.646  2.7
 3378.5021 13.697  2.7
 3381.2159 13.676  2.7
 3383.9296 13.612  2.7
 3386.6433 13.603  2.7
 3389.3571 13.637  2.7
 3392.0708 13.638  2.7
 3394.7846 13.577  2.7
 3397.4983 13.596  2.7
 3400.2120 13.660  2.7
 3402.9258 13.630  2.7
 3405.6395 13.636  2.7
 3408.3533 13.619  2.7
 3411.0670 13.634  2.7
 3413.7807 13.643  2.7
 3416.4945 13.618  2.7
 3419.2082 13.627  2.7
 3421.9219 13.686  2.7
 3424.6357 13.659  2.7
 3427.3494 13.583  2.7
 3430.0632 13.588  2.7
 3432.7769 13.606  2.7
 3435.4906 13.568  2.7
 3438.2044 13.592  2.7
 3440.9181 13.634  2.7
 3443.6318 13.642  2.7
 3446.3456 13.614  2.7
 3449.0593 13.653  2.7
 3451.7731 13.664  2.7
 3454.4868 13.564  2.7
 3457.2005 13.539  2.7
 3459.9143 13.621  2.7
 3462.6280 13.638  2.7
 3465.3417 13.618  2.7
 3468.0555 13.605  2.7
 3470.7692 13.618  2.7
 3473.4830 13.593  2.7
 3476.1967 13.618  2.7
 3478.9104 13.662  2.7
 3481.6242 13.714  2.7
 3484.3379 13.724  2.7
 3487.0517 13.659  2.7
 3489.7654 13.649  2.7
 3492.4791 13.613  2.7
 3495.1929 13.598  2.7
 3497.9066 13.579  2.7
 3500.6203 13.625  2.7
 3503.3341 13.654  2.7
 3506.0478 13.638  2.7
 3508.7616 13.625  2.7
 3511.4753 13.659  2.7
 3514.1890 13.684  2.7
 3516.9028 13.686  2.7
 3519.6165 13.675  2.7
 3522.3302 13.703  2.7
 3525.0440 13.704  2.7
 3527.7577 13.683  2.7
 3530.4715 13.652  2.7
 3533.1852 13.627  2.7
 3535.8989 13.615  2.7
 3538.6127 13.638  2.7
 3541.3264 13.641  2.7
 3544.0402 13.612  2.7
 3546.7539 13.629  2.7
 3549.4676 13.658  2.7
 3552.1814 13.700  2.7
 3554.8951 13.670  2.7
 3557.6088 13.654  2.7
 3560.3226 13.689  2.7
 3563.0363 13.719  2.7
 3565.7501 13.749  2.7
 3568.4638 13.756  2.7
 3571.1775 13.724  2.7
 3573.8913 13.702  2.7
 3576.6050 13.682  2.7
 3579.3187 13.697  2.7
 3582.0325 13.705  2.7
 3584.7462 13.681  2.7
 3587.4600 13.658  2.7
 3590.1737 13.667  2.7
 3592.8874 13.683  2.7
 3595.6012 13.671  2.7
 3598.3149 13.662  2.7
 3601.0286 13.656  2.7
 3603.7424 13.688  2.7
 3606.4561 13.704  2.7
 3609.1699 13.688  2.7
 3611.8836 13.705  2.7
 3614.5973 13.713  2.7
 3617.3111 13.717  2.7
 3620.0248 13.721  2.7
 3622.7386 13.713  2.7
 3625.4523 13.710  2.7
 3628.1660 13.715  2.7
 3630.8798 13.732  2.7
 3633.5935 13.773  2.7
 3636.3072 13.807  2.7
 3639.0210 13.802  2.7
 3641.7347 13.788  2.7
 3644.4485 13.766  2.7
 3647.1622 13.769  2.7
 3649.8759 13.801  2.7
 3652.5897 13.760  2.7
 3655.3034 13.726  2.7
 3658.0171 13.733  2.7
 3660.7309 13.711  2.7
 3663.4446 13.651  2.7
 3666.1584 13.634  2.7
 3668.8721 13.668  2.7
 3671.5858 13.694  2.7
 3674.2996 13.704  2.7
 3677.0133 13.700  2.7
 3679.7271 13.688  2.7
 3682.4408 13.720  2.7
 3685.1545 13.758  2.7
 3687.8683 13.804  2.7
 3690.5820 13.813  2.7
 3693.2957 13.775  2.7
 3696.0095 13.809  2.7
 3698.7232 13.807  2.7
 3701.4370 13.766  2.7
 3704.1507 13.759  2.7
 3706.8644 13.775  2.7
 3709.5782 13.762  2.7
 3712.2919 13.759  2.7
 3715.0056 13.742  2.7
 3717.7194 13.726  2.7
 3720.4331 13.744  2.7
 3723.1469 13.753  2.7
 3725.8606 13.765  2.7
 3728.5743 13.801  2.7
 3731.2881 13.801  2.7
 3734.0018 13.798  2.7
 3736.7155 13.797  2.7
 3739.4293 13.781  2.7
 3742.1430 13.773  2.7
 3744.8568 13.747  2.7
 3747.5705 13.719  2.7
 3750.2842 13.731  2.7
 3752.9980 13.755  2.7
 3755.7117 13.782  2.7
 3758.4255 13.810  2.7
 3761.1392 13.796  2.7
 3763.8529 13.787  2.7
 3766.5667 13.772  2.7
 3769.2804 13.769  2.7
 3771.9941 13.759  2.7
 3774.7079 13.751  2.7
 3777.4216 13.725  2.7
 3780.1354 13.726  2.7
 3782.8491 13.752  2.7
 3785.5628 13.764  2.7
 3788.2766 13.793  2.7
 3790.9903 13.833  2.7
 3793.7040 13.839  2.7
 3796.4178 13.848  2.7
 3799.1315 13.857  2.7
 3801.8453 13.869  2.7
 3804.5590 13.853  2.7
 3807.2727 13.819  2.7
 3809.9865 13.793  2.7
 3812.7002 13.769  2.7
 3815.4140 13.769  2.7
 3818.1277 13.784  2.7
 3820.8414 13.837  2.7
 3823.5552 13.861  2.7
 3826.2689 13.842  2.7
 3828.9826 13.854  2.7
 3831.6964 13.853  2.7
 3834.4101 13.858  2.7
 3837.1239 13.846  2.7
 3839.8376 13.850  2.7
 3842.5513 13.865  2.7
 3845.2651 13.846  2.7
 3847.9788 13.867  2.7
 3850.6925 13.867  2.7
 3853.4063 13.826  2.7
 3856.1200 13.824  2.7
 3858.8338 13.816  2.7
 3861.5475 13.822  2.7
 3864.2612 13.832  2.7
 3866.9750 13.812  2.7
 3869.6887 13.769  2.7
 3872.4024 13.792  2.7
 3875.1162 13.834  2.7
 3877.8299 13.850  2.7
 3880.5437 13.860  2.7
 3883.2574 13.886  2.7
 3885.9711 13.931  2.7
 3888.6849 13.957  2.7
 3891.3986 13.952  2.7
 3894.1124 13.936  2.7
 3896.8261 13.912  2.7
 3899.5398 13.891  2.7
 3902.2536 13.882  2.7
 3904.9673 13.853  2.7
 3907.6810 13.833  2.7
 3910.3948 13.865  2.7
 3913.1085 13.898  2.7
 3915.8223 13.886  2.7
 3918.5360 13.850  2.7
 3921.2497 13.830  2.7
 3923.9635 13.829  2.7
 3926.6772 13.832  2.7
 3929.3909 13.836  2.7
 3932.1047 13.844  2.7
 3934.8184 13.859  2.7
 3937.5322 13.884  2.7
 3940.2459 13.910  2.7
 3942.9596 13.908  2.7
 3945.6734 13.890  2.7
 3948.3871 13.853  2.7
 3951.1009 13.824  2.7
 3953.8146 13.843  2.7
 3956.5283 13.869  2.7
 3959.2421 13.892  2.7
 3961.9558 13.912  2.7
 3964.6695 13.950  2.7
 3967.3833 14.004  2.7
 3970.0970 14.036  2.7
 3972.8108 14.023  2.7
 3975.5245 13.967  2.7
 3978.2382 13.914  2.7
 3980.9520 13.905  2.7
 3983.6657 13.889  2.7
 3986.3794 13.862  2.7
 3989.0932 13.851  2.7
 3991.8069 13.871  2.7
 3994.5207 13.884  2.7
 3997.2344 13.866  2.7
 3999.9481 13.842  2.7
 4002.6619 13.844  2.7
 4005.3756 13.851  2.7
 4008.0893 13.847  2.7
 4010.8031 13.854  2.7
 4013.5168 13.840  2.7
 4016.2306 13.813  2.7
 4018.9443 13.831  2.7
 4021.6580 13.840  2.7
 4024.3718 13.852  2.7
 4027.0855 13.877  2.7
 4029.7993 13.888  2.7
 4032.5130 13.888  2.7
 4035.2267 13.882  2.7
 4037.9405 13.882  2.7
 4040.6542 13.887  2.7
 4043.3679 13.874  2.7
 4046.0817 13.862  2.7
 4048.7954 13.854  2.7
 4051.5092 13.871  2.7
 4054.2229 13.880  2.7
 4056.9366 13.854  2.7
 4059.6504 13.835  2.7
 4062.3641 13.840  2.7
 4065.0778 13.845  2.7
 4067.7916 13.846  2.7
 4070.5053 13.832  2.7
 4073.2191 13.829  2.7
 4075.9328 13.844  2.7
 4078.6465 13.868  2.7
 4081.3603 13.880  2.7
 4084.0740 13.869  2.7
 4086.7878 13.879  2.7
 4089.5015 13.900  2.7
 4092.2152 13.912  2.7
 4094.9290 13.938  2.7
 4097.6427 13.993  2.7
 4100.3564 14.059  2.7
 4103.0702 14.084  2.7
 4105.7839 14.055  2.7
 4108.4977 14.006  2.7
 4111.2114 13.960  2.7
 4113.9251 13.927  2.7
 4116.6389 13.912  2.7
 4119.3526 13.903  2.7
 4122.0663 13.933  2.7
 4124.7801 13.956  2.7
 4127.4938 13.933  2.7
 4130.2076 13.905  2.7
 4132.9213 13.890  2.7
 4135.6350 13.880  2.7
 4138.3488 13.883  2.7
 4141.0625 13.886  2.7
 4143.7762 13.888  2.7
 4146.4900 13.879  2.7
 4149.2037 13.865  2.7
 4151.9175 13.853  2.7
 4154.6312 13.864  2.7
 4157.3449 13.913  2.7
 4160.0587 13.928  2.7
 4162.7724 13.895  2.7
 4165.4862 13.879  2.7
 4168.1999 13.901  2.7
 4170.9136 13.921  2.7
 4173.6274 13.909  2.7
 4176.3411 13.883  2.7
 4179.0548 13.846  2.7
 4181.7686 13.838  2.7
 4184.4823 13.878  2.7
 4187.1961 13.929  2.7
 4189.9098 13.942  2.7
 4192.6235 13.942  2.7
 4195.3373 13.931  2.7
 4198.0510 13.936  2.7
 4200.7647 13.960  2.7
 4203.4785 13.960  2.7
 4206.1922 13.953  2.7
 4208.9060 13.943  2.7
 4211.6197 13.934  2.7
 4214.3334 13.940  2.7
 4217.0472 13.925  2.7
 4219.7609 13.922  2.7
 4222.4747 13.932  2.7
 4225.1884 13.940  2.7
 4227.9021 13.964  2.7
 4230.6159 13.973  2.7
 4233.3296 13.952  2.7
 4236.0433 13.932  2.7
 4238.7571 13.908  2.7
 4241.4708 13.910  2.7
 4244.1846 13.924  2.7
 4246.8983 13.914  2.7
 4249.6120 13.901  2.7
 4252.3258 13.909  2.7
 4255.0395 13.930  2.7
 4257.7532 13.929  2.7
 4260.4670 13.902  2.7
 4263.1807 13.906  2.7
 4265.8945 13.927  2.7
 4268.6082 13.935  2.7
 4271.3219 13.923  2.7
 4274.0357 13.937  2.7
 4276.7494 13.971  2.7
 4279.4631 14.001  2.7
 4282.1769 14.002  2.7
 4284.8906 13.983  2.7
 4287.6044 13.959  2.7
 4290.3181 13.934  2.7
 4293.0318 13.922  2.7
 4295.7456 13.926  2.7
 4298.4593 13.935  2.7
 4301.1731 13.941  2.7
 4303.8868 13.954  2.7
 4306.6005 13.961  2.7
 4309.3143 13.957  2.7
 4312.0280 13.957  2.7
 4314.7417 13.959  2.7
 4317.4555 13.960  2.7
 4320.1692 13.971  2.7
 4322.8830 13.969  2.7
 4325.5967 13.969  2.7
 4328.3104 13.983  2.7
 4331.0242 14.015  2.7
 4333.7379 14.068  2.7
 4336.4516 14.129  2.7
 4339.1654 14.173  2.7
 4341.8791 14.179  2.7
 4344.5929 14.138  2.7
 4347.3066 14.097  2.7
 4350.0203 14.072  2.7
 4352.7341 14.059  2.7
 4355.4478 14.039  2.7
 4358.1616 14.002  2.7
 4360.8753 13.973  2.7
 4363.5890 13.980  2.7
 4366.3028 13.999  2.7
 4369.0165 13.997  2.7
 4371.7302 13.977  2.7
 4374.4440 13.959  2.7
 4377.1577 13.957  2.7
 4379.8715 13.971  2.7
 4382.5852 13.982  2.7
 4385.2989 13.992  2.7
 4388.0127 13.992  2.7
 4390.7264 13.980  2.7
 4393.4401 13.991  2.7
 4396.1539 13.990  2.7
 4398.8676 13.964  2.7
 4401.5814 13.954  2.7
 4404.2951 13.969  2.7
 4407.0088 13.994  2.7
 4409.7226 14.011  2.7
 4412.4363 14.000  2.7
 4415.1501 13.983  2.7
 4417.8638 13.980  2.7
 4420.5775 13.987  2.7
 4423.2913 14.008  2.7
 4426.0050 14.017  2.7
 4428.7187 14.007  2.7
 4431.4325 14.014  2.7
 4434.1462 14.009  2.7
 4436.8600 13.999  2.7
 4439.5737 14.013  2.7
 4442.2874 14.005  2.7
 4445.0012 13.988  2.7
 4447.7149 13.989  2.7
 4450.4286 14.001  2.7
 4453.1424 14.017  2.7
 4455.8561 14.019  2.7
 4458.5699 13.998  2.7
 4461.2836 14.004  2.7
 4463.9973 14.017  2.7
 4466.7111 14.042  2.7
 4469.4248 14.051  2.7
 4472.1385 14.030  2.7
 4474.8523 14.024  2.7
 4477.5660 14.013  2.7
 4480.2798 13.992  2.7
 4482.9935 13.994  2.7
 4485.7072 14.011  2.7
 4488.4210 14.047  2.7
 4491.1347 14.052  2.7
 4493.8485 14.032  2.7
 4496.5622 14.046  2.7
 4499.2759 14.051  2.7
 4501.9897 14.050  2.7
 4504.7034 14.053  2.7
 4507.4171 14.048  2.7
 4510.1309 14.065  2.7
 4512.8446 14.072  2.7
 4515.5584 14.049  2.7
 4518.2721 14.032  2.7
 4520.9858 14.032  2.7
 4523.6996 14.055  2.7
 4526.4133 14.057  2.7
 4529.1270 14.057  2.7
 4531.8408 14.058  2.7
 4534.5545 14.044  2.7
 4537.2683 14.062  2.7
 4539.9820 14.082  2.7
 4542.6957 14.077  2.7
 4545.4095 14.098  2.7
 4548.1232 14.103  2.7
 4550.8370 14.080  2.7
 4553.5507 14.060  2.7
 4556.2644 14.047  2.7
 4558.9782 14.057  2.7
 4561.6919 14.055  2.7
 4564.4056 14.049  2.7
 4567.1194 14.058  2.7
 4569.8331 14.052  2.7
 4572.5469 14.034  2.7
 4575.2606 14.006  2.7
 4577.9743 14.003  2.7
 4580.6881 14.026  2.7
 4583.4018 14.060  2.7
 4586.1155 14.080  2.7
 4588.8293 14.081  2.7
 4591.5430 14.076  2.7
 4594.2568 14.067  2.7
 4596.9705 14.053  2.7
 4599.6842 14.032  2.7
 4602.3980 14.031  2.7
 4605.1117 14.042  2.7
 4607.8254 14.067  2.7
 4610.5392 14.086  2.7
 4613.2529 14.081  2.7
 4615.9667 14.079  2.7
 4618.6804 14.082  2.7
 4621.3941 14.081  2.7
 4624.1079 14.080  2.7
 4626.8216 14.060  2.7
 4629.5354 14.054  2.7
 4632.2491 14.051  2.7
 4634.9628 14.055  2.7
 4637.6766 14.074  2.7
 4640.3903 14.080  2.7
 4643.1040 14.081  2.7
 4645.8178 14.083  2.7
 4648.5315 14.087  2.7
 4651.2453 14.088  2.7
 4653.9590 14.075  2.7
 4656.6727 14.062  2.7
 4659.3865 14.065  2.7
 4662.1002 14.060  2.7
 4664.8139 14.058  2.7
 4667.5277 14.080  2.7
 4670.2414 14.095  2.7
 4672.9552 14.091  2.7
 4675.6689 14.092  2.7
 4678.3826 14.089  2.7
 4681.0964 14.112  2.7
 4683.8101 14.155  2.7
 4686.5239 14.193  2.7
 4689.2376 14.187  2.7
 4691.9513 14.146  2.7
 4694.6651 14.146  2.7
 4697.3788 14.144  2.7
 4700.0925 14.137  2.7
 4702.8063 14.140  2.7
 4705.5200 14.131  2.7
 4708.2338 14.123  2.7
 4710.9475 14.120  2.7
 4713.6612 14.113  2.7
 4716.3750 14.109  2.7
 4719.0887 14.118  2.7
 4721.8024 14.120  2.7
 4724.5162 14.120  2.7
 4727.2299 14.112  2.7
 4729.9437 14.116  2.7
 4732.6574 14.131  2.7
 4735.3711 14.134  2.7
 4738.0849 14.131  2.7
 4740.7986 14.111  2.7
 4743.5123 14.105  2.7
 4746.2261 14.114  2.7
 4748.9398 14.115  2.7
 4751.6536 14.121  2.7
 4754.3673 14.136  2.7
 4757.0810 14.159  2.7
 4759.7948 14.168  2.7
 4762.5085 14.160  2.7
 4765.2223 14.159  2.7
 4767.9360 14.153  2.7
 4770.6497 14.148  2.7
 4773.3635 14.163  2.7
 4776.0772 14.162  2.7
 4778.7909 14.149  2.7
 4781.5047 14.140  2.7
 4784.2184 14.139  2.7
 4786.9322 14.138  2.7
 4789.6459 14.123  2.7
 4792.3596 14.098  2.7
 4795.0734 14.090  2.7
 4797.7871 14.096  2.7
 4800.5008 14.141  2.7
 4803.2146 14.157  2.7
 4805.9283 14.151  2.7
 4808.6421 14.153  2.7
 4811.3558 14.152  2.7
 4814.0695 14.143  2.7
 4816.7833 14.138  2.7
 4819.4970 14.149  2.7
 4822.2108 14.165  2.7
 4824.9245 14.152  2.7
 4827.6382 14.133  2.7
 4830.3520 14.122  2.7
 4833.0657 14.129  2.7
 4835.7794 14.163  2.7
 4838.4932 14.190  2.7
 4841.2069 14.187  2.7
 4843.9207 14.183  2.7
 4846.6344 14.177  2.7
 4849.3481 14.192  2.7
 4852.0619 14.233  2.7
 4854.7756 14.276  2.7
 4857.4893 14.322  2.7
 4860.2031 14.358  2.7
 4862.9168 14.378  2.7
 4865.6306 14.354  2.7
 4868.3443 14.287  2.7
 4871.0580 14.245  2.7
 4873.7718 14.244  2.7
 4876.4855 14.246  2.7
 4879.1992 14.255  2.7
 4881.9130 14.245  2.7
 4884.6267 14.244  2.7
 4887.3405 14.234  2.7
 4890.0542 14.220  2.7
 4892.7679 14.231  2.7
 4895.4817 14.218  2.7
 4898.1954 14.179  2.7
 4900.9092 14.158  2.7
 4903.6229 14.140  2.7
 4906.3366 14.129  2.7
 4909.0504 14.144  2.7
 4911.7641 14.152  2.7
 4914.4778 14.156  2.7
 4917.1916 14.168  2.7
 4919.9053 14.179  2.7
 4922.6191 14.173  2.7
 4925.3328 14.166  2.7
 4928.0465 14.183  2.7
 4930.7603 14.201  2.7
 4933.4740 14.202  2.7
 4936.1877 14.196  2.7
 4938.9015 14.183  2.7
 4941.6152 14.183  2.7
 4944.3290 14.179  2.7
 4947.0427 14.173  2.7
 4949.7564 14.174  2.7
 4952.4702 14.169  2.7
 4955.1839 14.184  2.7
 4957.8977 14.196  2.7
 4960.6114 14.231  2.7
 4963.3251 14.275  2.7
 4966.0389 14.253  2.7
 4968.7526 14.223  2.7
 4971.4663 14.212  2.7
 4974.1801 14.184  2.7
 4976.8938 14.183  2.7
 4979.6076 14.189  2.7
 4982.3213 14.191  2.7
 4985.0350 14.179  2.7
 4987.7488 14.148  2.7
 4990.4625 14.135  2.7
 4993.1762 14.130  2.7
 4995.8900 14.148  2.7
 4998.6037 14.192  2.7
 5001.3175 14.213  2.7
 5004.0312 14.209  2.7
 5006.7449 14.197  2.7
 5009.4587 14.189  2.7
 5012.1724 14.188  2.7
 5014.8861 14.169  2.7
 5017.5999 14.159  2.7
 5020.3136 14.182  2.7
 5023.0274 14.212  2.7
 5025.7411 14.229  2.7
 5028.4548 14.229  2.7
 5031.1686 14.245  2.7
 5033.8823 14.260  2.7
 5036.5961 14.253  2.7
 5039.3098 14.238  2.7
 5042.0235 14.214  2.7
 5044.7373 14.195  2.7
 5047.4510 14.209  2.7
 5050.1647 14.224  2.7
 5052.8785 14.223  2.7
 5055.5922 14.206  2.7
 5058.3060 14.209  2.7
 5061.0197 14.224  2.7
 5063.7334 14.215  2.7
 5066.4472 14.199  2.7
 5069.1609 14.196  2.7
 5071.8746 14.202  2.7
 5074.5884 14.204  2.7
 5077.3021 14.216  2.7
 5080.0159 14.229  2.7
 5082.7296 14.217  2.7
 5085.4433 14.222  2.7
 5088.1571 14.238  2.7
 5090.8708 14.223  2.7
 5093.5846 14.222  2.7
 5096.2983 14.240  2.7
 5099.0120 14.229  2.7
 5101.7258 14.229  2.7
 5104.4395 14.238  2.7
 5107.1532 14.214  2.7
 5109.8670 14.211  2.7
 5112.5807 14.213  2.7
 5115.2945 14.254  2.7
 5118.0082 14.279  2.7
 5120.7219 14.254  2.7
 5123.4357 14.246  2.7
 5126.1494 14.273  2.7
 5128.8631 14.311  2.7
 5131.5769 14.294  2.7
 5134.2906 14.259  2.7
 5137.0044 14.251  2.7
 5139.7181 14.252  2.7
 5142.4318 14.250  2.7
 5145.1456 14.225  2.7
 5147.8593 14.210  2.7
 5150.5730 14.222  2.7
 5153.2868 14.241  2.7
 5156.0005 14.235  2.7
 5158.7143 14.221  2.7
 5161.4280 14.220  2.7
 5164.1417 14.224  2.7
 5166.8555 14.246  2.7
 5169.5692 14.259  2.7
 5172.2830 14.243  2.7
 5174.9967 14.231  2.7
 5177.7104 14.243  2.7
 5180.4242 14.230  2.7
 5183.1379 14.214  2.7
 5185.8516 14.251  2.7
 5188.5654 14.290  2.7
 5191.2791 14.266  2.7
 5193.9929 14.221  2.7
 5196.7066 14.222  2.7
 5199.4203 14.258  2.7
 5202.1341 14.266  2.7
 5204.8478 14.233  2.7
 5207.5615 14.209  2.7
 5210.2753 14.218  2.7
 5212.9890 14.225  2.7
 5215.7028 14.232  2.7
 5218.4165 14.246  2.7
 5221.1302 14.276  2.7
 5223.8440 14.279  2.7
 5226.5577 14.272  2.7
 5229.2715 14.279  2.7
 5231.9852 14.285  2.7
 5234.6989 14.274  2.7
 5237.4127 14.276  2.7
 5240.1264 14.259  2.7
 5242.8401 14.237  2.7
 5245.5539 14.258  2.7
 5248.2676 14.259  2.7
 5250.9814 14.250  2.7
 5253.6951 14.247  2.7
 5256.4088 14.264  2.7
 5259.1226 14.294  2.7
 5261.8363 14.306  2.7
 5264.5500 14.300  2.7
 5267.2638 14.298  2.7
 5269.9775 14.289  2.7
 5272.6913 14.259  2.7
 5275.4050 14.250  2.7
 5278.1187 14.279  2.7
 5280.8325 14.298  2.7
 5283.5462 14.276  2.7
 5286.2599 14.238  2.7
 5288.9737 14.242  2.7
 5291.6874 14.270  2.7
 5294.4012 14.255  2.7
 5297.1149 14.241  2.7
 5299.8286 14.245  2.7
 5302.5424 14.257  2.7
 5305.2561 14.246  2.7
 5307.9699 14.224  2.7
 5310.6836 14.225  2.7
 5313.3973 14.244  2.7
 5316.1111 14.269  2.7
 5318.8248 14.302  2.7
 5321.5385 14.319  2.7
 5324.2523 14.302  2.7
 5326.9660 14.278  2.7
 5329.6798 14.265  2.7
 5332.3935 14.251  2.7
 5335.1072 14.261  2.7
 5337.8210 14.293  2.7
 5340.5347 14.315  2.7
 5343.2484 14.322  2.7
 5345.9622 14.290  2.7
 5348.6759 14.254  2.7
 5351.3897 14.261  2.7
 5354.1034 14.299  2.7
 5356.8171 14.283  2.7
 5359.5309 14.296  2.7
 5362.2446 14.310  2.7
 5364.9584 14.321  2.7
 5367.6721 14.336  2.7
 5370.3858 14.342  2.7
 5373.0996 14.348  2.7
 5375.8133 14.351  2.7
 5378.5270 14.346  2.7
 5381.2408 14.328  2.7
 5383.9545 14.323  2.7
 5386.6683 14.315  2.7
 5389.3820 14.322  2.7
 5392.0957 14.353  2.7
 5394.8095 14.375  2.7
 5397.5232 14.339  2.7
 5400.2369 14.308  2.7
 5402.9507 14.327  2.7
 5405.6644 14.371  2.7
 5408.3782 14.420  2.7
 5411.0919 14.449  2.7
 5413.8056 14.426  2.7
 5416.5194 14.384  2.7
 5419.2331 14.353  2.7
 5421.9468 14.336  2.7
 5424.6606 14.318  2.7
 5427.3743 14.337  2.7
 5430.0881 14.359  2.7
 5432.8018 14.369  2.7
 5435.5155 14.359  2.7
 5438.2293 14.340  2.7
 5440.9430 14.306  2.7
 5443.6568 14.325  2.7
 5446.3705 14.354  2.7
 5449.0842 14.372  2.7
 5451.7980 14.339  2.7
 5454.5117 14.338  2.7
 5457.2254 14.339  2.7
 5459.9392 14.298  2.7
 5462.6529 14.308  2.7
 5465.3667 14.335  2.7
 5468.0804 14.354  2.7
 5470.7941 14.370  2.7
 5473.5079 14.344  2.7
 5476.2216 14.335  2.7
 5478.9353 14.327  2.7
 5481.6491 14.339  2.7
 5484.3628 14.343  2.7
 5487.0766 14.345  2.7
 5489.7903 14.357  2.7
 5492.5040 14.368  2.7
 5495.2178 14.386  2.7
 5497.9315 14.393  2.7
 5500.6453 14.380  2.7
 5503.3590 14.377  2.7
 5506.0727 14.375  2.7
 5508.7865 14.385  2.7
 5511.5002 14.378  2.7
 5514.2139 14.347  2.7
 5516.9277 14.344  2.7
 5519.6414 14.377  2.7
 5522.3552 14.385  2.7
 5525.0689 14.362  2.7
 5527.7826 14.321  2.7
 5530.4964 14.302  2.7
 5533.2101 14.331  2.7
 5535.9238 14.357  2.7
 5538.6376 14.367  2.7
 5541.3513 14.362  2.7
 5544.0651 14.355  2.7
 5546.7788 14.354  2.7
 5549.4925 14.348  2.7
 5552.2063 14.329  2.7
 5554.9200 14.315  2.7
 5557.6337 14.296  2.7
 5560.3475 14.283  2.7
 5563.0612 14.322  2.7
 5565.7750 14.360  2.7
 5568.4887 14.335  2.7
 5571.2024 14.299  2.7
 5573.9162 14.281  2.7
 5576.6299 14.264  2.7
 5579.3437 14.292  2.7
 5582.0574 14.384  2.7
 5584.7711 14.416  2.7
 5587.4849 14.379  2.7
 5590.1986 14.363  2.7
 5592.9123 14.345  2.7
 5595.6261 14.335  2.7
 5598.3398 14.313  2.7
 5601.0536 14.316  2.7
 5603.7673 14.345  2.7
 5606.4810 14.345  2.7
 5609.1948 14.356  2.7
 5611.9085 14.375  2.7
 5614.6222 14.392  2.7
 5617.3360 14.382  2.7
 5620.0497 14.382  2.7
 5622.7635 14.394  2.7
 5625.4772 14.367  2.7
 5628.1909 14.379  2.7
 5630.9047 14.414  2.7
 5633.6184 14.410  2.7
 5636.3322 14.370  2.7
 5639.0459 14.327  2.7
 5641.7596 14.337  2.7
 5644.4734 14.371  2.7
 5647.1871 14.413  2.7
 5649.9008 14.436  2.7
 5652.6146 14.427  2.7
 5655.3283 14.396  2.7
 5658.0421 14.408  2.7
 5660.7558 14.419  2.7
 5663.4695 14.402  2.7
 5666.1833 14.414  2.7
 5668.8970 14.426  2.7
 5671.6107 14.388  2.7
 5674.3245 14.396  2.7
 5677.0382 14.429  2.7
 5679.7520 14.454  2.7
 5682.4657 14.460  2.7
 5685.1794 14.412  2.7
 5687.8932 14.387  2.7
 5690.6069 14.403  2.7
 5693.3206 14.435  2.7
 5696.0344 14.454  2.7
 5698.7481 14.473  2.7
 5701.4619 14.474  2.7
 5704.1756 14.469  2.7
 5706.8893 14.443  2.7
 5709.6031 14.379  2.7
 5712.3168 14.347  2.7
 5715.0306 14.367  2.7
 5717.7443 14.361  2.7
 5720.4580 14.366  2.7
 5723.1718 14.404  2.7
 5725.8855 14.408  2.7
 5728.5992 14.395  2.7
 5731.3130 14.402  2.7
 5734.0267 14.383  2.7
 5736.7405 14.362  2.7
 5739.4542 14.369  2.7
 5742.1679 14.377  2.7
 5744.8817 14.393  2.7
 5747.5954 14.399  2.7
 5750.3091 14.423  2.7
 5753.0229 14.473  2.7
 5755.7366 14.494  2.7
 5758.4504 14.481  2.7
 5761.1641 14.438  2.7
 5763.8778 14.406  2.7
 5766.5916 14.386  2.7
 5769.3053 14.368  2.7
 5772.0191 14.379  2.7
 5774.7328 14.420  2.7
 5777.4465 14.454  2.7
 5780.1603 14.419  2.7
 5782.8740 14.398  2.7
 5785.5877 14.422  2.7
 5788.3015 14.426  2.7
 5791.0152 14.416  2.7
 5793.7290 14.390  2.7
 5796.4427 14.360  2.7
 5799.1564 14.359  2.7
 5801.8702 14.367  2.7
 5804.5839 14.384  2.7
 5807.2976 14.402  2.7
 5810.0114 14.412  2.7
 5812.7251 14.409  2.7
 5815.4389 14.374  2.7
 5818.1526 14.387  2.7
 5820.8663 14.433  2.7
 5823.5801 14.463  2.7
 5826.2938 14.451  2.7
 5829.0075 14.430  2.7
 5831.7213 14.438  2.7
 5834.4350 14.474  2.7
 5837.1488 14.511  2.7
 5839.8625 14.521  2.7
 5842.5762 14.534  2.7
 5845.2900 14.542  2.7
 5848.0037 14.535  2.7
 5850.7175 14.521  2.7
 5853.4312 14.503  2.7
 5856.1449 14.475  2.7
 5858.8587 14.461  2.7
 5861.5724 14.472  2.7
 5864.2861 14.482  2.7
 5866.9999 14.491  2.7
 5869.7136 14.462  2.7
 5872.4274 14.432  2.7
 5875.1411 14.431  2.7
 5877.8548 14.439  2.7
 5880.5686 14.429  2.7
 5883.2823 14.410  2.7
 5885.9960 14.434  2.7
 5888.7098 14.474  2.7
 5891.4235 14.487  2.7
 5894.1373 14.461  2.7
 5896.8510 14.471  2.7
 5899.5647 14.519  2.7
 5902.2785 14.520  2.7
 5904.9922 14.493  2.7
 5907.7060 14.482  2.7
 5910.4197 14.482  2.7
 5913.1334 14.531  2.7
 5915.8472 14.469  2.7
 5918.5609 14.408  2.7
 5921.2746 14.392  2.7
 5923.9884 14.418  2.7
 5926.7021 14.417  2.7
 5929.4159 14.451  2.7
 5932.1296 14.556  2.7
 5934.8433 14.470  2.7
 5937.5571 14.401  2.7
 5940.2708 14.454  2.7
 5942.9845 14.446  2.7
 5945.6983 14.426  2.7
 5948.4120 14.440  2.7
 5951.1258 14.457  2.7
 5953.8395 14.496  2.7
 5956.5532 14.547  2.7
 5959.2670 14.637  2.7
 5961.9807 14.670  2.7
 5964.6944 14.659  2.7
 5967.4082 14.642  2.7
 5970.1219 14.583  2.7
 5972.8357 14.568  2.7
 5975.5494 14.612  2.7
 5978.2631 14.644  2.7
 5980.9769 14.644  2.7
 5983.6906 14.629  2.7
 5986.4044 14.601  2.7
 5989.1181 14.573  2.7
 5991.8318 14.538  2.7
 5994.5456 14.479  2.7
 5997.2593 14.454  2.7
 5999.9730 14.469  2.7
 6002.6868 14.485  2.7
 6005.4005 14.493  2.7
 6008.1143 14.505  2.7
 6010.8280 14.547  2.7
 6013.5417 14.537  2.7
 6016.2555 14.527  2.7
 6018.9692 14.604  2.7
 6021.6829 14.634  2.7
 6024.3967 14.627  2.7
 6027.1104 14.605  2.7
 6029.8242 14.564  2.7
 6032.5379 14.574  2.7
 6035.2516 14.602  2.7
 6037.9654 14.619  2.7
 6040.6791 14.643  2.7
 6043.3929 14.630  2.7
 6046.1066 14.609  2.7
 6048.8203 14.680  2.7
 6051.5341 14.670  2.7
 6054.2478 14.712  2.7
 6056.9615 14.743  2.7
 6059.6753 14.689  2.7
 6062.3890 14.712  2.7
 6065.1028 14.679  2.7
 6067.8165 14.642  2.7
 6070.5302 14.623  2.7
 6073.2440 14.658  2.7
 6075.9577 14.720  2.7
 6078.6714 14.719  2.7
 6081.3852 14.732  2.7
 6084.0989 14.691  2.7
 6086.8127 14.635  2.7
 6089.5264 14.578  2.7
 6092.2401 14.562  2.7
 6094.9539 14.594  2.7
 6097.6676 14.576  2.7
 6100.3813 14.495  2.7
 6103.0951 14.415  2.7
 6105.8088 14.453  2.7
 6108.5226 14.565  2.7
 6111.2363 14.608  2.7
 6113.9500 14.619  2.7
 6116.6638 14.681  2.7
 6119.3775 14.723  2.7
 6122.0913 14.725  2.7
 6124.8050 14.685  2.7
 6127.5187 14.620  2.7
 6130.2325 14.542  2.7
 6132.9462 14.521  2.7
 6135.6599 14.570  2.7
 6138.3737 14.597  2.7
 6141.0874 14.576  2.7
 6143.8012 14.550  2.7
 6146.5149 14.550  2.7
 6149.2286 14.593  2.7
 6151.9424 14.659  2.7
 6154.6561 14.721  2.7
 6157.3698 14.736  2.7
 6160.0836 14.711  2.7
 6162.7973 14.724  2.7
 6165.5111 14.756  2.7
 6168.2248 14.758  2.7
 6170.9385 14.710  2.7
 6173.6523 14.643  2.7
 6176.3660 14.625  2.7
 6179.0798 14.649  2.7
 6181.7935 14.650  2.7
 6184.5072 14.650  2.7
 6187.2210 14.678  2.7
 6189.9347 14.658  2.7
 6192.6484 14.656  2.7
 6195.3622 14.686  2.7
 6198.0759 14.751  2.7
 6200.7897 14.766  2.7
 6203.5034 14.733  2.7
 6206.2171 14.656  2.7
 6208.9309 14.607  2.7
 6211.6446 14.646  2.7
 6214.3583 14.685  2.7
 6217.0721 14.660  2.7
 6219.7858 14.620  2.7
 6222.4996 14.595  2.7
 6225.2133 14.663  2.7
 6227.9270 14.698  2.7
 6230.6408 14.651  2.7
 6233.3545 14.702  2.7
 6236.0682 14.839  2.7
 6238.7820 14.959  2.7
 6241.4957 15.006  2.7
 6244.2095 14.838  2.7
 6246.9232 14.718  2.7
 6249.6369 14.712  2.7
 6252.3507 14.734  2.7
 6255.0644 14.695  2.7
 6257.7782 14.615  2.7
 6260.4919 14.598  2.7
 6263.2056 14.654  2.7
 6265.9194 14.733  2.7
 6268.6331 14.739  2.7
 6271.3468 14.743  2.7
 6274.0606 14.788  2.7
 6276.7743 14.738  2.7
 6279.4881 14.651  2.7
 6282.2018 14.670  2.7
 6284.9155 14.750  2.7
 6287.6293 14.783  2.7
 6290.3430 14.754  2.7
 6293.0567 14.701  2.7
 6295.7705 14.645  2.7
 6298.4842 14.616  2.7
 6301.1980 14.690  2.7
 6303.9117 14.861  2.7
 6306.6254 14.945  2.7
 6309.3392 14.876  2.7
 6312.0529 14.801  2.7
 6314.7667 14.763  2.7
 6317.4804 14.712  2.7
 6320.1941 14.652  2.7
 6322.9079 14.625  2.7
 6325.6216 14.627  2.7
 6328.3353 14.636  2.7
 6331.0491 14.674  2.7
 6333.7628 14.683  2.7
 6336.4766 14.695  2.7
 6339.1903 14.699  2.7
 6341.9040 14.669  2.7
 6344.6178 14.719  2.7
 6347.3315 14.712  2.7
 6350.0452 14.694  2.7
 6352.7590 14.732  2.7
 6355.4727 14.734  2.7
 6358.1865 14.677  2.7
 6360.9002 14.702  2.7
 6363.6139 14.762  2.7
 6366.3277 14.761  2.7
 6369.0414 14.659  2.7
 6371.7551 14.694  2.7
 6374.4689 14.810  2.7
 6377.1826 14.818  2.7
 6379.8964 14.779  2.7
 6382.6101 14.820  2.7
 6385.3238 14.778  2.7
 6388.0376 14.747  2.7
 6390.7513 14.751  2.7
 6393.4651 14.694  2.7
 6396.1788 14.686  2.7
 6398.8925 14.719  2.7
 6401.6063 14.813  2.7
 6404.3200 14.880  2.7
 6407.0337 14.857  2.7
 6409.7475 14.830  2.7
 6412.4612 14.841  2.7
 6415.1750 14.874  2.7
 6417.8887 14.874  2.7
 6420.6024 14.853  2.7
 6423.3162 14.867  2.7
 6426.0299 14.873  2.7
 6428.7436 14.860  2.7
 6431.4574 14.861  2.7
 6434.1711 14.838  2.7
 6436.8849 14.782  2.7
 6439.5986 14.690  2.7
 6442.3123 14.600  2.7
 6445.0261 14.588  2.7
 6447.7398 14.654  2.7
 6450.4536 14.749  2.7
 6453.1673 14.842  2.7
 6455.8810 14.873  2.7
 6458.5948 14.834  2.7
 6461.3085 14.790  2.7
 6464.0222 14.738  2.7
 6466.7360 14.738  2.7
 6469.4497 14.800  2.7
 6472.1635 14.795  2.7
 6474.8772 14.770  2.7
 6477.5909 14.755  2.7
 6480.3047 14.751  2.7
 6483.0184 14.761  2.7
 6485.7321 14.794  2.7
 6488.4459 14.800  2.7
 6491.1596 14.744  2.7
 6493.8734 14.737  2.7
 6496.5871 14.793  2.7
 6499.3008 14.850  2.7
 6502.0146 14.876  2.7
 6504.7283 14.886  2.7
 6507.4420 14.848  2.7
 6510.1558 14.812  2.7
 6512.8695 14.815  2.7
 6515.5833 14.843  2.7
 6518.2970 14.826  2.7
 6521.0107 14.808  2.7
 6523.7245 14.802  2.7
 6526.4382 14.805  2.7
 6529.1520 14.814  2.7
 6531.8657 14.816  2.7
 6534.5794 14.791  2.7
 6537.2932 14.806  2.7
 6540.0069 14.853  2.7
 6542.7206 14.852  2.7
 6545.4344 14.805  2.7
 6548.1481 14.757  2.7
 6550.8619 14.747  2.7
 6553.5756 14.823  2.7
 6556.2893 14.884  2.7
 6559.0031 14.899  2.7
 6561.7168 14.943  2.7
 6564.4305 15.000  2.7
 6567.1443 15.013  2.7
 6569.8580 15.017  2.7
 6572.5718 15.039  2.7
 6575.2855 14.982  2.7
 6577.9992 14.915  2.7
 6580.7130 14.867  2.7
 6583.4267 14.812  2.7
 6586.1405 14.786  2.7
 6588.8542 14.782  2.7
 6591.5679 14.785  2.7
 6594.2817 14.821  2.7
 6596.9954 14.854  2.7
 6599.7091 14.831  2.7
 6602.4229 14.774  2.7
 6605.1366 14.731  2.7
 6607.8504 14.733  2.7
 6610.5641 14.758  2.7
 6613.2778 14.787  2.7
 6615.9916 14.853  2.7
 6618.7053 14.918  2.7
 6621.4190 14.919  2.7
 6624.1328 14.866  2.7
 6626.8465 14.839  2.7
 6629.5603 14.848  2.7
 6632.2740 14.842  2.7
 6634.9877 14.788  2.7
 6637.7015 14.798  2.7
 6640.4152 14.799  2.7
 6643.1289 14.763  2.7
 6645.8427 14.744  2.7
 6648.5564 14.698  2.7
 6651.2702 14.681  2.7
 6653.9839 14.740  2.7
 6656.6976 14.822  2.7
 6659.4114 14.809  2.7
 6662.1251 14.784  2.7
 6664.8389 14.837  2.7
 6667.5526 14.915  2.7
 6670.2663 14.885  2.7
 6672.9801 14.829  2.7
 6675.6938 14.787  2.7
 6678.4075 14.759  2.7
 6681.1213 14.695  2.7
 6683.8350 14.623  2.7
 6686.5488 14.669  2.7
 6689.2625 14.773  2.7
 6691.9762 14.813  2.7
 6694.6900 14.862  2.7
 6697.4037 14.930  2.7
 6700.1174 14.912  2.7
 6702.8312 14.865  2.7
 6705.5449 14.827  2.7
 6708.2587 14.789  2.7
 6710.9724 14.792  2.7
 6713.6861 14.767  2.7
 6716.3999 14.743  2.7
 6719.1136 14.826  2.7
 6721.8274 14.887  2.7
 6724.5411 14.878  2.7
 6727.2548 14.861  2.7
 6729.9686 14.805  2.7
 6732.6823 14.766  2.7
 6735.3960 14.784  2.7
 6738.1098 14.835  2.7
 6740.8235 14.842  2.7
 6743.5373 14.795  2.7
 6746.2510 14.792  2.7
 6748.9647 14.824  2.7
 6751.6785 14.770  2.7
 6754.3922 14.687  2.7
 6757.1059 14.675  2.7
 6759.8197 14.702  2.7
 6762.5334 14.735  2.7
 6765.2472 14.733  2.7
 6767.9609 14.728  2.7
 6770.6746 14.797  2.7
 6773.3884 14.856  2.7
 6776.1021 14.845  2.7
 6778.8158 14.803  2.7
 6781.5296 14.726  2.7
 6784.2433 14.724  2.7
 6786.9571 14.801  2.7
 6789.6708 14.823  2.7
 6792.3845 14.838  2.7
 6795.0983 14.811  2.7
 6797.8120 14.780  2.7
 6800.5258 14.791  2.7
 6803.2395 14.823  2.7
 6805.9532 14.836  2.7
 6808.6670 14.816  2.7
 6811.3807 14.821  2.7
 6814.0944 14.829  2.7
 6816.8082 14.775  2.7
 6819.5219 14.726  2.7
 6822.2357 14.711  2.7
 6824.9494 14.799  2.7
 6827.6631 14.809  2.7
 6830.3769 14.724  2.7
 6833.0906 14.688  2.7
 6835.8043 14.733  2.7
 6838.5181 14.840  2.7
 6841.2318 14.894  2.7
 6843.9456 14.859  2.7
 6846.6593 14.866  2.7
 6849.3730 14.779  2.7
 6852.0868 14.698  2.7
 6854.8005 14.746  2.7
 6857.5143 14.789  2.7
 6860.2280 14.744  2.7
 6862.9417 14.677  2.7
 6865.6555 14.681  2.7
 6868.3692 14.761  2.7
 6871.0829 14.885  2.7
 6873.7967 14.945  2.7
 6876.5104 14.931  2.7
 6879.2242 14.879  2.7
 6881.9379 14.893  2.7
 6884.6516 14.921  2.7
 6887.3654 14.908  2.7
 6890.0791 14.922  2.7
 6892.7928 14.891  2.7
 6895.5066 14.851  2.7
 6898.2203 14.893  2.7
 6900.9341 14.951  2.7
 6903.6478 14.928  2.7
 6906.3615 14.811  2.7
 6909.0753 14.717  2.7
 6911.7890 14.761  2.7
 6914.5027 14.911  2.7
 6917.2165 14.956  2.7
 6919.9302 14.855  2.7
 6922.6440 14.805  2.7
 6925.3577 14.783  2.7
 6928.0714 14.765  2.7
 6930.7852 14.797  2.7
 6933.4989 14.834  2.7
 6936.2127 14.835  2.7
 6938.9264 14.831  2.7
 6941.6401 14.835  2.7
 6944.3539 14.753  2.7
 6947.0676 14.659  2.7
 6949.7813 14.636  2.7
 6952.4951 14.655  2.7
 6955.2088 14.717  2.7
 6957.9226 14.786  2.7
 6960.6363 14.808  2.7
 6963.3500 14.815  2.7
 6966.0638 14.860  2.7
 6968.7775 14.841  2.7
 6971.4912 14.801  2.7
 6974.2050 14.820  2.7
 6976.9187 14.883  2.7
 6979.6325 14.893  2.7
 6982.3462 14.828  2.7
 6985.0599 14.807  2.7
 6987.7737 14.844  2.7
 6990.4874 14.857  2.7
 6993.2012 14.841  2.7
 6995.9149 14.848  2.7
 6998.6286 14.954  2.7
 7001.3424 14.985  2.7
 7004.0561 14.855  2.7
 7006.7698 14.740  2.7
 7009.4836 14.777  2.7
 7012.1973 14.803  2.7
 7014.9111 14.869  2.7
 7017.6248 14.891  2.7
 7020.3385 14.822  2.7
 7023.0523 14.776  2.7
 7025.7660 14.826  2.7
 7028.4797 14.907  2.7
 7031.1935 14.881  2.7
 7033.9072 14.841  2.7
 7036.6210 14.915  2.7
 7039.3347 15.023  2.7
 7042.0484 15.038  2.7
 7044.7622 15.015  2.7
 7047.4759 15.034  2.7
 7050.1896 15.072  2.7
 7052.9034 15.089  2.7
 7055.6171 15.044  2.7
 7058.3309 14.911  2.7
 7061.0446 14.791  2.7
 7063.7583 14.749  2.7
 7066.4721 14.729  2.7
 7069.1858 14.746  2.7
 7071.8996 14.853  2.7
 7074.6133 14.977  2.7
 7077.3270 15.015  2.7
 7080.0408 15.008  2.7
 7082.7545 14.998  2.7
 7085.4682 14.919  2.7
 7088.1820 14.789  2.7
 7090.8957 14.715  2.7
 7093.6095 14.754  2.7
 7096.3232 14.845  2.7
 7099.0369 14.884  2.7
 7101.7507 14.873  2.7
 7104.4644 14.851  2.7
 7107.1781 14.775  2.7
 7109.8919 14.704  2.7
 7112.6056 14.714  2.7
 7115.3194 14.811  2.7
 7118.0331 14.866  2.7
 7120.7468 14.839  2.7
 7123.4606 14.796  2.7
 7126.1743 14.791  2.7
 7128.8881 14.820  2.7
 7131.6018 14.858  2.7
 7134.3155 14.824  2.7
 7137.0293 14.851  2.7
 7139.7430 15.002  2.7
 7142.4567 14.955  2.7
 7145.1705 14.974  2.7
 7147.8842 14.948  2.7
 7150.5980 14.836  2.7
 7153.3117 14.836  2.7
 7156.0254 14.836  2.7
 7158.7392 14.868  2.7
 7161.4529 14.928  2.7
 7164.1666 14.975  2.7
 7166.8804 14.979  2.7
 7169.5941 14.962  2.7
 7172.3079 14.948  2.7
 7175.0216 14.953  2.7
 7177.7353 15.102  2.7
 7180.4491 15.093  2.7
 7183.1628 14.975  2.7
 7185.8765 14.978  2.7
 7188.5903 15.062  2.7
 7191.3040 15.041  2.7
 7194.0178 14.955  2.7
 7196.7315 14.911  2.7
 7199.4452 14.974  2.7
 7202.1590 15.081  2.7
 7204.8727 15.076  2.7
 7207.5865 15.008  2.7
 7210.3002 15.011  2.7
 7213.0139 15.040  2.7
 7215.7277 14.997  2.7
 7218.4414 14.906  2.7
 7221.1551 14.840  2.7
 7223.8689 14.828  2.7
 7226.5826 14.834  2.7
 7229.2964 14.861  2.7
 7232.0101 14.965  2.7
 7234.7238 15.096  2.7
 7237.4376 15.116  2.7
 7240.1513 14.979  2.7
 7242.8650 14.811  2.7
 7245.5788 14.694  2.7
 7248.2925 14.694  2.7
 7251.0063 14.826  2.7
 7253.7200 14.914  2.7
 7256.4337 14.824  2.7
 7259.1475 14.695  2.7
 7261.8612 14.688  2.7
 7264.5750 14.843  2.7
 7267.2887 15.016  2.7
 7270.0024 15.023  2.7
 7272.7162 14.824  2.7
 7275.4299 14.642  2.7
 7278.1436 14.696  2.7
 7280.8574 14.875  2.7
 7283.5711 15.033  2.7
 7286.2849 15.110  2.7
 7288.9986 14.814  2.7
 7291.7123 14.654  2.7
 7294.4261 14.776  2.7
 7297.1398 14.957  2.7
 7299.8535 14.971  2.7
 7302.5673 15.060  2.7
 7305.2810 15.034  2.7
 7307.9948 15.009  2.7
 7310.7085 15.134  2.7
 7313.4222 14.999  2.7
 7316.1360 15.038  2.7
 7318.8497 15.075  2.7
 7321.5634 15.074  2.7
 7324.2772 15.100  2.7
 7326.9909 14.824  2.7
 7329.7047 14.736  2.7
 7332.4184 14.922  2.7
 7335.1321 15.098  2.7
 7337.8459 14.960  2.7
 7340.5596 14.729  2.7
 7343.2734 14.815  2.7
 7345.9871 15.156  2.7
 7348.7008 15.167  2.7
 7351.4146 15.061  2.7
 7354.1283 14.965  2.7
 7356.8420 14.862  2.7
 7359.5558 14.824  2.7
 7362.2695 14.901  2.7
 7364.9833 15.148  2.7
 7367.6970 15.352  2.7
 7370.4107 15.243  2.7
 7373.1245 14.976  2.7
 7375.8382 14.857  2.7
 7378.5519 14.987  2.7
 7381.2657 15.189  2.7
 7383.9794 15.193  2.7
 7386.6932 15.030  2.7
 7389.4069 14.892  2.7
 7392.1206 14.936  2.7
 7394.8344 15.145  2.7
 7397.5481 15.159  2.7
 7400.2619 15.042  2.7
 7402.9756 15.040  2.7
 7405.6893 15.017  2.7
 7408.4031 14.920  2.7
 7411.1168 14.935  2.7
 7413.8305 14.989  2.7
 7416.5443 14.892  2.7
 7419.2580 14.844  2.7
 7421.9718 14.782  2.7
 7424.6855 14.760  2.7
 7427.3992 14.801  2.7
 7430.1130 14.819  2.7
 7432.8267 14.839  2.7
 7435.5404 14.724  2.7
 7438.2542 14.727  2.7
 7440.9679 14.972  2.7
 7443.6817 15.079  2.7
 7446.3954 14.902  2.7
 7449.1091 14.783  2.7
 7451.8229 14.721  2.7
 7454.5366 14.679  2.7
 7457.2503 14.997  2.7
 7459.9641 15.231  2.7
 7462.6778 15.132  2.7
 7465.3916 14.947  2.7
 7468.1053 14.927  2.7
 7470.8190 15.241  2.7
 7473.5328 15.369  2.7
 7476.2465 15.111  2.7
 7478.9603 14.821  2.7
 7481.6740 14.728  2.7
 7484.3877 14.848  2.7
 7487.1015 14.923  2.7
 7489.8152 14.868  2.7
 7492.5289 14.741  2.7
 7495.2427 14.709  2.7
 7497.9564 14.839  2.7
 7500.6702 14.926  2.7
 7503.3839 14.932  2.7
 7506.0976 14.979  2.7
 7508.8114 14.978  2.7
 7511.5251 14.980  2.7
 7514.2388 14.975  2.7
 7516.9526 14.951  2.7
 7519.6663 15.002  2.7
 7522.3801 15.076  2.7
 7525.0938 15.118  2.7
 7527.8075 15.049  2.7
 7530.5213 14.860  2.7
 7533.2350 14.736  2.7
 7535.9488 14.824  2.7
 7538.6625 14.983  2.7
 7541.3762 14.969  2.7
 7544.0900 14.881  2.7
 7546.8037 14.807  2.7
 7549.5174 14.742  2.7
 7552.2312 14.704  2.7
 7554.9449 14.728  2.7
 7557.6587 14.902  2.7
 7560.3724 15.132  2.7
 7563.0861 15.170  2.7
 7565.7999 15.001  2.7
 7568.5136 14.989  2.7
 7571.2273 15.087  2.7
 7573.9411 15.260  2.7
 7576.6548 15.224  2.7
 7579.3686 15.091  2.7
 7582.0823 15.208  2.7
 7584.7960 15.153  2.7
 7587.5098 15.061  2.7
 7590.2235 15.164  2.7
 7592.9372 15.446  2.7
 7595.6510 16.286  2.7
 7598.3647 17.385  2.7
 7601.0785 17.813  2.7
 7603.7922 17.140  2.7
 7606.5059 16.344  2.7
 7609.2197 15.626  2.7
 7611.9334 15.325  2.7
 7614.6472 15.397  2.7
 7617.3609 15.673  2.7
 7620.0746 15.640  2.7
 7622.7884 15.282  2.7
 7625.5021 15.553  2.7
 7628.2158 15.586  2.7
 7630.9296 15.445  2.7
 7633.6433 15.396  2.7
 7636.3571 15.417  2.7
 7639.0708 15.309  2.7
 7641.7845 15.333  2.7
 7644.4983 15.495  2.7
 7647.2120 15.581  2.7
 7649.9257 15.413  2.7
 7652.6395 15.236  2.7
 7655.3532 15.298  2.7
 7658.0670 15.389  2.7
 7660.7807 15.299  2.7
 7663.4944 15.197  2.7
 7666.2082 15.226  2.7
 7668.9219 15.239  2.7
 7671.6357 15.150  2.7
 7674.3494 15.015  2.7
 7677.0631 14.911  2.7
 7679.7769 14.859  2.7
 7682.4906 14.826  2.7
 7685.2043 14.887  2.7
 7687.9181 14.948  2.7
 7690.6318 14.874  2.7
 7693.3456 14.823  2.7
 7696.0593 14.767  2.7
 7698.7730 14.687  2.7
 7701.4868 14.740  2.7
 7704.2005 14.826  2.7
 7706.9142 14.856  2.7
 7709.6280 14.831  2.7
 7712.3417 14.589  2.7
 7715.0555 14.302  2.7
 7717.7692 14.357  2.7
 7720.4829 14.735  2.7
 7723.1967 15.042  2.7
 7725.9104 14.879  2.7
 7728.6241 14.678  2.7
 7731.3379 14.597  2.7
 7734.0516 14.632  2.7
 7736.7654 14.742  2.7
 7739.4791 14.828  2.7
 7742.1928 14.781  2.7
 7744.9066 14.552  2.7
 7747.6203 14.321  2.7
 7750.3341 14.361  2.7
 7753.0478 14.382  2.7
 7755.7615 14.331  2.7
 7758.4753 14.578  2.7
 7761.1890 14.996  2.7
 7763.9027 15.284  2.7
 7766.6165 15.287  2.7
 7769.3302 15.607  2.7
 7772.0440 16.266  2.7
 7774.7577 16.041  2.7
 7777.4714 15.956  2.7
 7780.1852 15.988  2.7
 7782.8989 15.815  2.7
 7785.6126 15.897  2.7
 7788.3264 16.413  2.7
 7791.0401 16.658  2.7
 7793.7539 16.171  2.7
 7796.4676 15.325  2.7
 7799.1813 14.670  2.7
 7801.8951 14.616  2.7
 7804.6088 15.043  2.7
 7807.3226 14.979  2.7
 7810.0363 14.872  2.7
 7812.7500 15.023  2.7
 7815.4638 15.060  2.7
 7818.1775 14.922  2.7
 7820.8912 14.921  2.7
 7823.6050 14.892  2.7
 7826.3187 14.889  2.7
 7829.0325 15.088  2.7
 7831.7462 15.153  2.7
 7834.4599 14.974  2.7
 7837.1737 15.105  2.7
 7839.8874 15.352  2.7
 7842.6011 15.080  2.7
 7845.3149 14.691  2.7
 7848.0286 14.650  2.7
 7850.7424 14.808  2.7
 7853.4561 15.098  2.7
 7856.1698 15.646  2.7
 7858.8836 15.884  2.7
 7861.5973 15.875  2.7
 7864.3110 15.624  2.7
 7867.0248 15.206  2.7
 7869.7385 14.928  2.7
 7872.4523 14.529  2.7
 7875.1660 14.454  2.7
 7877.8797 14.570  2.7
 7880.5935 14.916  2.7
 7883.3072 16.148  2.7
 7886.0210 17.582  2.7
 7888.7347 16.074  2.7
 7891.4484 14.748  2.7
 7894.1622 14.604  2.7
 7896.8759 14.989  2.7
 7899.5896 14.816  2.7
 7902.3034 14.675  2.7
 7905.0171 14.554  2.7
 7907.7309 14.749  2.7
 7910.4446 14.937  2.7
 7913.1583 14.340  2.7
 7915.8721 14.293  2.7
 7918.5858 14.670  2.7
 7921.2995 14.916  2.7
 7924.0133 14.562  2.7
 7926.7270 14.337  2.7
 7929.4408 14.318  2.7
 7932.1545 14.288  2.7
 7934.8682 14.396  2.7
 7937.5820 14.780  2.7
 7940.2957 15.234  2.7
 7943.0095 15.233  2.7
 7945.7232 14.845  2.7
 7948.4369 14.678  2.7
 7951.1507 14.992  2.7
 7953.8644 15.512  2.7
 7956.5781 15.638  2.7
 7959.2919 16.042  2.7
 7962.0056 17.276  2.7
 7964.7194 16.990  2.7
 7967.4331 15.605  2.7
 7970.1468 14.889  2.7
 7972.8606 14.602  2.7
 7975.5743 14.570  2.7
 7978.2880 14.712  2.7
 7981.0018 14.591  2.7
 7983.7155 14.441  2.7
 7986.4293 14.971  2.7
 7989.1430 15.804  2.7
 7991.8567 15.795  2.7
 7994.5705 15.213  2.7
 7997.2842 14.972  2.7
 7999.9979 15.154  2.7
 8002.7117 15.974  2.7
 8005.4254 16.671  2.7
 8008.1392 15.955  2.7
 8010.8529 15.037  2.7
 8013.5666 14.875  2.7
 8016.2804 14.928  2.7
 8018.9941 14.840  2.7
 8021.7079 14.833  2.7
 8024.4216 15.070  2.7
 8027.1353 15.308  2.7
 8029.8491 15.156  2.7
 8032.5628 15.276  2.7
 8035.2765 15.156  2.7
 8037.9903 14.901  2.7
 8040.7040 15.242  2.7
 8043.4178 15.104  2.7
 8046.1315 15.327  2.7
 8048.8452 15.437  2.7
 8051.5590 14.918  2.7
 8054.2727 14.719  2.7
 8056.9864 14.961  2.7
 8059.7002 15.793  2.7
 8062.4139 17.106  2.7
 8065.1277 16.124  2.7
 8067.8414 15.147  2.7
 8070.5551 14.444  2.7
 8073.2689 14.186  2.7
 8075.9826 14.335  2.7
 8078.6964 14.576  2.7
 8081.4101 14.553  2.7
 8084.1238 14.779  2.7
 8086.8376 15.501  2.7
 8089.5513 16.442  2.7
 8092.2650 16.072  2.7
 8094.9788 15.896  2.7
 8097.6925 16.118  2.7
 8100.4063 15.687  2.7
 8103.1200 16.081  2.7
 8105.8337 15.593  2.7
 8108.5475 14.836  2.7
 8111.2612 14.690  2.7
 8113.9749 14.840  2.7
 8116.6887 14.607  2.7
 8119.4024 14.216  2.7
 8122.1162 14.167  2.7
 8124.8299 14.568  2.7
 8127.5436 15.110  2.7
 8130.2574 15.109  2.7
 8132.9711 14.715  2.7
 8135.6848 14.515  2.7
 8138.3986 14.519  2.7
 8141.1123 14.549  2.7
 8143.8261 14.724  2.7
 8146.5398 15.332  2.7
 8149.2535 16.710  2.7
 8151.9673 17.409  2.7
 8154.6810 15.833  2.7
 8157.3948 14.347  2.7
 8160.1085 14.656  2.7
 8162.8222 15.794  2.7
 8165.5360 16.898  2.7
 8168.2497 16.822  2.7
 8170.9634 17.274  2.7
 8173.6772 17.814  2.7
 8176.3909 17.570  2.7
 8179.1047 17.412  2.7
