 3125.7842 13.285  2.1
 3127.8665 13.194  2.1
 3129.9487 13.141  2.1
 3132.0310 13.094  2.1
 3134.1133 13.064  2.1
 3136.1956 13.096  2.1
 3138.2778 13.110  2.1
 3140.3601 13.131  2.1
 3142.4424 13.183  2.1
 3144.5246 13.260  2.1
 3146.6069 13.213  2.1
 3148.6892 13.120  2.1
 3150.7715 13.050  2.1
 3152.8537 13.121  2.1
 3154.9360 13.156  2.1
 3157.0183 13.155  2.1
 3159.1005 13.129  2.1
 3161.1828 13.101  2.1
 3163.2651 13.065  2.1
 3165.3473 13.046  2.1
 3167.4296 13.037  2.1
 3169.5119 13.020  2.1
 3171.5942 13.013  2.1
 3173.6764 13.018  2.1
 3175.7587 13.020  2.1
 3177.8410 13.008  2.1
 3179.9232 13.073  2.1
 3182.0055 13.122  2.1
 3184.0878 13.128  2.1
 3186.1701 13.081  2.1
 3188.2523 13.029  2.1
 3190.3346 13.055  2.1
 3192.4169 13.092  2.1
 3194.4991 13.107  2.1
 3196.5814 13.098  2.1
 3198.6637 13.114  2.1
 3200.7460 13.150  2.1
 3202.8282 13.182  2.1
 3204.9105 13.164  2.1
 3206.9928 13.134  2.1
 3209.0750 13.108  2.1
 3211.1573 13.084  2.1
 3213.2396 13.062  2.1
 3215.3218 13.042  2.1
 3217.4041 13.033  2.1
 3219.4864 13.023  2.1
 3221.5687 13.001  2.1
 3223.6509 13.008  2.1
 3225.7332 13.016  2.1
 3227.8155 13.009  2.1
 3229.8977 12.980  2.1
 3231.9800 12.973  2.1
 3234.0623 12.976  2.1
 3236.1446 12.974  2.1
 3238.2268 12.965  2.1
 3240.3091 12.973  2.1
 3242.3914 12.977  2.1
 3244.4736 12.968  2.1
 3246.5559 12.955  2.1
 3248.6382 12.966  2.1
 3250.7205 13.018  2.1
 3252.8027 13.052  2.1
 3254.8850 13.059  2.1
 3256.9673 13.034  2.1
 3259.0495 13.033  2.1
 3261.1318 13.028  2.1
 3263.2141 13.016  2.1
 3265.2964 12.991  2.1
 3267.3786 13.010  2.1
 3269.4609 13.024  2.1
 3271.5432 13.036  2.1
 3273.6254 13.046  2.1
 3275.7077 13.050  2.1
 3277.7900 13.037  2.1
 3279.8722 13.033  2.1
 3281.9545 13.042  2.1
 3284.0368 13.044  2.1
 3286.1191 13.028  2.1
 3288.2013 13.009  2.1
 3290.2836 12.994  2.1
 3292.3659 12.987  2.1
 3294.4481 13.002  2.1
 3296.5304 13.009  2.1
 3298.6127 13.000  2.1
 3300.6950 12.971  2.1
 3302.7772 13.004  2.1
 3304.8595 13.031  2.1
 3306.9418 13.045  2.1
 3309.0240 13.039  2.1
 3311.1063 13.059  2.1
 3313.1886 13.062  2.1
 3315.2709 13.042  2.1
 3317.3531 12.999  2.1
 3319.4354 12.987  2.1
 3321.5177 12.994  2.1
 3323.5999 12.998  2.1
 3325.6822 12.992  2.1
 3327.7645 12.976  2.1
 3329.8467 12.981  2.1
 3331.9290 13.007  2.1
 3334.0113 13.037  2.1
 3336.0936 13.035  2.1
 3338.1758 13.035  2.1
 3340.2581 13.033  2.1
 3342.3404 13.019  2.1
 3344.4226 12.993  2.1
 3346.5049 13.017  2.1
 3348.5872 13.043  2.1
 3350.6695 13.058  2.1
 3352.7517 13.069  2.1
 3354.8340 13.059  2.1
 3356.9163 13.036  2.1
 3358.9985 13.024  2.1
 3361.0808 13.029  2.1
 3363.1631 13.043  2.1
 3365.2454 13.037  2.1
 3367.3276 13.029  2.1
 3369.4099 13.031  2.1
 3371.4922 13.064  2.1
 3373.5744 13.090  2.1
 3375.6567 13.081  2.1
 3377.7390 13.045  2.1
 3379.8212 13.003  2.1
 3381.9035 12.994  2.1
 3383.9858 12.996  2.1
 3386.0681 13.002  2.1
 3388.1503 13.006  2.1
 3390.2326 13.015  2.1
 3392.3149 13.031  2.1
 3394.3971 13.036  2.1
 3396.4794 13.031  2.1
 3398.5617 13.025  2.1
 3400.6440 13.053  2.1
 3402.7262 13.077  2.1
 3404.8085 13.078  2.1
 3406.8908 13.066  2.1
 3408.9730 13.067  2.1
 3411.0553 13.055  2.1
 3413.1376 13.033  2.1
 3415.2199 13.027  2.1
 3417.3021 13.017  2.1
 3419.3844 13.016  2.1
 3421.4667 13.023  2.1
 3423.5489 13.035  2.1
 3425.6312 13.065  2.1
 3427.7135 13.093  2.1
 3429.7958 13.112  2.1
 3431.8780 13.131  2.1
 3433.9603 13.086  2.1
 3436.0426 13.063  2.1
 3438.1248 13.064  2.1
 3440.2071 13.096  2.1
 3442.2894 13.113  2.1
 3444.3716 13.101  2.1
 3446.4539 13.084  2.1
 3448.5362 13.094  2.1
 3450.6185 13.134  2.1
 3452.7007 13.118  2.1
 3454.7830 13.091  2.1
 3456.8653 13.059  2.1
 3458.9475 13.047  2.1
 3461.0298 13.064  2.1
 3463.1121 13.102  2.1
 3465.1944 13.140  2.1
 3467.2766 13.140  2.1
 3469.3589 13.151  2.1
 3471.4412 13.154  2.1
 3473.5234 13.163  2.1
 3475.6057 13.190  2.1
 3477.6880 13.212  2.1
 3479.7703 13.220  2.1
 3481.8525 13.213  2.1
 3483.9348 13.200  2.1
 3486.0171 13.161  2.1
 3488.0993 13.143  2.1
 3490.1816 13.140  2.1
 3492.2639 13.152  2.1
 3494.3461 13.130  2.1
 3496.4284 13.098  2.1
 3498.5107 13.090  2.1
 3500.5930 13.101  2.1
 3502.6752 13.127  2.1
 3504.7575 13.133  2.1
 3506.8398 13.160  2.1
 3508.9220 13.192  2.1
 3511.0043 13.193  2.1
 3513.0866 13.141  2.1
 3515.1689 13.116  2.1
 3517.2511 13.110  2.1
 3519.3334 13.100  2.1
 3521.4157 13.104  2.1
 3523.4979 13.107  2.1
 3525.5802 13.116  2.1
 3527.6625 13.125  2.1
 3529.7448 13.105  2.1
 3531.8270 13.095  2.1
 3533.9093 13.100  2.1
 3535.9916 13.110  2.1
 3538.0738 13.108  2.1
 3540.1561 13.100  2.1
 3542.2384 13.096  2.1
 3544.3207 13.098  2.1
 3546.4029 13.116  2.1
 3548.4852 13.116  2.1
 3550.5675 13.123  2.1
 3552.6497 13.134  2.1
 3554.7320 13.155  2.1
 3556.8143 13.166  2.1
 3558.8965 13.159  2.1
 3560.9788 13.153  2.1
 3563.0611 13.138  2.1
 3565.1434 13.127  2.1
 3567.2256 13.108  2.1
 3569.3079 13.103  2.1
 3571.3902 13.120  2.1
 3573.4724 13.127  2.1
 3575.5547 13.131  2.1
 3577.6370 13.126  2.1
 3579.7193 13.131  2.1
 3581.8015 13.159  2.1
 3583.8838 13.191  2.1
 3585.9661 13.188  2.1
 3588.0483 13.158  2.1
 3590.1306 13.139  2.1
 3592.2129 13.109  2.1
 3594.2952 13.096  2.1
 3596.3774 13.093  2.1
 3598.4597 13.117  2.1
 3600.5420 13.121  2.1
 3602.6242 13.118  2.1
 3604.7065 13.106  2.1
 3606.7888 13.124  2.1
 3608.8710 13.141  2.1
 3610.9533 13.158  2.1
 3613.0356 13.162  2.1
 3615.1179 13.151  2.1
 3617.2001 13.136  2.1
 3619.2824 13.133  2.1
 3621.3647 13.143  2.1
 3623.4469 13.159  2.1
 3625.5292 13.170  2.1
 3627.6115 13.182  2.1
 3629.6938 13.169  2.1
 3631.7760 13.148  2.1
 3633.8583 13.152  2.1
 3635.9406 13.183  2.1
 3638.0228 13.180  2.1
 3640.1051 13.165  2.1
 3642.1874 13.166  2.1
 3644.2697 13.178  2.1
 3646.3519 13.180  2.1
 3648.4342 13.183  2.1
 3650.5165 13.195  2.1
 3652.5987 13.186  2.1
 3654.6810 13.187  2.1
 3656.7633 13.193  2.1
 3658.8456 13.196  2.1
 3660.9278 13.219  2.1
 3663.0101 13.210  2.1
 3665.0924 13.188  2.1
 3667.1746 13.160  2.1
 3669.2569 13.156  2.1
 3671.3392 13.149  2.1
 3673.4214 13.170  2.1
 3675.5037 13.194  2.1
 3677.5860 13.208  2.1
 3679.6683 13.212  2.1
 3681.7505 13.206  2.1
 3683.8328 13.200  2.1
 3685.9151 13.199  2.1
 3687.9973 13.208  2.1
 3690.0796 13.197  2.1
 3692.1619 13.191  2.1
 3694.2442 13.209  2.1
 3696.3264 13.228  2.1
 3698.4087 13.225  2.1
 3700.4910 13.212  2.1
 3702.5732 13.204  2.1
 3704.6555 13.209  2.1
 3706.7378 13.216  2.1
 3708.8201 13.220  2.1
 3710.9023 13.219  2.1
 3712.9846 13.212  2.1
 3715.0669 13.211  2.1
 3717.1491 13.210  2.1
 3719.2314 13.208  2.1
 3721.3137 13.208  2.1
 3723.3959 13.202  2.1
 3725.4782 13.187  2.1
 3727.5605 13.179  2.1
 3729.6428 13.202  2.1
 3731.7250 13.230  2.1
 3733.8073 13.240  2.1
 3735.8896 13.231  2.1
 3737.9718 13.218  2.1
 3740.0541 13.211  2.1
 3742.1364 13.204  2.1
 3744.2187 13.206  2.1
 3746.3009 13.214  2.1
 3748.3832 13.223  2.1
 3750.4655 13.228  2.1
 3752.5477 13.225  2.1
 3754.6300 13.218  2.1
 3756.7123 13.205  2.1
 3758.7946 13.192  2.1
 3760.8768 13.190  2.1
 3762.9591 13.206  2.1
 3765.0414 13.241  2.1
 3767.1236 13.267  2.1
 3769.2059 13.246  2.1
 3771.2882 13.221  2.1
 3773.3704 13.216  2.1
 3775.4527 13.214  2.1
 3777.5350 13.211  2.1
 3779.6173 13.219  2.1
 3781.6995 13.244  2.1
 3783.7818 13.264  2.1
 3785.8641 13.278  2.1
 3787.9463 13.285  2.1
 3790.0286 13.283  2.1
 3792.1109 13.287  2.1
 3794.1932 13.299  2.1
 3796.2754 13.310  2.1
 3798.3577 13.315  2.1
 3800.4400 13.148  2.1
 3802.5222 13.161  2.1
 3804.6045 13.212  2.1
 3806.6868 13.253  2.1
 3808.7691 13.239  2.1
 3810.8513 13.204  2.1
 3812.9336 13.195  2.1
 3815.0159 13.208  2.1
 3817.0981 13.222  2.1
 3819.1804 13.208  2.1
 3821.2627 13.206  2.1
 3823.3450 13.234  2.1
 3825.4272 13.262  2.1
 3827.5095 13.264  2.1
 3829.5918 13.239  2.1
 3831.6740 13.214  2.1
 3833.7563 13.196  2.1
 3835.8386 13.216  2.1
 3837.9208 13.254  2.1
 3840.0031 13.271  2.1
 3842.0854 13.275  2.1
 3844.1677 13.267  2.1
 3846.2499 13.253  2.1
 3848.3322 13.231  2.1
 3850.4145 13.221  2.1
 3852.4967 13.237  2.1
 3854.5790 13.251  2.1
 3856.6613 13.261  2.1
 3858.7436 13.262  2.1
 3860.8258 13.255  2.1
 3862.9081 13.264  2.1
 3864.9904 13.280  2.1
 3867.0726 13.285  2.1
 3869.1549 13.274  2.1
 3871.2372 13.246  2.1
 3873.3195 13.238  2.1
 3875.4017 13.261  2.1
 3877.4840 13.312  2.1
 3879.5663 13.339  2.1
 3881.6485 13.350  2.1
 3883.7308 13.344  2.1
 3885.8131 13.328  2.1
 3887.8953 13.313  2.1
 3889.9776 13.288  2.1
 3892.0599 13.284  2.1
 3894.1422 13.261  2.1
 3896.2244 13.218  2.1
 3898.3067 13.199  2.1
 3900.3890 13.238  2.1
 3902.4712 13.286  2.1
 3904.5535 13.295  2.1
 3906.6358 13.289  2.1
 3908.7181 13.289  2.1
 3910.8003 13.299  2.1
 3912.8826 13.298  2.1
 3914.9649 13.303  2.1
 3917.0471 13.298  2.1
 3919.1294 13.312  2.1
 3921.2117 13.322  2.1
 3923.2940 13.314  2.1
 3925.3762 13.288  2.1
 3927.4585 13.275  2.1
 3929.5408 13.279  2.1
 3931.6230 13.302  2.1
 3933.7053 13.335  2.1
 3935.7876 13.361  2.1
 3937.8699 13.368  2.1
 3939.9521 13.346  2.1
 3942.0344 13.320  2.1
 3944.1167 13.308  2.1
 3946.1989 13.312  2.1
 3948.2812 13.318  2.1
 3950.3635 13.307  2.1
 3952.4457 13.290  2.1
 3954.5280 13.291  2.1
 3956.6103 13.321  2.1
 3958.6926 13.356  2.1
 3960.7748 13.378  2.1
 3962.8571 13.379  2.1
 3964.9394 13.372  2.1
 3967.0216 13.390  2.1
 3969.1039 13.423  2.1
 3971.1862 13.445  2.1
 3973.2685 13.451  2.1
 3975.3507 13.432  2.1
 3977.4330 13.386  2.1
 3979.5153 13.341  2.1
 3981.5975 13.316  2.1
 3983.6798 13.309  2.1
 3985.7621 13.302  2.1
 3987.8444 13.297  2.1
 3989.9266 13.300  2.1
 3992.0089 13.309  2.1
 3994.0912 13.311  2.1
 3996.1734 13.308  2.1
 3998.2557 13.297  2.1
 4000.3380 13.288  2.1
 4002.4202 13.291  2.1
 4004.5025 13.310  2.1
 4006.5848 13.320  2.1
 4008.6671 13.312  2.1
 4010.7493 13.308  2.1
 4012.8316 13.300  2.1
 4014.9139 13.299  2.1
 4016.9961 13.304  2.1
 4019.0784 13.318  2.1
 4021.1607 13.341  2.1
 4023.2430 13.365  2.1
 4025.3252 13.371  2.1
 4027.4075 13.353  2.1
 4029.4898 13.331  2.1
 4031.5720 13.319  2.1
 4033.6543 13.313  2.1
 4035.7366 13.308  2.1
 4037.8189 13.307  2.1
 4039.9011 13.304  2.1
 4041.9834 13.308  2.1
 4044.0657 13.322  2.1
 4046.1479 13.328  2.1
 4048.2302 13.315  2.1
 4050.3125 13.303  2.1
 4052.3948 13.301  2.1
 4054.4770 13.310  2.1
 4056.5593 13.334  2.1
 4058.6416 13.343  2.1
 4060.7238 13.339  2.1
 4062.8061 13.327  2.1
 4064.8884 13.324  2.1
 4066.9706 13.326  2.1
 4069.0529 13.333  2.1
 4071.1352 13.347  2.1
 4073.2175 13.352  2.1
 4075.2997 13.340  2.1
 4077.3820 13.324  2.1
 4079.4643 13.324  2.1
 4081.5465 13.327  2.1
 4083.6288 13.329  2.1
 4085.7111 13.345  2.1
 4087.7934 13.370  2.1
 4089.8756 13.388  2.1
 4091.9579 13.401  2.1
 4094.0402 13.423  2.1
 4096.1224 13.456  2.1
 4098.2047 13.483  2.1
 4100.2870 13.497  2.1
 4102.3693 13.498  2.1
 4104.4515 13.498  2.1
 4106.5338 13.499  2.1
 4108.6161 13.491  2.1
 4110.6983 13.458  2.1
 4112.7806 13.421  2.1
 4114.8629 13.407  2.1
 4116.9451 13.398  2.1
 4119.0274 13.388  2.1
 4121.1097 13.377  2.1
 4123.1920 13.371  2.1
 4125.2742 13.357  2.1
 4127.3565 13.350  2.1
 4129.4388 13.345  2.1
 4131.5210 13.346  2.1
 4133.6033 13.350  2.1
 4135.6856 13.364  2.1
 4137.7679 13.369  2.1
 4139.8501 13.370  2.1
 4141.9324 13.377  2.1
 4144.0147 13.379  2.1
 4146.0969 13.373  2.1
 4148.1792 13.353  2.1
 4150.2615 13.343  2.1
 4152.3438 13.344  2.1
 4154.4260 13.361  2.1
 4156.5083 13.377  2.1
 4158.5906 13.390  2.1
 4160.6728 13.390  2.1
 4162.7551 13.393  2.1
 4164.8374 13.390  2.1
 4166.9196 13.379  2.1
 4169.0019 13.374  2.1
 4171.0842 13.378  2.1
 4173.1665 13.377  2.1
 4175.2487 13.369  2.1
 4177.3310 13.372  2.1
 4179.4133 13.373  2.1
 4181.4955 13.375  2.1
 4183.5778 13.371  2.1
 4185.6601 13.373  2.1
 4187.7424 13.381  2.1
 4189.8246 13.401  2.1
 4191.9069 13.421  2.1
 4193.9892 13.430  2.1
 4196.0714 13.435  2.1
 4198.1537 13.443  2.1
 4200.2360 13.453  2.1
 4202.3183 13.452  2.1
 4204.4005 13.447  2.1
 4206.4828 13.439  2.1
 4208.5651 13.431  2.1
 4210.6473 13.416  2.1
 4212.7296 13.408  2.1
 4214.8119 13.392  2.1
 4216.8942 13.388  2.1
 4218.9764 13.399  2.1
 4221.0587 13.419  2.1
 4223.1410 13.419  2.1
 4225.2232 13.399  2.1
 4227.3055 13.384  2.1
 4229.3878 13.386  2.1
 4231.4700 13.400  2.1
 4233.5523 13.414  2.1
 4235.6346 13.423  2.1
 4237.7169 13.419  2.1
 4239.7991 13.418  2.1
 4241.8814 13.439  2.1
 4243.9637 13.518  2.1
 4246.0459 13.543  2.1
 4248.1282 13.512  2.1
 4250.2105 13.452  2.1
 4252.2928 13.423  2.1
 4254.3750 13.428  2.1
 4256.4573 13.432  2.1
 4258.5396 13.425  2.1
 4260.6218 13.420  2.1
 4262.7041 13.422  2.1
 4264.7864 13.426  2.1
 4266.8687 13.434  2.1
 4268.9509 13.438  2.1
 4271.0332 13.433  2.1
 4273.1155 13.420  2.1
 4275.1977 13.418  2.1
 4277.2800 13.423  2.1
 4279.3623 13.432  2.1
 4281.4445 13.437  2.1
 4283.5268 13.438  2.1
 4285.6091 13.435  2.1
 4287.6914 13.436  2.1
 4289.7736 13.436  2.1
 4291.8559 13.432  2.1
 4293.9382 13.432  2.1
 4296.0204 13.439  2.1
 4298.1027 13.448  2.1
 4300.1850 13.454  2.1
 4302.2673 13.455  2.1
 4304.3495 13.455  2.1
 4306.4318 13.457  2.1
 4308.5141 13.462  2.1
 4310.5963 13.475  2.1
 4312.6786 13.484  2.1
 4314.7609 13.482  2.1
 4316.8432 13.473  2.1
 4318.9254 13.468  2.1
 4321.0077 13.477  2.1
 4323.0900 13.495  2.1
 4325.1722 13.508  2.1
 4327.2545 13.517  2.1
 4329.3368 13.527  2.1
 4331.4191 13.549  2.1
 4333.5013 13.581  2.1
 4335.5836 13.609  2.1
 4337.6659 13.632  2.1
 4339.7481 13.650  2.1
 4341.8304 13.651  2.1
 4343.9127 13.645  2.1
 4345.9949 13.627  2.1
 4348.0772 13.598  2.1
 4350.1595 13.567  2.1
 4352.2418 13.542  2.1
 4354.3240 13.527  2.1
 4356.4063 13.516  2.1
 4358.4886 13.511  2.1
 4360.5708 13.503  2.1
 4362.6531 13.488  2.1
 4364.7354 13.475  2.1
 4366.8177 13.473  2.1
 4368.8999 13.483  2.1
 4370.9822 13.491  2.1
 4373.0645 13.496  2.1
 4375.1467 13.493  2.1
 4377.2290 13.497  2.1
 4379.3113 13.504  2.1
 4381.3936 13.508  2.1
 4383.4758 13.501  2.1
 4385.5581 13.490  2.1
 4387.6404 13.484  2.1
 4389.7226 13.480  2.1
 4391.8049 13.476  2.1
 4393.8872 13.475  2.1
 4395.9694 13.486  2.1
 4398.0517 13.499  2.1
 4400.1340 13.502  2.1
 4402.2163 13.495  2.1
 4404.2985 13.494  2.1
 4406.3808 13.501  2.1
 4408.4631 13.505  2.1
 4410.5453 13.503  2.1
 4412.6276 13.496  2.1
 4414.7099 13.488  2.1
 4416.7922 13.490  2.1
 4418.8744 13.500  2.1
 4420.9567 13.505  2.1
 4423.0390 13.507  2.1
 4425.1212 13.508  2.1
 4427.2035 13.508  2.1
 4429.2858 13.499  2.1
 4431.3681 13.491  2.1
 4433.4503 13.491  2.1
 4435.5326 13.498  2.1
 4437.6149 13.512  2.1
 4439.6971 13.519  2.1
 4441.7794 13.518  2.1
 4443.8617 13.518  2.1
 4445.9440 13.525  2.1
 4448.0262 13.532  2.1
 4450.1085 13.536  2.1
 4452.1908 13.536  2.1
 4454.2730 13.530  2.1
 4456.3553 13.514  2.1
 4458.4376 13.501  2.1
 4460.5198 13.494  2.1
 4462.6021 13.489  2.1
 4464.6844 13.489  2.1
 4466.7667 13.500  2.1
 4468.8489 13.508  2.1
 4470.9312 13.511  2.1
 4473.0135 13.517  2.1
 4475.0957 13.536  2.1
 4477.1780 13.554  2.1
 4479.2603 13.562  2.1
 4481.3426 13.553  2.1
 4483.4248 13.540  2.1
 4485.5071 13.525  2.1
 4487.5894 13.521  2.1
 4489.6716 13.521  2.1
 4491.7539 13.518  2.1
 4493.8362 13.516  2.1
 4495.9185 13.525  2.1
 4498.0007 13.530  2.1
 4500.0830 13.531  2.1
 4502.1653 13.530  2.1
 4504.2475 13.529  2.1
 4506.3298 13.527  2.1
 4508.4121 13.522  2.1
 4510.4943 13.520  2.1
 4512.5766 13.520  2.1
 4514.6589 13.531  2.1
 4516.7412 13.537  2.1
 4518.8234 13.531  2.1
 4520.9057 13.517  2.1
 4522.9880 13.519  2.1
 4525.0702 13.539  2.1
 4527.1525 13.551  2.1
 4529.2348 13.553  2.1
 4531.3171 13.556  2.1
 4533.3993 13.575  2.1
 4535.4816 13.601  2.1
 4537.5639 13.626  2.1
 4539.6461 13.632  2.1
 4541.7284 13.622  2.1
 4543.8107 13.615  2.1
 4545.8930 13.615  2.1
 4547.9752 13.613  2.1
 4550.0575 13.601  2.1
 4552.1398 13.582  2.1
 4554.2220 13.559  2.1
 4556.3043 13.536  2.1
 4558.3866 13.530  2.1
 4560.4689 13.538  2.1
 4562.5511 13.543  2.1
 4564.6334 13.542  2.1
 4566.7157 13.546  2.1
 4568.7979 13.557  2.1
 4570.8802 13.561  2.1
 4572.9625 13.555  2.1
 4575.0447 13.546  2.1
 4577.1270 13.554  2.1
 4579.2093 13.561  2.1
 4581.2916 13.562  2.1
 4583.3738 13.556  2.1
 4585.4561 13.554  2.1
 4587.5384 13.556  2.1
 4589.6206 13.556  2.1
 4591.7029 13.552  2.1
 4593.7852 13.563  2.1
 4595.8675 13.571  2.1
 4597.9497 13.572  2.1
 4600.0320 13.568  2.1
 4602.1143 13.572  2.1
 4604.1965 13.578  2.1
 4606.2788 13.586  2.1
 4608.3611 13.590  2.1
 4610.4434 13.589  2.1
 4612.5256 13.588  2.1
 4614.6079 13.587  2.1
 4616.6902 13.590  2.1
 4618.7724 13.588  2.1
 4620.8547 13.582  2.1
 4622.9370 13.576  2.1
 4625.0192 13.572  2.1
 4627.1015 13.571  2.1
 4629.1838 13.576  2.1
 4631.2661 13.579  2.1
 4633.3483 13.578  2.1
 4635.4306 13.577  2.1
 4637.5129 13.578  2.1
 4639.5951 13.578  2.1
 4641.6774 13.575  2.1
 4643.7597 13.573  2.1
 4645.8420 13.569  2.1
 4647.9242 13.568  2.1
 4650.0065 13.578  2.1
 4652.0888 13.594  2.1
 4654.1710 13.597  2.1
 4656.2533 13.585  2.1
 4658.3356 13.577  2.1
 4660.4179 13.578  2.1
 4662.5001 13.583  2.1
 4664.5824 13.587  2.1
 4666.6647 13.588  2.1
 4668.7469 13.583  2.1
 4670.8292 13.572  2.1
 4672.9115 13.569  2.1
 4674.9937 13.579  2.1
 4677.0760 13.603  2.1
 4679.1583 13.633  2.1
 4681.2406 13.663  2.1
 4683.3228 13.688  2.1
 4685.4051 13.711  2.1
 4687.4874 13.723  2.1
 4689.5696 13.711  2.1
 4691.6519 13.684  2.1
 4693.7342 13.653  2.1
 4695.8165 13.626  2.1
 4697.8987 13.603  2.1
 4699.9810 13.592  2.1
 4702.0633 13.591  2.1
 4704.1455 13.593  2.1
 4706.2278 13.590  2.1
 4708.3101 13.585  2.1
 4710.3924 13.581  2.1
 4712.4746 13.586  2.1
 4714.5569 13.600  2.1
 4716.6392 13.613  2.1
 4718.7214 13.602  2.1
 4720.8037 13.584  2.1
 4722.8860 13.580  2.1
 4724.9683 13.595  2.1
 4727.0505 13.604  2.1
 4729.1328 13.606  2.1
 4731.2151 13.603  2.1
 4733.2973 13.596  2.1
 4735.3796 13.604  2.1
 4737.4619 13.608  2.1
 4739.5441 13.606  2.1
 4741.6264 13.603  2.1
 4743.7087 13.617  2.1
 4745.7910 13.626  2.1
 4747.8732 13.626  2.1
 4749.9555 13.625  2.1
 4752.0378 13.646  2.1
 4754.1200 13.657  2.1
 4756.2023 13.654  2.1
 4758.2846 13.643  2.1
 4760.3669 13.640  2.1
 4762.4491 13.640  2.1
 4764.5314 13.646  2.1
 4766.6137 13.656  2.1
 4768.6959 13.663  2.1
 4770.7782 13.654  2.1
 4772.8605 13.643  2.1
 4774.9428 13.637  2.1
 4777.0250 13.639  2.1
 4779.1073 13.649  2.1
 4781.1896 13.653  2.1
 4783.2718 13.654  2.1
 4785.3541 13.656  2.1
 4787.4364 13.655  2.1
 4789.5186 13.653  2.1
 4791.6009 13.653  2.1
 4793.6832 13.661  2.1
 4795.7655 13.651  2.1
 4797.8477 13.637  2.1
 4799.9300 13.629  2.1
 4802.0123 13.639  2.1
 4804.0945 13.651  2.1
 4806.1768 13.659  2.1
 4808.2591 13.662  2.1
 4810.3414 13.665  2.1
 4812.4236 13.660  2.1
 4814.5059 13.651  2.1
 4816.5882 13.643  2.1
 4818.6704 13.637  2.1
 4820.7527 13.631  2.1
 4822.8350 13.637  2.1
 4824.9173 13.649  2.1
 4826.9995 13.658  2.1
 4829.0818 13.665  2.1
 4831.1641 13.670  2.1
 4833.2463 13.676  2.1
 4835.3286 13.682  2.1
 4837.4109 13.695  2.1
 4839.4932 13.692  2.1
 4841.5754 13.694  2.1
 4843.6577 13.700  2.1
 4845.7400 13.711  2.1
 4847.8222 13.715  2.1
 4849.9045 13.733  2.1
 4851.9868 13.759  2.1
 4854.0690 13.786  2.1
 4856.1513 13.816  2.1
 4858.2336 13.864  2.1
 4860.3159 13.899  2.1
 4862.3981 13.904  2.1
 4864.4804 13.883  2.1
 4866.5627 13.851  2.1
 4868.6449 13.813  2.1
 4870.7272 13.777  2.1
 4872.8095 13.756  2.1
 4874.8918 13.730  2.1
 4876.9740 13.714  2.1
 4879.0563 13.711  2.1
 4881.1386 13.713  2.1
 4883.2208 13.707  2.1
 4885.3031 13.695  2.1
 4887.3854 13.682  2.1
 4889.4677 13.675  2.1
 4891.5499 13.676  2.1
 4893.6322 13.690  2.1
 4895.7145 13.705  2.1
 4897.7967 13.711  2.1
 4899.8790 13.703  2.1
 4901.9613 13.688  2.1
 4904.0435 13.682  2.1
 4906.1258 13.690  2.1
 4908.2081 13.714  2.1
 4910.2904 13.716  2.1
 4912.3726 13.711  2.1
 4914.4549 13.712  2.1
 4916.5372 13.716  2.1
 4918.6194 13.713  2.1
 4920.7017 13.716  2.1
 4922.7840 13.721  2.1
 4924.8663 13.715  2.1
 4926.9485 13.706  2.1
 4929.0308 13.700  2.1
 4931.1131 13.697  2.1
 4933.1953 13.694  2.1
 4935.2776 13.699  2.1
 4937.3599 13.699  2.1
 4939.4422 13.697  2.1
 4941.5244 13.696  2.1
 4943.6067 13.708  2.1
 4945.6890 13.717  2.1
 4947.7712 13.724  2.1
 4949.8535 13.732  2.1
 4951.9358 13.736  2.1
 4954.0181 13.738  2.1
 4956.1003 13.740  2.1
 4958.1826 13.741  2.1
 4960.2649 13.730  2.1
 4962.3471 13.727  2.1
 4964.4294 13.719  2.1
 4966.5117 13.714  2.1
 4968.5939 13.706  2.1
 4970.6762 13.711  2.1
 4972.7585 13.713  2.1
 4974.8408 13.715  2.1
 4976.9230 13.714  2.1
 4979.0053 13.713  2.1
 4981.0876 13.723  2.1
 4983.1698 13.731  2.1
 4985.2521 13.730  2.1
 4987.3344 13.720  2.1
 4989.4167 13.715  2.1
 4991.4989 13.712  2.1
 4993.5812 13.715  2.1
 4995.6635 13.720  2.1
 4997.7457 13.728  2.1
 4999.8280 13.726  2.1
 5001.9103 13.722  2.1
 5003.9926 13.723  2.1
 5006.0748 13.744  2.1
 5008.1571 13.756  2.1
 5010.2394 13.758  2.1
 5012.3216 13.752  2.1
 5014.4039 13.746  2.1
 5016.4862 13.738  2.1
 5018.5684 13.735  2.1
 5020.6507 13.740  2.1
 5022.7330 13.745  2.1
 5024.8153 13.748  2.1
 5026.8975 13.749  2.1
 5028.9798 13.750  2.1
 5031.0621 13.755  2.1
 5033.1443 13.765  2.1
 5035.2266 13.771  2.1
 5037.3089 13.767  2.1
 5039.3912 13.765  2.1
 5041.4734 13.761  2.1
 5043.5557 13.759  2.1
 5045.6380 13.756  2.1
 5047.7202 13.761  2.1
 5049.8025 13.762  2.1
 5051.8848 13.770  2.1
 5053.9671 13.778  2.1
 5056.0493 13.781  2.1
 5058.1316 13.762  2.1
 5060.2139 13.749  2.1
 5062.2961 13.751  2.1
 5064.3784 13.763  2.1
 5066.4607 13.764  2.1
 5068.5429 13.775  2.1
 5070.6252 13.787  2.1
 5072.7075 13.794  2.1
 5074.7898 13.797  2.1
 5076.8720 13.797  2.1
 5078.9543 13.791  2.1
 5081.0366 13.784  2.1
 5083.1188 13.793  2.1
 5085.2011 13.800  2.1
 5087.2834 13.799  2.1
 5089.3657 13.784  2.1
 5091.4479 13.765  2.1
 5093.5302 13.763  2.1
 5095.6125 13.766  2.1
 5097.6947 13.764  2.1
 5099.7770 13.754  2.1
 5101.8593 13.749  2.1
 5103.9416 13.752  2.1
 5106.0238 13.757  2.1
 5108.1061 13.756  2.1
 5110.1884 13.762  2.1
 5112.2706 13.770  2.1
 5114.3529 13.777  2.1
 5116.4352 13.775  2.1
 5118.5175 13.764  2.1
 5120.5997 13.754  2.1
 5122.6820 13.753  2.1
 5124.7643 13.758  2.1
 5126.8465 13.772  2.1
 5128.9288 13.788  2.1
 5131.0111 13.796  2.1
 5133.0933 13.794  2.1
 5135.1756 13.782  2.1
 5137.2579 13.778  2.1
 5139.3402 13.783  2.1
 5141.4224 13.784  2.1
 5143.5047 13.775  2.1
 5145.5870 13.780  2.1
 5147.6692 13.786  2.1
 5149.7515 13.791  2.1
 5151.8338 13.790  2.1
 5153.9161 13.786  2.1
 5155.9983 13.780  2.1
 5158.0806 13.770  2.1
 5160.1629 13.767  2.1
 5162.2451 13.774  2.1
 5164.3274 13.785  2.1
 5166.4097 13.782  2.1
 5168.4920 13.775  2.1
 5170.5742 13.770  2.1
 5172.6565 13.773  2.1
 5174.7388 13.769  2.1
 5176.8210 13.760  2.1
 5178.9033 13.753  2.1
 5180.9856 13.753  2.1
 5183.0678 13.761  2.1
 5185.1501 13.772  2.1
 5187.2324 13.786  2.1
 5189.3147 13.790  2.1
 5191.3969 13.790  2.1
 5193.4792 13.785  2.1
 5195.5615 13.783  2.1
 5197.6437 13.776  2.1
 5199.7260 13.781  2.1
 5201.8083 13.795  2.1
 5203.8906 13.813  2.1
 5205.9728 13.811  2.1
 5208.0551 13.800  2.1
 5210.1374 13.799  2.1
 5212.2196 13.798  2.1
 5214.3019 13.794  2.1
 5216.3842 13.797  2.1
 5218.4665 13.797  2.1
 5220.5487 13.787  2.1
 5222.6310 13.781  2.1
 5224.7133 13.788  2.1
 5226.7955 13.810  2.1
 5228.8778 13.839  2.1
 5230.9601 13.858  2.1
 5233.0424 13.859  2.1
 5235.1246 13.839  2.1
 5237.2069 13.819  2.1
 5239.2892 13.797  2.1
 5241.3714 13.793  2.1
 5243.4537 13.796  2.1
 5245.5360 13.800  2.1
 5247.6182 13.803  2.1
 5249.7005 13.806  2.1
 5251.7828 13.796  2.1
 5253.8651 13.794  2.1
 5255.9473 13.803  2.1
 5258.0296 13.812  2.1
 5260.1119 13.803  2.1
 5262.1941 13.790  2.1
 5264.2764 13.779  2.1
 5266.3587 13.776  2.1
 5268.4410 13.787  2.1
 5270.5232 13.801  2.1
 5272.6055 13.811  2.1
 5274.6878 13.798  2.1
 5276.7700 13.785  2.1
 5278.8523 13.780  2.1
 5280.9346 13.793  2.1
 5283.0169 13.810  2.1
 5285.0991 13.819  2.1
 5287.1814 13.812  2.1
 5289.2637 13.811  2.1
 5291.3459 13.816  2.1
 5293.4282 13.817  2.1
 5295.5105 13.808  2.1
 5297.5927 13.799  2.1
 5299.6750 13.799  2.1
 5301.7573 13.813  2.1
 5303.8396 13.822  2.1
 5305.9218 13.809  2.1
 5308.0041 13.791  2.1
 5310.0864 13.807  2.1
 5312.1686 13.838  2.1
 5314.2509 13.844  2.1
 5316.3332 13.826  2.1
 5318.4155 13.808  2.1
 5320.4977 13.802  2.1
 5322.5800 13.810  2.1
 5324.6623 13.820  2.1
 5326.7445 13.819  2.1
 5328.8268 13.806  2.1
 5330.9091 13.822  2.1
 5332.9914 13.837  2.1
 5335.0736 13.846  2.1
 5337.1559 13.850  2.1
 5339.2382 13.863  2.1
 5341.3204 13.865  2.1
 5343.4027 13.860  2.1
 5345.4850 13.865  2.1
 5347.5673 13.868  2.1
 5349.6495 13.868  2.1
 5351.7318 13.843  2.1
 5353.8141 13.833  2.1
 5355.8963 13.841  2.1
 5357.9786 13.856  2.1
 5360.0609 13.866  2.1
 5362.1431 13.869  2.1
 5364.2254 13.860  2.1
 5366.3077 13.855  2.1
 5368.3900 13.859  2.1
 5370.4722 13.869  2.1
 5372.5545 13.884  2.1
 5374.6368 13.880  2.1
 5376.7190 13.880  2.1
 5378.8013 13.892  2.1
 5380.8836 13.899  2.1
 5382.9659 13.909  2.1
 5385.0481 13.915  2.1
 5387.1304 13.909  2.1
 5389.2127 13.903  2.1
 5391.2949 13.894  2.1
 5393.3772 13.900  2.1
 5395.4595 13.914  2.1
 5397.5418 13.940  2.1
 5399.6240 13.950  2.1
 5401.7063 13.956  2.1
 5403.7886 13.967  2.1
 5405.8708 13.986  2.1
 5407.9531 14.002  2.1
 5410.0354 14.016  2.1
 5412.1176 14.021  2.1
 5414.1999 14.012  2.1
 5416.2822 13.992  2.1
 5418.3645 13.970  2.1
 5420.4467 13.946  2.1
 5422.5290 13.927  2.1
 5424.6113 13.931  2.1
 5426.6935 13.931  2.1
 5428.7758 13.924  2.1
 5430.8581 13.912  2.1
 5432.9404 13.914  2.1
 5435.0226 13.924  2.1
 5437.1049 13.934  2.1
 5439.1872 13.939  2.1
 5441.2694 13.943  2.1
 5443.3517 13.951  2.1
 5445.4340 13.943  2.1
 5447.5163 13.924  2.1
 5449.5985 13.918  2.1
 5451.6808 13.920  2.1
 5453.7631 13.915  2.1
 5455.8453 13.910  2.1
 5457.9276 13.910  2.1
 5460.0099 13.930  2.1
 5462.0921 13.955  2.1
 5464.1744 13.970  2.1
 5466.2567 13.964  2.1
 5468.3390 13.943  2.1
 5470.4212 13.933  2.1
 5472.5035 13.930  2.1
 5474.5858 13.932  2.1
 5476.6680 13.942  2.1
 5478.7503 13.946  2.1
 5480.8326 13.938  2.1
 5482.9149 13.924  2.1
 5484.9971 13.924  2.1
 5487.0794 13.922  2.1
 5489.1617 13.918  2.1
 5491.2439 13.912  2.1
 5493.3262 13.907  2.1
 5495.4085 13.919  2.1
 5497.4908 13.929  2.1
 5499.5730 13.924  2.1
 5501.6553 13.914  2.1
 5503.7376 13.916  2.1
 5505.8198 13.919  2.1
 5507.9021 13.921  2.1
 5509.9844 13.925  2.1
 5512.0667 13.921  2.1
 5514.1489 13.916  2.1
 5516.2312 13.915  2.1
 5518.3135 13.910  2.1
 5520.3957 13.905  2.1
 5522.4780 13.903  2.1
 5524.5603 13.909  2.1
 5526.6425 13.923  2.1
 5528.7248 13.929  2.1
 5530.8071 13.929  2.1
 5532.8894 13.929  2.1
 5534.9716 13.940  2.1
 5537.0539 13.944  2.1
 5539.1362 13.922  2.1
 5541.2184 13.895  2.1
 5543.3007 13.881  2.1
 5545.3830 13.887  2.1
 5547.4653 13.897  2.1
 5549.5475 13.901  2.1
 5551.6298 13.902  2.1
 5553.7121 13.909  2.1
 5555.7943 13.917  2.1
 5557.8766 13.928  2.1
 5559.9589 13.941  2.1
 5562.0412 13.951  2.1
 5564.1234 13.950  2.1
 5566.2057 13.931  2.1
 5568.2880 13.909  2.1
 5570.3702 13.897  2.1
 5572.4525 13.872  2.1
 5574.5348 13.828  2.1
 5576.6170 13.790  2.1
 5578.6993 13.782  2.1
 5580.7816 13.805  2.1
 5582.8639 13.844  2.1
 5584.9461 13.887  2.1
 5587.0284 13.923  2.1
 5589.1107 13.941  2.1
 5591.1929 13.955  2.1
 5593.2752 13.961  2.1
 5595.3575 13.950  2.1
 5597.4398 13.929  2.1
 5599.5220 13.926  2.1
 5601.6043 13.929  2.1
 5603.6866 13.935  2.1
 5605.7688 13.932  2.1
 5607.8511 13.925  2.1
 5609.9334 13.920  2.1
 5612.0157 13.917  2.1
 5614.0979 13.908  2.1
 5616.1802 13.873  2.1
 5618.2625 13.876  2.1
 5620.3447 13.899  2.1
 5622.4270 13.923  2.1
 5624.5093 13.926  2.1
 5626.5916 13.931  2.1
 5628.6738 13.942  2.1
 5630.7561 13.960  2.1
 5632.8384 13.957  2.1
 5634.9206 13.957  2.1
 5637.0029 13.959  2.1
 5639.0852 13.960  2.1
 5641.1674 13.948  2.1
 5643.2497 13.928  2.1
 5645.3320 13.908  2.1
 5647.4143 13.897  2.1
 5649.4965 13.901  2.1
 5651.5788 13.919  2.1
 5653.6611 13.931  2.1
 5655.7433 13.950  2.1
 5657.8256 13.972  2.1
 5659.9079 13.992  2.1
 5661.9902 14.004  2.1
 5664.0724 14.004  2.1
 5666.1547 13.994  2.1
 5668.2370 13.973  2.1
 5670.3192 13.967  2.1
 5672.4015 13.963  2.1
 5674.4838 13.963  2.1
 5676.5661 13.955  2.1
 5678.6483 13.961  2.1
 5680.7306 13.967  2.1
 5682.8129 13.967  2.1
 5684.8951 13.959  2.1
 5686.9774 13.950  2.1
 5689.0597 13.958  2.1
 5691.1419 13.969  2.1
 5693.2242 13.968  2.1
 5695.3065 13.975  2.1
 5697.3888 13.994  2.1
 5699.4710 14.001  2.1
 5701.5533 14.001  2.1
 5703.6356 14.000  2.1
 5705.7178 14.003  2.1
 5707.8001 14.000  2.1
 5709.8824 13.997  2.1
 5711.9647 13.984  2.1
 5714.0469 13.971  2.1
 5716.1292 13.964  2.1
 5718.2115 13.974  2.1
 5720.2937 13.988  2.1
 5722.3760 13.991  2.1
 5724.4583 13.990  2.1
 5726.5406 13.991  2.1
 5728.6228 13.994  2.1
 5730.7051 14.004  2.1
 5732.7874 14.010  2.1
 5734.8696 14.002  2.1
 5736.9519 14.002  2.1
 5739.0342 13.995  2.1
 5741.1165 13.985  2.1
 5743.1987 13.967  2.1
 5745.2810 13.955  2.1
 5747.3633 13.953  2.1
 5749.4455 13.957  2.1
 5751.5278 13.962  2.1
 5753.6101 13.969  2.1
 5755.6923 13.962  2.1
 5757.7746 13.950  2.1
 5759.8569 13.936  2.1
 5761.9392 13.940  2.1
 5764.0214 13.956  2.1
 5766.1037 13.976  2.1
 5768.1860 13.988  2.1
 5770.2682 13.991  2.1
 5772.3505 13.990  2.1
 5774.4328 13.990  2.1
 5776.5151 13.982  2.1
 5778.5973 13.975  2.1
 5780.6796 13.970  2.1
 5782.7619 13.984  2.1
 5784.8441 13.990  2.1
 5786.9264 13.991  2.1
 5789.0087 13.996  2.1
 5791.0910 14.013  2.1
 5793.1732 14.019  2.1
 5795.2555 14.012  2.1
 5797.3378 14.001  2.1
 5799.4200 13.989  2.1
 5801.5023 13.988  2.1
 5803.5846 13.987  2.1
 5805.6668 13.981  2.1
 5807.7491 13.971  2.1
 5809.8314 13.972  2.1
 5811.9137 13.978  2.1
 5813.9959 13.998  2.1
 5816.0782 14.010  2.1
 5818.1605 14.016  2.1
 5820.2427 14.008  2.1
 5822.3250 13.998  2.1
 5824.4073 13.999  2.1
 5826.4896 14.005  2.1
 5828.5718 14.016  2.1
 5830.6541 14.027  2.1
 5832.7364 14.028  2.1
 5834.8186 14.018  2.1
 5836.9009 14.008  2.1
 5838.9832 14.003  2.1
 5841.0655 14.000  2.1
 5843.1477 13.988  2.1
 5845.2300 13.979  2.1
 5847.3123 13.975  2.1
 5849.3945 13.983  2.1
 5851.4768 13.983  2.1
 5853.5591 13.986  2.1
 5855.6413 13.991  2.1
 5857.7236 14.003  2.1
 5859.8059 14.004  2.1
 5861.8882 13.994  2.1
 5863.9704 13.979  2.1
 5866.0527 13.973  2.1
 5868.1350 13.974  2.1
 5870.2172 13.974  2.1
 5872.2995 13.967  2.1
 5874.3818 13.957  2.1
 5876.4641 13.962  2.1
 5878.5463 13.963  2.1
 5880.6286 13.975  2.1
 5882.7109 13.998  2.1
 5884.7931 14.034  2.1
 5886.8754 14.056  2.1
 5888.9577 14.068  2.1
 5891.0400 14.071  2.1
 5893.1222 14.057  2.1
 5895.2045 14.040  2.1
 5897.2868 14.036  2.1
 5899.3690 14.040  2.1
 5901.4513 14.045  2.1
 5903.5336 14.032  2.1
 5905.6159 14.018  2.1
 5907.6981 14.006  2.1
 5909.7804 14.001  2.1
 5911.8627 14.004  2.1
 5913.9449 14.009  2.1
 5916.0272 14.011  2.1
 5918.1095 14.014  2.1
 5920.1917 14.017  2.1
 5922.2740 14.017  2.1
 5924.3563 14.039  2.1
 5926.4386 14.071  2.1
 5928.5208 14.093  2.1
 5930.6031 14.109  2.1
 5932.6854 14.127  2.1
 5934.7676 14.106  2.1
 5936.8499 14.078  2.1
 5938.9322 14.057  2.1
 5941.0145 14.049  2.1
 5943.0967 14.048  2.1
 5945.1790 14.036  2.1
 5947.2613 14.035  2.1
 5949.3435 14.043  2.1
 5951.4258 14.058  2.1
 5953.5081 14.074  2.1
 5955.5904 14.070  2.1
 5957.6726 14.070  2.1
 5959.7549 14.076  2.1
 5961.8372 14.090  2.1
 5963.9194 14.101  2.1
 5966.0017 14.107  2.1
 5968.0840 14.110  2.1
 5970.1662 14.114  2.1
 5972.2485 14.108  2.1
 5974.3308 14.099  2.1
 5976.4131 14.082  2.1
 5978.4953 14.057  2.1
 5980.5776 14.040  2.1
 5982.6599 14.039  2.1
 5984.7421 14.044  2.1
 5986.8244 14.052  2.1
 5988.9067 14.057  2.1
 5990.9890 14.066  2.1
 5993.0712 14.074  2.1
 5995.1535 14.079  2.1
 5997.2358 14.085  2.1
 5999.3180 14.106  2.1
 6001.4003 14.126  2.1
 6003.4826 14.135  2.1
 6005.5649 14.116  2.1
 6007.6471 14.095  2.1
 6009.7294 14.085  2.1
 6011.8117 14.083  2.1
 6013.8939 14.088  2.1
 6015.9762 14.101  2.1
 6018.0585 14.119  2.1
 6020.1408 14.133  2.1
 6022.2230 14.137  2.1
 6024.3053 14.127  2.1
 6026.3876 14.128  2.1
 6028.4698 14.143  2.1
 6030.5521 14.170  2.1
 6032.6344 14.180  2.1
 6034.7166 14.165  2.1
 6036.7989 14.138  2.1
 6038.8812 14.108  2.1
 6040.9635 14.100  2.1
 6043.0457 14.103  2.1
 6045.1280 14.106  2.1
 6047.2103 14.103  2.1
 6049.2925 14.092  2.1
 6051.3748 14.083  2.1
 6053.4571 14.084  2.1
 6055.5394 14.099  2.1
 6057.6216 14.128  2.1
 6059.7039 14.144  2.1
 6061.7862 14.142  2.1
 6063.8684 14.132  2.1
 6065.9507 14.127  2.1
 6068.0330 14.110  2.1
 6070.1153 14.099  2.1
 6072.1975 14.098  2.1
 6074.2798 14.105  2.1
 6076.3621 14.097  2.1
 6078.4443 14.086  2.1
 6080.5266 14.080  2.1
 6082.6089 14.084  2.1
 6084.6911 14.100  2.1
 6086.7734 14.110  2.1
 6088.8557 14.111  2.1
 6090.9380 14.106  2.1
 6093.0202 14.116  2.1
 6095.1025 14.138  2.1
 6097.1848 14.154  2.1
 6099.2670 14.157  2.1
 6101.3493 14.142  2.1
 6103.4316 14.151  2.1
 6105.5139 14.158  2.1
 6107.5961 14.146  2.1
 6109.6784 14.093  2.1
 6111.7607 14.054  2.1
 6113.8429 14.054  2.1
 6115.9252 14.076  2.1
 6118.0075 14.104  2.1
 6120.0898 14.119  2.1
 6122.1720 14.123  2.1
 6124.2543 14.119  2.1
 6126.3366 14.113  2.1
 6128.4188 14.115  2.1
 6130.5011 14.122  2.1
 6132.5834 14.132  2.1
 6134.6657 14.141  2.1
 6136.7479 14.124  2.1
 6138.8302 14.099  2.1
 6140.9125 14.095  2.1
 6142.9947 14.114  2.1
 6145.0770 14.141  2.1
 6147.1593 14.141  2.1
 6149.2415 14.125  2.1
 6151.3238 14.107  2.1
 6153.4061 14.113  2.1
 6155.4884 14.126  2.1
 6157.5706 14.122  2.1
 6159.6529 14.110  2.1
 6161.7352 14.100  2.1
 6163.8174 14.120  2.1
 6165.8997 14.135  2.1
 6167.9820 14.143  2.1
 6170.0643 14.145  2.1
 6172.1465 14.159  2.1
 6174.2288 14.175  2.1
 6176.3111 14.184  2.1
 6178.3933 14.182  2.1
 6180.4756 14.177  2.1
 6182.5579 14.185  2.1
 6184.6402 14.192  2.1
 6186.7224 14.196  2.1
 6188.8047 14.204  2.1
 6190.8870 14.218  2.1
 6192.9692 14.226  2.1
 6195.0515 14.224  2.1
 6197.1338 14.215  2.1
 6199.2160 14.204  2.1
 6201.2983 14.194  2.1
 6203.3806 14.184  2.1
 6205.4629 14.176  2.1
 6207.5451 14.172  2.1
 6209.6274 14.168  2.1
 6211.7097 14.165  2.1
 6213.7919 14.163  2.1
 6215.8742 14.167  2.1
 6217.9565 14.181  2.1
 6220.0388 14.200  2.1
 6222.1210 14.221  2.1
 6224.2033 14.228  2.1
 6226.2856 14.217  2.1
 6228.3678 14.204  2.1
 6230.4501 14.198  2.1
 6232.5324 14.198  2.1
 6234.6147 14.192  2.1
 6236.6969 14.186  2.1
 6238.7792 14.181  2.1
 6240.8615 14.170  2.1
 6242.9437 14.170  2.1
 6245.0260 14.182  2.1
 6247.1083 14.201  2.1
 6249.1906 14.213  2.1
 6251.2728 14.208  2.1
 6253.3551 14.190  2.1
 6255.4374 14.167  2.1
 6257.5196 14.155  2.1
 6259.6019 14.164  2.1
 6261.6842 14.157  2.1
 6263.7664 14.148  2.1
 6265.8487 14.151  2.1
 6267.9310 14.185  2.1
 6270.0133 14.215  2.1
 6272.0955 14.236  2.1
 6274.1778 14.247  2.1
 6276.2601 14.263  2.1
 6278.3423 14.278  2.1
 6280.4246 14.282  2.1
 6282.5069 14.273  2.1
 6284.5892 14.261  2.1
 6286.6714 14.259  2.1
 6288.7537 14.260  2.1
 6290.8360 14.265  2.1
 6292.9182 14.275  2.1
 6295.0005 14.270  2.1
 6297.0828 14.252  2.1
 6299.1651 14.226  2.1
 6301.2473 14.205  2.1
 6303.3296 14.211  2.1
 6305.4119 14.226  2.1
 6307.4941 14.240  2.1
 6309.5764 14.237  2.1
 6311.6587 14.223  2.1
 6313.7409 14.225  2.1
 6315.8232 14.235  2.1
 6317.9055 14.245  2.1
 6319.9878 14.225  2.1
 6322.0700 14.206  2.1
 6324.1523 14.195  2.1
 6326.2346 14.196  2.1
 6328.3168 14.224  2.1
 6330.3991 14.248  2.1
 6332.4814 14.261  2.1
 6334.5637 14.260  2.1
 6336.6459 14.262  2.1
 6338.7282 14.272  2.1
 6340.8105 14.288  2.1
 6342.8927 14.307  2.1
 6344.9750 14.315  2.1
 6347.0573 14.303  2.1
 6349.1396 14.286  2.1
 6351.2218 14.269  2.1
 6353.3041 14.253  2.1
 6355.3864 14.253  2.1
 6357.4686 14.264  2.1
 6359.5509 14.280  2.1
 6361.6332 14.294  2.1
 6363.7154 14.275  2.1
 6365.7977 14.247  2.1
 6367.8800 14.226  2.1
 6369.9623 14.225  2.1
 6372.0445 14.240  2.1
 6374.1268 14.244  2.1
 6376.2091 14.231  2.1
 6378.2913 14.202  2.1
 6380.3736 14.187  2.1
 6382.4559 14.205  2.1
 6384.5382 14.234  2.1
 6386.6204 14.259  2.1
 6388.7027 14.254  2.1
 6390.7850 14.248  2.1
 6392.8672 14.244  2.1
 6394.9495 14.238  2.1
 6397.0318 14.223  2.1
 6399.1141 14.217  2.1
 6401.1963 14.215  2.1
 6403.2786 14.211  2.1
 6405.3609 14.201  2.1
 6407.4431 14.194  2.1
 6409.5254 14.188  2.1
 6411.6077 14.182  2.1
 6413.6900 14.176  2.1
 6415.7722 14.176  2.1
 6417.8545 14.181  2.1
 6419.9368 14.188  2.1
 6422.0190 14.195  2.1
 6424.1013 14.202  2.1
 6426.1836 14.220  2.1
 6428.2658 14.242  2.1
 6430.3481 14.264  2.1
 6432.4304 14.272  2.1
 6434.5127 14.276  2.1
 6436.5949 14.279  2.1
 6438.6772 14.283  2.1
 6440.7595 14.289  2.1
 6442.8417 14.292  2.1
 6444.9240 14.287  2.1
 6447.0063 14.276  2.1
 6449.0886 14.264  2.1
 6451.1708 14.270  2.1
 6453.2531 14.268  2.1
 6455.3354 14.253  2.1
 6457.4176 14.218  2.1
 6459.4999 14.205  2.1
 6461.5822 14.214  2.1
 6463.6645 14.238  2.1
 6465.7467 14.267  2.1
 6467.8290 14.283  2.1
 6469.9113 14.289  2.1
 6471.9935 14.289  2.1
 6474.0758 14.287  2.1
 6476.1581 14.281  2.1
 6478.2403 14.273  2.1
 6480.3226 14.264  2.1
 6482.4049 14.255  2.1
 6484.4872 14.242  2.1
 6486.5694 14.238  2.1
 6488.6517 14.245  2.1
 6490.7340 14.260  2.1
 6492.8162 14.277  2.1
 6494.8985 14.269  2.1
 6496.9808 14.262  2.1
 6499.0631 14.267  2.1
 6501.1453 14.301  2.1
 6503.2276 14.319  2.1
 6505.3099 14.310  2.1
 6507.3921 14.281  2.1
 6509.4744 14.245  2.1
 6511.5567 14.232  2.1
 6513.6390 14.244  2.1
 6515.7212 14.270  2.1
 6517.8035 14.296  2.1
 6519.8858 14.278  2.1
 6521.9680 14.245  2.1
 6524.0503 14.217  2.1
 6526.1326 14.208  2.1
 6528.2149 14.218  2.1
 6530.2971 14.230  2.1
 6532.3794 14.239  2.1
 6534.4617 14.240  2.1
 6536.5439 14.228  2.1
 6538.6262 14.231  2.1
 6540.7085 14.250  2.1
 6542.7907 14.280  2.1
 6544.8730 14.303  2.1
 6546.9553 14.317  2.1
 6549.0376 14.331  2.1
 6551.1198 14.348  2.1
 6553.2021 14.372  2.1
 6555.2844 14.402  2.1
 6557.3666 14.433  2.1
 6559.4489 14.457  2.1
 6561.5312 14.465  2.1
 6563.6135 14.453  2.1
 6565.6957 14.440  2.1
 6567.7780 14.433  2.1
 6569.8603 14.433  2.1
 6571.9425 14.418  2.1
 6574.0248 14.388  2.1
 6576.1071 14.357  2.1
 6578.1894 14.338  2.1
 6580.2716 14.342  2.1
 6582.3539 14.345  2.1
 6584.4362 14.346  2.1
 6586.5184 14.340  2.1
 6588.6007 14.313  2.1
 6590.6830 14.286  2.1
 6592.7652 14.278  2.1
 6594.8475 14.288  2.1
 6596.9298 14.301  2.1
 6599.0121 14.289  2.1
 6601.0943 14.275  2.1
 6603.1766 14.261  2.1
 6605.2589 14.250  2.1
 6607.3411 14.248  2.1
 6609.4234 14.255  2.1
 6611.5057 14.268  2.1
 6613.5880 14.280  2.1
 6615.6702 14.292  2.1
 6617.7525 14.303  2.1
 6619.8348 14.312  2.1
 6621.9170 14.315  2.1
 6623.9993 14.298  2.1
 6626.0816 14.281  2.1
 6628.1639 14.272  2.1
 6630.2461 14.279  2.1
 6632.3284 14.297  2.1
 6634.4107 14.308  2.1
 6636.4929 14.307  2.1
 6638.5752 14.292  2.1
 6640.6575 14.268  2.1
 6642.7398 14.257  2.1
 6644.8220 14.257  2.1
 6646.9043 14.264  2.1
 6648.9866 14.273  2.1
 6651.0688 14.274  2.1
 6653.1511 14.266  2.1
 6655.2334 14.257  2.1
 6657.3156 14.259  2.1
 6659.3979 14.260  2.1
 6661.4802 14.251  2.1
 6663.5625 14.245  2.1
 6665.6447 14.255  2.1
 6667.7270 14.261  2.1
 6669.8093 14.255  2.1
 6671.8915 14.248  2.1
 6673.9738 14.247  2.1
 6676.0561 14.256  2.1
 6678.1384 14.261  2.1
 6680.2206 14.269  2.1
 6682.3029 14.285  2.1
 6684.3852 14.301  2.1
 6686.4674 14.307  2.1
 6688.5497 14.309  2.1
 6690.6320 14.308  2.1
 6692.7143 14.288  2.1
 6694.7965 14.263  2.1
 6696.8788 14.250  2.1
 6698.9611 14.255  2.1
 6701.0433 14.278  2.1
 6703.1256 14.303  2.1
 6705.2079 14.312  2.1
 6707.2901 14.306  2.1
 6709.3724 14.290  2.1
 6711.4547 14.280  2.1
 6713.5370 14.281  2.1
 6715.6192 14.287  2.1
 6717.7015 14.294  2.1
 6719.7838 14.296  2.1
 6721.8660 14.289  2.1
 6723.9483 14.278  2.1
 6726.0306 14.262  2.1
 6728.1129 14.242  2.1
 6730.1951 14.236  2.1
 6732.2774 14.236  2.1
 6734.3597 14.240  2.1
 6736.4419 14.247  2.1
 6738.5242 14.264  2.1
 6740.6065 14.274  2.1
 6742.6888 14.275  2.1
 6744.7710 14.271  2.1
 6746.8533 14.276  2.1
 6748.9356 14.286  2.1
 6751.0178 14.299  2.1
 6753.1001 14.310  2.1
 6755.1824 14.307  2.1
 6757.2646 14.301  2.1
 6759.3469 14.301  2.1
 6761.4292 14.315  2.1
 6763.5115 14.320  2.1
 6765.5937 14.315  2.1
 6767.6760 14.313  2.1
 6769.7583 14.320  2.1
 6771.8405 14.310  2.1
 6773.9228 14.295  2.1
 6776.0051 14.276  2.1
 6778.0874 14.255  2.1
 6780.1696 14.238  2.1
 6782.2519 14.262  2.1
 6784.3342 14.302  2.1
 6786.4164 14.338  2.1
 6788.4987 14.323  2.1
 6790.5810 14.262  2.1
 6792.6633 14.229  2.1
 6794.7455 14.241  2.1
 6796.8278 14.295  2.1
 6798.9101 14.318  2.1
 6800.9923 14.317  2.1
 6803.0746 14.299  2.1
 6805.1569 14.275  2.1
 6807.2392 14.261  2.1
 6809.3214 14.263  2.1
 6811.4037 14.269  2.1
 6813.4860 14.267  2.1
 6815.5682 14.245  2.1
 6817.6505 14.245  2.1
 6819.7328 14.259  2.1
 6821.8150 14.277  2.1
 6823.8973 14.270  2.1
 6825.9796 14.281  2.1
 6828.0619 14.326  2.1
 6830.1441 14.405  2.1
 6832.2264 14.463  2.1
 6834.3087 14.447  2.1
 6836.3909 14.417  2.1
 6838.4732 14.390  2.1
 6840.5555 14.366  2.1
 6842.6378 14.330  2.1
 6844.7200 14.302  2.1
 6846.8023 14.288  2.1
 6848.8846 14.281  2.1
 6850.9668 14.274  2.1
 6853.0491 14.262  2.1
 6855.1314 14.250  2.1
 6857.2137 14.246  2.1
 6859.2959 14.262  2.1
 6861.3782 14.289  2.1
 6863.4605 14.335  2.1
 6865.5427 14.409  2.1
 6867.6250 14.555  2.1
 6869.7073 14.657  2.1
 6871.7895 14.690  2.1
 6873.8718 14.643  2.1
 6875.9541 14.566  2.1
 6878.0364 14.504  2.1
 6880.1186 14.453  2.1
 6882.2009 14.416  2.1
 6884.2832 14.414  2.1
 6886.3654 14.436  2.1
 6888.4477 14.453  2.1
 6890.5300 14.453  2.1
 6892.6123 14.427  2.1
 6894.6945 14.433  2.1
 6896.7768 14.458  2.1
 6898.8591 14.485  2.1
 6900.9413 14.483  2.1
 6903.0236 14.444  2.1
 6905.1059 14.409  2.1
 6907.1882 14.382  2.1
 6909.2704 14.362  2.1
 6911.3527 14.350  2.1
 6913.4350 14.355  2.1
 6915.5172 14.370  2.1
 6917.5995 14.388  2.1
 6919.6818 14.393  2.1
 6921.7641 14.371  2.1
 6923.8463 14.344  2.1
 6925.9286 14.326  2.1
 6928.0109 14.350  2.1
 6930.0931 14.364  2.1
 6932.1754 14.378  2.1
 6934.2577 14.395  2.1
 6936.3399 14.416  2.1
 6938.4222 14.427  2.1
 6940.5045 14.423  2.1
 6942.5868 14.406  2.1
 6944.6690 14.384  2.1
 6946.7513 14.376  2.1
 6948.8336 14.367  2.1
 6950.9158 14.353  2.1
 6952.9981 14.324  2.1
 6955.0804 14.305  2.1
 6957.1627 14.301  2.1
 6959.2449 14.311  2.1
 6961.3272 14.332  2.1
 6963.4095 14.354  2.1
 6965.4917 14.369  2.1
 6967.5740 14.375  2.1
 6969.6563 14.367  2.1
 6971.7386 14.346  2.1
 6973.8208 14.327  2.1
 6975.9031 14.314  2.1
 6977.9854 14.304  2.1
 6980.0676 14.290  2.1
 6982.1499 14.271  2.1
 6984.2322 14.271  2.1
 6986.3144 14.299  2.1
 6988.3967 14.342  2.1
 6990.4790 14.366  2.1
 6992.5613 14.369  2.1
 6994.6435 14.358  2.1
 6996.7258 14.359  2.1
 6998.8081 14.386  2.1
 7000.8903 14.408  2.1
 7002.9726 14.417  2.1
 7005.0549 14.406  2.1
 7007.1372 14.403  2.1
 7009.2194 14.392  2.1
 7011.3017 14.376  2.1
 7013.3840 14.357  2.1
 7015.4662 14.361  2.1
 7017.5485 14.365  2.1
 7019.6308 14.362  2.1
 7021.7131 14.350  2.1
 7023.7953 14.337  2.1
 7025.8776 14.323  2.1
 7027.9599 14.298  2.1
 7030.0421 14.267  2.1
 7032.1244 14.276  2.1
 7034.2067 14.317  2.1
 7036.2890 14.366  2.1
 7038.3712 14.407  2.1
 7040.4535 14.413  2.1
 7042.5358 14.391  2.1
 7044.6180 14.374  2.1
 7046.7003 14.370  2.1
 7048.7826 14.386  2.1
 7050.8648 14.389  2.1
 7052.9471 14.404  2.1
 7055.0294 14.424  2.1
 7057.1117 14.435  2.1
 7059.1939 14.421  2.1
 7061.2762 14.409  2.1
 7063.3585 14.405  2.1
 7065.4407 14.413  2.1
 7067.5230 14.410  2.1
 7069.6053 14.404  2.1
 7071.6876 14.406  2.1
 7073.7698 14.425  2.1
 7075.8521 14.481  2.1
 7077.9344 14.521  2.1
 7080.0166 14.516  2.1
 7082.0989 14.460  2.1
 7084.1812 14.395  2.1
 7086.2635 14.386  2.1
 7088.3457 14.391  2.1
 7090.4280 14.392  2.1
 7092.5103 14.376  2.1
 7094.5925 14.352  2.1
 7096.6748 14.334  2.1
 7098.7571 14.329  2.1
 7100.8393 14.348  2.1
 7102.9216 14.371  2.1
 7105.0039 14.394  2.1
 7107.0862 14.415  2.1
 7109.1684 14.426  2.1
 7111.2507 14.428  2.1
 7113.3330 14.418  2.1
 7115.4152 14.403  2.1
 7117.4975 14.387  2.1
 7119.5798 14.403  2.1
 7121.6621 14.418  2.1
 7123.7443 14.427  2.1
 7125.8266 14.430  2.1
 7127.9089 14.439  2.1
 7129.9911 14.421  2.1
 7132.0734 14.396  2.1
 7134.1557 14.372  2.1
 7136.2380 14.349  2.1
 7138.3202 14.326  2.1
 7140.4025 14.320  2.1
 7142.4848 14.335  2.1
 7144.5670 14.361  2.1
 7146.6493 14.381  2.1
 7148.7316 14.384  2.1
 7150.8138 14.371  2.1
 7152.8961 14.347  2.1
 7154.9784 14.347  2.1
 7157.0607 14.365  2.1
 7159.1429 14.389  2.1
 7161.2252 14.407  2.1
 7163.3075 14.433  2.1
 7165.3897 14.453  2.1
 7167.4720 14.459  2.1
 7169.5543 14.445  2.1
 7171.6366 14.431  2.1
 7173.7188 14.444  2.1
 7175.8011 14.483  2.1
 7177.8834 14.544  2.1
 7179.9656 14.600  2.1
 7182.0479 14.617  2.1
 7184.1302 14.629  2.1
 7186.2125 14.650  2.1
 7188.2947 14.694  2.1
 7190.3770 14.733  2.1
 7192.4593 14.732  2.1
 7194.5415 14.696  2.1
 7196.6238 14.658  2.1
 7198.7061 14.662  2.1
 7200.7884 14.664  2.1
 7202.8706 14.636  2.1
 7204.9529 14.541  2.1
 7207.0352 14.472  2.1
 7209.1174 14.456  2.1
 7211.1997 14.473  2.1
 7213.2820 14.497  2.1
 7215.3642 14.466  2.1
 7217.4465 14.459  2.1
 7219.5288 14.468  2.1
 7221.6111 14.482  2.1
 7223.6933 14.462  2.1
 7225.7756 14.460  2.1
 7227.8579 14.463  2.1
 7229.9401 14.463  2.1
 7232.0224 14.458  2.1
 7234.1047 14.477  2.1
 7236.1870 14.515  2.1
 7238.2692 14.563  2.1
 7240.3515 14.588  2.1
 7242.4338 14.605  2.1
 7244.5160 14.619  2.1
 7246.5983 14.618  2.1
 7248.6806 14.571  2.1
 7250.7629 14.470  2.1
 7252.8451 14.435  2.1
 7254.9274 14.474  2.1
 7257.0097 14.582  2.1
 7259.0919 14.618  2.1
 7261.1742 14.611  2.1
 7263.2565 14.587  2.1
 7265.3387 14.576  2.1
 7267.4210 14.586  2.1
 7269.5033 14.615  2.1
 7271.5856 14.660  2.1
 7273.6678 14.718  2.1
 7275.7501 14.773  2.1
 7277.8324 14.738  2.1
 7279.9146 14.632  2.1
 7281.9969 14.492  2.1
 7284.0792 14.472  2.1
 7286.1615 14.540  2.1
 7288.2437 14.593  2.1
 7290.3260 14.607  2.1
 7292.4083 14.594  2.1
 7294.4905 14.610  2.1
 7296.5728 14.644  2.1
 7298.6551 14.676  2.1
 7300.7374 14.664  2.1
 7302.8196 14.631  2.1
 7304.9019 14.589  2.1
 7306.9842 14.547  2.1
 7309.0664 14.519  2.1
 7311.1487 14.535  2.1
 7313.2310 14.524  2.1
 7315.3133 14.522  2.1
 7317.3955 14.563  2.1
 7319.4778 14.681  2.1
 7321.5601 14.681  2.1
 7323.6423 14.617  2.1
 7325.7246 14.532  2.1
 7327.8069 14.532  2.1
 7329.8891 14.568  2.1
 7331.9714 14.576  2.1
 7334.0537 14.541  2.1
 7336.1360 14.504  2.1
 7338.2182 14.509  2.1
 7340.3005 14.508  2.1
 7342.3828 14.481  2.1
 7344.4650 14.406  2.1
 7346.5473 14.377  2.1
 7348.6296 14.368  2.1
 7350.7119 14.358  2.1
 7352.7941 14.317  2.1
 7354.8764 14.292  2.1
 7356.9587 14.301  2.1
 7359.0409 14.337  2.1
 7361.1232 14.389  2.1
 7363.2055 14.429  2.1
 7365.2878 14.430  2.1
 7367.3700 14.408  2.1
 7369.4523 14.384  2.1
 7371.5346 14.428  2.1
 7373.6168 14.498  2.1
 7375.6991 14.516  2.1
 7377.7814 14.451  2.1
 7379.8636 14.379  2.1
 7381.9459 14.398  2.1
 7384.0282 14.443  2.1
 7386.1105 14.485  2.1
 7388.1927 14.487  2.1
 7390.2750 14.463  2.1
 7392.3573 14.451  2.1
 7394.4395 14.472  2.1
 7396.5218 14.553  2.1
 7398.6041 14.593  2.1
 7400.6864 14.561  2.1
 7402.7686 14.474  2.1
 7404.8509 14.371  2.1
 7406.9332 14.361  2.1
 7409.0154 14.389  2.1
 7411.0977 14.419  2.1
 7413.1800 14.417  2.1
 7415.2623 14.378  2.1
 7417.3445 14.366  2.1
 7419.4268 14.391  2.1
 7421.5091 14.454  2.1
 7423.5913 14.513  2.1
 7425.6736 14.542  2.1
 7427.7559 14.554  2.1
 7429.8382 14.555  2.1
 7431.9204 14.541  2.1
 7434.0027 14.505  2.1
 7436.0850 14.459  2.1
 7438.1672 14.414  2.1
 7440.2495 14.395  2.1
 7442.3318 14.441  2.1
 7444.4140 14.514  2.1
 7446.4963 14.583  2.1
 7448.5786 14.600  2.1
 7450.6609 14.581  2.1
 7452.7431 14.538  2.1
 7454.8254 14.484  2.1
 7456.9077 14.440  2.1
 7458.9899 14.475  2.1
 7461.0722 14.529  2.1
 7463.1545 14.566  2.1
 7465.2368 14.553  2.1
 7467.3190 14.547  2.1
 7469.4013 14.550  2.1
 7471.4836 14.539  2.1
 7473.5658 14.511  2.1
 7475.6481 14.550  2.1
 7477.7304 14.636  2.1
 7479.8127 14.687  2.1
 7481.8949 14.668  2.1
 7483.9772 14.569  2.1
 7486.0595 14.508  2.1
 7488.1417 14.471  2.1
 7490.2240 14.460  2.1
 7492.3063 14.495  2.1
 7494.3885 14.528  2.1
 7496.4708 14.518  2.1
 7498.5531 14.473  2.1
 7500.6354 14.427  2.1
 7502.7176 14.429  2.1
 7504.7999 14.437  2.1
 7506.8822 14.431  2.1
 7508.9644 14.390  2.1
 7511.0467 14.379  2.1
 7513.1290 14.385  2.1
 7515.2113 14.404  2.1
 7517.2935 14.430  2.1
 7519.3758 14.403  2.1
 7521.4581 14.358  2.1
 7523.5403 14.334  2.1
 7525.6226 14.344  2.1
 7527.7049 14.326  2.1
 7529.7872 14.331  2.1
 7531.8694 14.382  2.1
 7533.9517 14.471  2.1
 7536.0340 14.529  2.1
 7538.1162 14.506  2.1
 7540.1985 14.461  2.1
 7542.2808 14.422  2.1
 7544.3630 14.427  2.1
 7546.4453 14.464  2.1
 7548.5276 14.524  2.1
 7550.6099 14.581  2.1
 7552.6921 14.595  2.1
 7554.7744 14.530  2.1
 7556.8567 14.495  2.1
 7558.9389 14.502  2.1
 7561.0212 14.554  2.1
 7563.1035 14.609  2.1
 7565.1858 14.601  2.1
 7567.2680 14.518  2.1
 7569.3503 14.361  2.1
 7571.4326 14.243  2.1
 7573.5148 14.229  2.1
 7575.5971 14.274  2.1
 7577.6794 14.351  2.1
 7579.7617 14.447  2.1
 7581.8439 14.508  2.1
 7583.9262 14.528  2.1
 7586.0085 14.510  2.1
 7588.0907 14.481  2.1
 7590.1730 14.572  2.1
 7592.2553 14.769  2.1
 7594.3376 15.043  2.1
 7596.4198 15.329  2.1
 7598.5021 15.431  2.1
 7600.5844 15.514  2.1
 7602.6666 15.640  2.1
 7604.7489 15.872  2.1
 7606.8312 15.980  2.1
 7608.9134 15.940  2.1
 7610.9957 15.794  2.1
 7613.0780 15.594  2.1
 7615.1603 15.450  2.1
 7617.2425 15.441  2.1
 7619.3248 15.465  2.1
 7621.4071 15.452  2.1
 7623.4893 15.459  2.1
 7625.5716 15.492  2.1
 7627.6539 15.529  2.1
 7629.7362 15.553  2.1
 7631.8184 15.539  2.1
 7633.9007 15.496  2.1
 7635.9830 15.441  2.1
 7638.0652 15.359  2.1
 7640.1475 15.170  2.1
 7642.2298 15.131  2.1
 7644.3121 15.183  2.1
 7646.3943 15.199  2.1
 7648.4766 14.925  2.1
 7650.5589 14.834  2.1
 7652.6411 14.803  2.1
 7654.7234 14.792  2.1
 7656.8057 14.762  2.1
 7658.8879 14.700  2.1
 7660.9702 14.638  2.1
 7663.0525 14.626  2.1
 7665.1348 14.708  2.1
 7667.2170 14.769  2.1
 7669.2993 14.770  2.1
 7671.3816 14.721  2.1
 7673.4638 14.636  2.1
 7675.5461 14.614  2.1
 7677.6284 14.620  2.1
 7679.7107 14.625  2.1
 7681.7929 14.609  2.1
 7683.8752 14.533  2.1
 7685.9575 14.456  2.1
 7688.0397 14.434  2.1
 7690.1220 14.475  2.1
 7692.2043 14.560  2.1
 7694.2866 14.585  2.1
 7696.3688 14.559  2.1
 7698.4511 14.522  2.1
 7700.5334 14.551  2.1
 7702.6156 14.659  2.1
 7704.6979 14.714  2.1
 7706.7802 14.705  2.1
 7708.8625 14.633  2.1
 7710.9447 14.494  2.1
 7713.0270 14.273  2.1
 7715.1093 14.066  2.1
 7717.1915 13.960  2.1
 7719.2738 14.070  2.1
 7721.3561 14.180  2.1
 7723.4383 14.356  2.1
 7725.5206 14.599  2.1
 7727.6029 14.609  2.1
 7729.6852 14.529  2.1
 7731.7674 14.463  2.1
 7733.8497 14.435  2.1
 7735.9320 14.374  2.1
 7738.0142 14.308  2.1
 7740.0965 14.315  2.1
 7742.1788 14.421  2.1
 7744.2611 14.642  2.1
 7746.3433 14.665  2.1
 7748.4256 14.535  2.1
 7750.5079 14.342  2.1
 7752.5901 14.234  2.1
 7754.6724 14.195  2.1
 7756.7547 14.218  2.1
 7758.8370 14.290  2.1
 7760.9192 14.394  2.1
 7763.0015 14.336  2.1
 7765.0838 14.164  2.1
 7767.1660 14.008  2.1
 7769.2483 13.975  2.1
 7771.3306 14.104  2.1
 7773.4128 14.161  2.1
 7775.4951 14.165  2.1
 7777.5774 14.141  2.1
 7779.6597 14.193  2.1
 7781.7419 14.273  2.1
 7783.8242 14.323  2.1
 7785.9065 14.332  2.1
 7787.9887 14.330  2.1
 7790.0710 14.405  2.1
 7792.1533 14.446  2.1
 7794.2356 14.428  2.1
 7796.3178 14.341  2.1
 7798.4001 14.384  2.1
 7800.4824 14.422  2.1
 7802.5646 14.405  2.1
 7804.6469 14.275  2.1
 7806.7292 14.277  2.1
 7808.8115 14.316  2.1
 7810.8937 14.373  2.1
 7812.9760 14.430  2.1
 7815.0583 14.482  2.1
 7817.1405 14.365  2.1
 7819.2228 14.185  2.1
 7821.3051 14.033  2.1
 7823.3874 14.048  2.1
 7825.4696 14.174  2.1
 7827.5519 14.334  2.1
 7829.6342 14.478  2.1
 7831.7164 14.512  2.1
 7833.7987 14.489  2.1
 7835.8810 14.424  2.1
 7837.9632 14.330  2.1
 7840.0455 14.224  2.1
 7842.1278 14.201  2.1
 7844.2101 14.194  2.1
 7846.2923 14.168  2.1
 7848.3746 14.065  2.1
 7850.4569 14.109  2.1
 7852.5391 14.250  2.1
 7854.6214 14.428  2.1
 7856.7037 14.565  2.1
 7858.7860 14.473  2.1
 7860.8682 14.280  2.1
 7862.9505 14.119  2.1
 7865.0328 14.112  2.1
 7867.1150 14.211  2.1
 7869.1973 14.214  2.1
 7871.2796 14.157  2.1
 7873.3619 14.078  2.1
 7875.4441 14.117  2.1
 7877.5264 14.231  2.1
 7879.6087 14.431  2.1
 7881.6909 14.712  2.1
 7883.7732 14.999  2.1
 7885.8555 15.076  2.1
 7887.9377 15.068  2.1
 7890.0200 14.996  2.1
 7892.1023 14.820  2.1
 7894.1846 14.698  2.1
 7896.2668 14.614  2.1
 7898.3491 14.549  2.1
 7900.4314 14.466  2.1
 7902.5136 14.364  2.1
 7904.5959 14.243  2.1
 7906.6782 14.101  2.1
 7908.7605 13.938  2.1
 7910.8427 13.946  2.1
 7912.9250 14.126  2.1
 7915.0073 14.378  2.1
 7917.0895 14.599  2.1
 7919.1718 14.453  2.1
 7921.2541 14.520  2.1
 7923.3364 14.618  2.1
 7925.4186 14.625  2.1
 7927.5009 14.421  2.1
 7929.5832 14.263  2.1
 7931.6654 14.239  2.1
 7933.7477 14.318  2.1
 7935.8300 14.216  2.1
 7937.9122 14.410  2.1
 7939.9945 14.577  2.1
 7942.0768 14.621  2.1
 7944.1591 14.483  2.1
 7946.2413 14.533  2.1
 7948.3236 14.556  2.1
 7950.4059 14.582  2.1
 7952.4881 14.713  2.1
 7954.5704 14.823  2.1
 7956.6527 14.919  2.1
 7958.7350 14.994  2.1
 7960.8172 15.038  2.1
 7962.8995 14.725  2.1
 7964.9818 14.406  2.1
 7967.0640 14.206  2.1
 7969.1463 14.196  2.1
 7971.2286 14.046  2.1
 7973.3109 13.875  2.1
 7975.3931 13.889  2.1
 7977.4754 14.149  2.1
 7979.5577 14.341  2.1
 7981.6399 14.408  2.1
 7983.7222 14.449  2.1
 7985.8045 14.508  2.1
 7987.8868 14.622  2.1
 7989.9690 14.746  2.1
 7992.0513 14.897  2.1
 7994.1336 14.987  2.1
 7996.2158 14.801  2.1
 7998.2981 14.447  2.1
 8000.3804  9.451  2.1
 8002.4626  2.840  2.1
 8004.5449  0.092  2.1
 8006.6272  0.000  2.1
 8008.7095  0.000  2.1
 8010.7917  0.000  2.1
 8012.8740  0.000  2.1
 8014.9563  0.000  2.1
 8017.0385  0.000  2.1
 8019.1208  0.000  2.1
 8021.2031  0.000  2.1
 8023.2854  0.000  2.1
 8025.3676  0.000  2.1
 8027.4499  0.000  2.1
 8029.5322  0.000  2.1
 8031.6144  0.000  2.1
 8033.6967  0.000  2.1
 8035.7790  0.000  2.1
 8037.8613  0.000  2.1
 8039.9435  0.000  2.1
 8042.0258  0.000  2.1
 8044.1081  0.000  2.1
 8046.1903  0.000  2.1
 8048.2726  0.000  2.1
 8050.3549  0.000  2.1
 8052.4371  0.000  2.1
 8054.5194  0.000  2.1
 8056.6017  0.000  2.1
 8058.6840  0.000  2.1
 8060.7662  0.000  2.1
 8062.8485  0.000  2.1
 8064.9308  0.000  2.1
 8067.0130  0.000  2.1
 8069.0953  0.000  2.1
 8071.1776  0.000  2.1
 8073.2599  0.000  2.1
 8075.3421  0.000  2.1
 8077.4244  0.000  2.1
 8079.5067  0.000  2.1
 8081.5889  0.000  2.1
 8083.6712  0.000  2.1
 8085.7535  0.000  2.1
 8087.8358  0.000  2.1
 8089.9180  0.000  2.1
 8092.0003  0.000  2.1
 8094.0826  0.000  2.1
 8096.1648  0.000  2.1
 8098.2471  0.000  2.1
 8100.3294  0.000  2.1
 8102.4117  0.000  2.1
 8104.4939  0.000  2.1
 8106.5762  0.000  2.1
 8108.6585  0.000  2.1
 8110.7407  0.000  2.1
 8112.8230  0.000  2.1
 8114.9053  0.000  2.1
 8116.9875  0.000  2.1
 8119.0698  0.000  2.1
 8121.1521  0.000  2.1
 8123.2344  0.000  2.1
 8125.3166  0.000  2.1
 8127.3989  0.000  2.1
 8129.4812  0.000  2.1
 8131.5634  0.000  2.1
 8133.6457  0.000  2.1
 8135.7280  0.000  2.1
 8137.8103  0.000  2.1
 8139.8925  0.000  2.1
 8141.9748  0.000  2.1
 8144.0571  0.000  2.1
 8146.1393  0.000  2.1
 8148.2216  0.000  2.1
 8150.3039  0.000  2.1
 8152.3862  0.000  2.1
 8154.4684  0.000  2.1
 8156.5507  0.000  2.1
 8158.6330  0.000  2.1
 8160.7152  0.000  2.1
 8162.7975  0.000  2.1
 8164.8798  0.000  2.1
 8166.9620  0.000  2.1
 8169.0443  0.000  2.1
 8171.1266  0.000  2.1
 8173.2089  0.000  2.1
 8175.2911  0.000  2.1
 8177.3734  0.000  2.1
 8179.4557  0.000  2.1
 8181.5379  0.000  2.1
 8183.6202  0.000  2.1
 8185.7025  0.000  2.1
 8187.7848  0.000  2.1
 8189.8670  0.000  2.1
