3484.41723632813		16.915	2.8
3487.24531674386		17.033	2.8
3490.07339715958		17.048	2.8
3492.90147757531		17.159	2.8
3495.72955799104		17.176	2.8
3498.55763840676		17.169	2.8
3501.38571882249		17.338	2.8
3504.21379923821		17.308	2.8
3507.04187965394		17.183	2.8
3509.86996006966		17.262	2.8
3512.69804048539		16.981	2.8
3515.52612090112		16.805	2.8
3518.35420131684		16.795	2.8
3521.18228173257		16.839	2.8
3524.01036214829		16.701	2.8
3526.83844256402		16.715	2.8
3529.66652297975		16.860	2.8
3532.49460339547		16.738	2.8
3535.3226838112		16.701	2.8
3538.15076422692		16.862	2.8
3540.97884464265		16.829	2.8
3543.80692505837		17.028	2.8
3546.6350054741		17.089	2.8
3549.46308588982		17.212	2.8
3552.29116630555		17.265	2.8
3555.11924672128		17.489	2.8
3557.947327137		17.359	2.8
3560.77540755273		17.594	2.8
3563.60348796845		17.509	2.8
3566.43156838418		17.584	2.8
3569.2596487999		17.543	2.8
3572.08772921563		17.285	2.8
3574.91580963136		17.254	2.8
3577.74389004708		16.818	2.8
3580.57197046281		17.117	2.8
3583.40005087853		17.017	2.8
3586.22813129426		17.015	2.8
3589.05621170999		17.059	2.8
3591.88429212571		17.142	2.8
3594.71237254144		17.146	2.8
3597.54045295716		17.062	2.8
3600.36853337289		16.977	2.8
3603.19661378861		16.854	2.8
3606.02469420434		16.842	2.8
3608.85277462007		16.740	2.8
3611.68085503579		16.753	2.8
3614.50893545152		16.887	2.8
3617.33701586724		16.702	2.8
3620.16509628297		16.813	2.8
3622.99317669869		16.649	2.8
3625.82125711442		16.763	2.8
3628.64933753014		16.853	2.8
3631.47741794587		16.703	2.8
3634.3054983616		16.743	2.8
3637.13357877732		16.501	2.8
3639.96165919305		16.327	2.8
3642.78973960877		16.379	2.8
3645.6178200245		16.336	2.8
3648.44590044023		16.323	2.8
3651.27398085595		16.402	2.8
3654.10206127168		16.470	2.8
3656.9301416874		16.449	2.8
3659.75822210313		16.419	2.8
3662.58630251885		16.584	2.8
3665.41438293458		16.687	2.8
3668.24246335031		16.652	2.8
3671.07054376603		16.525	2.8
3673.89862418176		16.496	2.8
3676.72670459748		16.255	2.8
3679.55478501321		16.259	2.8
3682.38286542893		16.444	2.8
3685.21094584466		16.540	2.8
3688.03902626039		16.446	2.8
3690.86710667611		16.549	2.8
3693.69518709184		16.503	2.8
3696.52326750756		16.523	2.8
3699.35134792329		16.722	2.8
3702.17942833901		16.785	2.8
3705.00750875474		16.762	2.8
3707.83558917046		16.662	2.8
3710.66366958619		16.841	2.8
3713.49175000192		17.045	2.8
3716.31983041764		17.062	2.8
3719.14791083337		17.026	2.8
3721.97599124909		17.052	2.8
3724.80407166482		17.243	2.8
3727.63215208054		17.160	2.8
3730.46023249627		17.079	2.8
3733.288312912		16.985	2.8
3736.11639332772		16.866	2.8
3738.94447374345		16.914	2.8
3741.77255415917		16.863	2.8
3744.6006345749		16.905	2.8
3747.42871499063		16.722	2.8
3750.25679540635		16.520	2.8
3753.08487582208		16.461	2.8
3755.9129562378		16.420	2.8
3758.74103665353		16.281	2.8
3761.56911706925		16.266	2.8
3764.39719748498		16.205	2.8
3767.22527790071		16.286	2.8
3770.05335831643		16.254	2.8
3772.88143873216		16.398	2.8
3775.70951914788		16.472	2.8
3778.53759956361		16.608	2.8
3781.36567997933		16.522	2.8
3784.19376039506		16.561	2.8
3787.02184081078		16.493	2.8
3789.84992122651		16.431	2.8
3792.67800164224		16.507	2.8
3795.50608205796		16.566	2.8
3798.33416247369		16.646	2.8
3801.16224288941		16.789	2.8
3803.99032330514		16.938	2.8
3806.81840372087		16.947	2.8
3809.64648413659		17.082	2.8
3812.47456455232		17.110	2.8
3815.30264496804		17.102	2.8
3818.13072538377		17.167	2.8
3820.95880579949		17.049	2.8
3823.78688621522		17.058	2.8
3826.61496663095		16.794	2.8
3829.44304704667		16.728	2.8
3832.2711274624		16.767	2.8
3835.09920787812		16.792	2.8
3837.92728829385		16.843	2.8
3840.75536870957		16.809	2.8
3843.5834491253		16.720	2.8
3846.41152954102		16.779	2.8
3849.23960995675		16.790	2.8
3852.06769037248		16.895	2.8
3854.8957707882		16.755	2.8
3857.72385120393		16.781	2.8
3860.55193161965		16.708	2.8
3863.38001203538		16.713	2.8
3866.20809245111		16.765	2.8
3869.03617286683		16.707	2.8
3871.86425328256		16.595	2.8
3874.69233369828		16.510	2.8
3877.52041411401		16.453	2.8
3880.34849452973		16.518	2.8
3883.17657494546		16.513	2.8
3886.00465536118		16.509	2.8
3888.83273577691		16.371	2.8
3891.66081619264		16.266	2.8
3894.48889660836		16.232	2.8
3897.31697702409		16.247	2.8
3900.14505743981		16.282	2.8
3902.97313785554		16.370	2.8
3905.80121827127		16.390	2.8
3908.62929868699		16.561	2.8
3911.45737910272		16.734	2.8
3914.28545951844		16.806	2.8
3917.11353993417		16.913	2.8
3919.94162034989		16.997	2.8
3922.76970076562		16.749	2.8
3925.59778118135		16.733	2.8
3928.42586159707		16.614	2.8
3931.2539420128		16.450	2.8
3934.08202242852		16.322	2.8
3936.91010284425		16.344	2.8
3939.73818325997		16.304	2.8
3942.5662636757		16.363	2.8
3945.39434409142		16.445	2.8
3948.22242450715		16.518	2.8
3951.05050492288		16.571	2.8
3953.8785853386		16.554	2.8
3956.70666575433		16.518	2.8
3959.53474617005		16.343	2.8
3962.36282658578		16.160	2.8
3965.19090700151		16.029	2.8
3968.01898741723		15.918	2.8
3970.84706783296		15.811	2.8
3973.67514824868		15.743	2.8
3976.50322866441		15.724	2.8
3979.33130908013		15.668	2.8
3982.15938949586		15.591	2.8
3984.98746991158		15.613	2.8
3987.81555032731		15.608	2.8
3990.64363074304		15.532	2.8
3993.47171115876		15.537	2.8
3996.29979157449		15.536	2.8
3999.12787199021		15.403	2.8
4001.95595240594		15.424	2.8
4004.78403282167		15.436	2.8
4007.61211323739		15.471	2.8
4010.44019365312		15.487	2.8
4013.26827406884		15.494	2.8
4016.09635448457		15.505	2.8
4018.92443490029		15.470	2.8
4021.75251531602		15.513	2.8
4024.58059573174		15.554	2.8
4027.40867614747		15.541	2.8
4030.2367565632		15.513	2.8
4033.06483697892		15.523	2.8
4035.89291739465		15.517	2.8
4038.72099781037		15.495	2.8
4041.5490782261		15.598	2.8
4044.37715864182		15.529	2.8
4047.20523905755		15.540	2.8
4050.03331947328		15.568	2.8
4052.861399889		15.590	2.8
4055.68948030473		15.564	2.8
4058.51756072045		15.533	2.8
4061.34564113618		15.468	2.8
4064.17372155191		15.474	2.8
4067.00180196763		15.351	2.8
4069.82988238336		15.342	2.8
4072.65796279908		15.274	2.8
4075.48604321481		15.262	2.8
4078.31412363053		15.289	2.8
4081.14220404626		15.310	2.8
4083.97028446198		15.288	2.8
4086.79836487771		15.301	2.8
4089.62644529344		15.339	2.8
4092.45452570916		15.300	2.8
4095.28260612489		15.283	2.8
4098.11068654061		15.285	2.8
4100.93876695634		15.259	2.8
4103.76684737206		15.258	2.8
4106.59492778779		15.224	2.8
4109.42300820352		15.240	2.8
4112.25108861924		15.265	2.8
4115.07916903497		15.275	2.8
4117.90724945069		15.290	2.8
4120.73532986642		15.312	2.8
4123.56341028215		15.364	2.8
4126.39149069787		15.367	2.8
4129.2195711136		15.339	2.8
4132.04765152932		15.368	2.8
4134.87573194505		15.375	2.8
4137.70381236077		15.325	2.8
4140.5318927765		15.274	2.8
4143.35997319223		15.290	2.8
4146.18805360795		15.288	2.8
4149.01613402368		15.270	2.8
4151.8442144394		15.255	2.8
4154.67229485513		15.262	2.8
4157.50037527085		15.221	2.8
4160.32845568658		15.274	2.8
4163.1565361023		15.297	2.8
4165.98461651803		15.261	2.8
4168.81269693376		15.268	2.8
4171.64077734948		15.273	2.8
4174.46885776521		15.265	2.8
4177.29693818093		15.279	2.8
4180.12501859666		15.338	2.8
4182.95309901239		15.302	2.8
4185.78117942811		15.302	2.8
4188.60925984384		15.294	2.8
4191.43734025956		15.266	2.8
4194.26542067529		15.234	2.8
4197.09350109101		15.215	2.8
4199.92158150674		15.222	2.8
4202.74966192247		15.295	2.8
4205.57774233819		15.324	2.8
4208.40582275392		15.400	2.8
4211.23390316964		15.437	2.8
4214.06198358537		15.430	2.8
4216.89006400109		15.426	2.8
4219.71814441682		15.384	2.8
4222.54622483255		15.327	2.8
4225.37430524827		15.260	2.8
4228.202385664		15.303	2.8
4231.03046607972		15.269	2.8
4233.85854649545		15.276	2.8
4236.68662691117		15.307	2.8
4239.5147073269		15.344	2.8
4242.34278774262		15.292	2.8
4245.17086815835		15.276	2.8
4247.99894857408		15.303	2.8
4250.8270289898		15.266	2.8
4253.65510940553		15.301	2.8
4256.48318982125		15.335	2.8
4259.31127023698		15.299	2.8
4262.1393506527		15.278	2.8
4264.96743106843		15.305	2.8
4267.79551148416		15.288	2.8
4270.62359189988		15.284	2.8
4273.45167231561		15.290	2.8
4276.27975273133		15.296	2.8
4279.10783314706		15.375	2.8
4281.93591356279		15.377	2.8
4284.76399397851		15.393	2.8
4287.59207439424		15.463	2.8
4290.42015480996		15.454	2.8
4293.24823522569		15.402	2.8
4296.07631564141		15.333	2.8
4298.90439605714		15.251	2.8
4301.73247647287		15.205	2.8
4304.56055688859		15.147	2.8
4307.38863730432		15.096	2.8
4310.21671772004		15.048	2.8
4313.04479813577		15.025	2.8
4315.87287855149		15.017	2.8
4318.70095896722		15.005	2.8
4321.52903938295		14.965	2.8
4324.35711979867		14.944	2.8
4327.1852002144		14.940	2.8
4330.01328063012		14.910	2.8
4332.84136104585		14.924	2.8
4335.66944146157		14.914	2.8
4338.4975218773		14.927	2.8
4341.32560229303		14.887	2.8
4344.15368270875		14.865	2.8
4346.98176312448		14.853	2.8
4349.8098435402		14.843	2.8
4352.63792395593		14.854	2.8
4355.46600437165		14.862	2.8
4358.29408478738		14.876	2.8
4361.1221652031		14.941	2.8
4363.95024561883		15.000	2.8
4366.77832603456		15.031	2.8
4369.60640645028		15.033	2.8
4372.43448686601		15.023	2.8
4375.26256728173		14.992	2.8
4378.09064769746		14.980	2.8
4380.91872811319		14.947	2.8
4383.74680852891		14.946	2.8
4386.57488894464		14.960	2.8
4389.40296936036		14.933	2.8
4392.23104977609		14.928	2.8
4395.05913019181		14.923	2.8
4397.88721060754		14.860	2.8
4400.71529102327		14.862	2.8
4403.54337143899		14.835	2.8
4406.37145185472		14.808	2.8
4409.19953227044		14.803	2.8
4412.02761268617		14.809	2.8
4414.85569310189		14.784	2.8
4417.68377351762		14.780	2.8
4420.51185393335		14.784	2.8
4423.33993434907		14.751	2.8
4426.1680147648		14.726	2.8
4428.99609518052		14.733	2.8
4431.82417559625		14.717	2.8
4434.65225601197		14.712	2.8
4437.4803364277		14.778	2.8
4440.30841684343		14.768	2.8
4443.13649725915		14.779	2.8
4445.96457767488		14.757	2.8
4448.7926580906		14.744	2.8
4451.62073850633		14.726	2.8
4454.44881892205		14.692	2.8
4457.27689933778		14.648	2.8
4460.10497975351		14.635	2.8
4462.93306016923		14.604	2.8
4465.76114058496		14.593	2.8
4468.58922100068		14.613	2.8
4471.41730141641		14.580	2.8
4474.24538183213		14.602	2.8
4477.07346224786		14.579	2.8
4479.90154266359		14.554	2.8
4482.72962307931		14.555	2.8
4485.55770349504		14.517	2.8
4488.38578391076		14.517	2.8
4491.21386432649		14.489	2.8
4494.04194474221		14.499	2.8
4496.87002515794		14.465	2.8
4499.69810557367		14.468	2.8
4502.52618598939		14.490	2.8
4505.35426640512		14.505	2.8
4508.18234682084		14.521	2.8
4511.01042723657		14.544	2.8
4513.83850765229		14.572	2.8
4516.66658806802		14.575	2.8
4519.49466848375		14.575	2.8
4522.32274889947		14.558	2.8
4525.1508293152		14.561	2.8
4527.97890973092		14.538	2.8
4530.80699014665		14.526	2.8
4533.63507056237		14.525	2.8
4536.4631509781		14.505	2.8
4539.29123139383		14.481	2.8
4542.11931180955		14.481	2.8
4544.94739222528		14.449	2.8
4547.775472641		14.434	2.8
4550.60355305673		14.427	2.8
4553.43163347245		14.398	2.8
4556.25971388818		14.416	2.8
4559.0877943039		14.421	2.8
4561.91587471963		14.400	2.8
4564.74395513536		14.410	2.8
4567.57203555108		14.426	2.8
4570.40011596681		14.430	2.8
4573.22819638253		14.418	2.8
4576.05627679826		14.409	2.8
4578.88435721398		14.424	2.8
4581.71243762971		14.449	2.8
4584.54051804544		14.428	2.8
4587.36859846116		14.408	2.8
4590.19667887689		14.402	2.8
4593.02475929261		14.385	2.8
4595.85283970834		14.391	2.8
4598.68092012406		14.372	2.8
4601.50900053979		14.362	2.8
4604.33708095552		14.361	2.8
4607.16516137124		14.355	2.8
4609.99324178697		14.340	2.8
4612.82132220269		14.330	2.8
4615.64940261842		14.343	2.8
4618.47748303415		14.322	2.8
4621.30556344987		14.340	2.8
4624.1336438656		14.351	2.8
4626.96172428132		14.369	2.8
4629.78980469705		14.362	2.8
4632.61788511277		14.350	2.8
4635.4459655285		14.360	2.8
4638.27404594422		14.353	2.8
4641.10212635995		14.342	2.8
4643.93020677568		14.345	2.8
4646.7582871914		14.349	2.8
4649.58636760713		14.327	2.8
4652.41444802285		14.341	2.8
4655.24252843858		14.344	2.8
4658.0706088543		14.349	2.8
4660.89868927003		14.343	2.8
4663.72676968576		14.328	2.8
4666.55485010148		14.320	2.8
4669.38293051721		14.311	2.8
4672.21101093293		14.299	2.8
4675.03909134866		14.317	2.8
4677.86717176439		14.306	2.8
4680.69525218011		14.306	2.8
4683.52333259583		14.323	2.8
4686.35141301156		14.337	2.8
4689.17949342729		14.338	2.8
4692.00757384301		14.316	2.8
4694.83565425874		14.329	2.8
4697.66373467447		14.312	2.8
4700.49181509019		14.290	2.8
4703.31989550592		14.294	2.8
4706.14797592164		14.270	2.8
4708.97605633737		14.266	2.8
4711.80413675309		14.263	2.8
4714.63221716882		14.272	2.8
4717.46029758454		14.277	2.8
4720.28837800027		14.272	2.8
4723.116458416		14.277	2.8
4725.94453883172		14.267	2.8
4728.77261924745		14.255	2.8
4731.60069966317		14.263	2.8
4734.4287800789		14.256	2.8
4737.25686049462		14.251	2.8
4740.08494091035		14.255	2.8
4742.91302132608		14.272	2.8
4745.7411017418		14.245	2.8
4748.56918215753		14.280	2.8
4751.39726257325		14.278	2.8
4754.22534298898		14.280	2.8
4757.0534234047		14.281	2.8
4759.88150382043		14.274	2.8
4762.70958423616		14.266	2.8
4765.53766465188		14.278	2.8
4768.36574506761		14.267	2.8
4771.19382548333		14.261	2.8
4774.02190589906		14.250	2.8
4776.84998631479		14.250	2.8
4779.67806673051		14.231	2.8
4782.50614714624		14.214	2.8
4785.33422756196		14.211	2.8
4788.16230797769		14.205	2.8
4790.99038839341		14.186	2.8
4793.81846880914		14.181	2.8
4796.64654922487		14.192	2.8
4799.47462964059		14.169	2.8
4802.30271005632		14.179	2.8
4805.13079047204		14.181	2.8
4807.95887088777		14.185	2.8
4810.78695130349		14.183	2.8
4813.61503171922		14.186	2.8
4816.44311213495		14.188	2.8
4819.27119255067		14.195	2.8
4822.0992729664		14.181	2.8
4824.92735338212		14.182	2.8
4827.75543379785		14.187	2.8
4830.58351421357		14.187	2.8
4833.4115946293		14.187	2.8
4836.23967504503		14.181	2.8
4839.06775546075		14.205	2.8
4841.89583587648		14.212	2.8
4844.7239162922		14.226	2.8
4847.55199670793		14.260	2.8
4850.38007712365		14.270	2.8
4853.20815753938		14.273	2.8
4856.0362379551		14.252	2.8
4858.86431837083		14.244	2.8
4861.69239878656		14.252	2.8
4864.52047920228		14.251	2.8
4867.34855961801		14.244	2.8
4870.17664003373		14.248	2.8
4873.00472044946		14.238	2.8
4875.83280086519		14.217	2.8
4878.66088128091		14.212	2.8
4881.48896169664		14.195	2.8
4884.31704211236		14.187	2.8
4887.14512252809		14.162	2.8
4889.97320294381		14.152	2.8
4892.80128335954		14.169	2.8
4895.62936377527		14.177	2.8
4898.45744419099		14.189	2.8
4901.28552460672		14.200	2.8
4904.11360502244		14.199	2.8
4906.94168543817		14.209	2.8
4909.76976585389		14.203	2.8
4912.59784626962		14.211	2.8
4915.42592668534		14.195	2.8
4918.25400710107		14.184	2.8
4921.0820875168		14.165	2.8
4923.91016793252		14.166	2.8
4926.73824834825		14.150	2.8
4929.56632876397		14.138	2.8
4932.3944091797		14.126	2.8
4935.22248959543		14.133	2.8
4938.05057001115		14.129	2.8
4940.87865042688		14.147	2.8
4943.7067308426		14.137	2.8
4946.53481125833		14.138	2.8
4949.36289167405		14.133	2.8
4952.19097208978		14.122	2.8
4955.01905250551		14.127	2.8
4957.84713292123		14.129	2.8
4960.67521333696		14.138	2.8
4963.50329375268		14.143	2.8
4966.33137416841		14.135	2.8
4969.15945458413		14.155	2.8
4971.98753499986		14.165	2.8
4974.81561541559		14.159	2.8
4977.64369583131		14.157	2.8
4980.47177624704		14.167	2.8
4983.29985666276		14.163	2.8
4986.12793707849		14.175	2.8
4988.95601749421		14.167	2.8
4991.78409790994		14.191	2.8
4994.61217832567		14.208	2.8
4997.44025874139		14.208	2.8
5000.26833915712		14.193	2.8
5003.09641957284		14.194	2.8
5005.92449998857		14.189	2.8
5008.75258040429		14.186	2.8
5011.58066082002		14.164	2.8
5014.40874123575		14.162	2.8
5017.23682165147		14.167	2.8
5020.0649020672		14.167	2.8
5022.89298248292		14.157	2.8
5025.72106289865		14.162	2.8
5028.54914331437		14.168	2.8
5031.3772237301		14.170	2.8
5034.20530414583		14.153	2.8
5037.03338456155		14.141	2.8
5039.86146497728		14.143	2.8
5042.689545393		14.133	2.8
5045.51762580873		14.121	2.8
5048.34570622445		14.129	2.8
5051.17378664018		14.138	2.8
5054.00186705591		14.128	2.8
5056.82994747163		14.147	2.8
5059.65802788736		14.168	2.8
5062.48610830308		14.163	2.8
5065.31418871881		14.169	2.8
5068.14226913453		14.161	2.8
5070.97034955026		14.165	2.8
5073.79842996598		14.158	2.8
5076.62651038171		14.139	2.8
5079.45459079744		14.142	2.8
5082.28267121316		14.136	2.8
5085.11075162889		14.141	2.8
5087.93883204461		14.160	2.8
5090.76691246034		14.157	2.8
5093.59499287607		14.147	2.8
5096.42307329179		14.153	2.8
5099.25115370752		14.142	2.8
5102.07923412324		14.145	2.8
5104.90731453897		14.150	2.8
5107.73539495469		14.147	2.8
5110.56347537042		14.165	2.8
5113.39155578615		14.165	2.8
5116.21963620187		14.171	2.8
5119.0477166176		14.179	2.8
5121.87579703332		14.200	2.8
5124.70387744905		14.189	2.8
5127.53195786477		14.191	2.8
5130.3600382805		14.183	2.8
5133.18811869623		14.194	2.8
5136.01619911195		14.180	2.8
5138.84427952768		14.169	2.8
5141.6723599434		14.184	2.8
5144.50044035913		14.208	2.8
5147.32852077485		14.238	2.8
5150.15660119058		14.281	2.8
5152.98468160631		14.317	2.8
5155.81276202203		14.352	2.8
5158.64084243776		14.394	2.8
5161.46892285348		14.448	2.8
5164.29700326921		14.439	2.8
5167.12508368494		14.431	2.8
5169.95316410066		14.403	2.8
5172.78124451638		14.361	2.8
5175.60932493211		14.316	2.8
5178.43740534784		14.284	2.8
5181.26548576356		14.241	2.8
5184.09356617929		14.222	2.8
5186.92164659501		14.199	2.8
5189.74972701074		14.186	2.8
5192.57780742647		14.175	2.8
5195.40588784219		14.158	2.8
5198.23396825792		14.144	2.8
5201.06204867364		14.124	2.8
5203.89012908937		14.095	2.8
5206.71820950509		14.069	2.8
5209.54628992082		14.060	2.8
5212.37437033655		14.047	2.8
5215.20245075227		14.030	2.8
5218.030531168		14.006	2.8
5220.85861158372		13.986	2.8
5223.68669199945		13.977	2.8
5226.51477241517		13.958	2.8
5229.3428528309		13.943	2.8
5232.17093324663		13.934	2.8
5234.99901366235		13.920	2.8
5237.82709407808		13.927	2.8
5240.6551744938		13.940	2.8
5243.48325490953		13.954	2.8
5246.31133532525		13.990	2.8
5249.13941574098		14.022	2.8
5251.96749615671		14.046	2.8
5254.79557657243		14.060	2.8
5257.62365698816		14.053	2.8
5260.45173740388		14.058	2.8
5263.27981781961		14.032	2.8
5266.10789823534		14.004	2.8
5268.93597865106		13.966	2.8
5271.76405906678		13.929	2.8
5274.59213948251		13.914	2.8
5277.42021989824		13.913	2.8
5280.24830031396		13.891	2.8
5283.07638072969		13.888	2.8
5285.90446114542		13.884	2.8
5288.73254156114		13.863	2.8
5291.56062197687		13.860	2.8
5294.38870239259		13.852	2.8
5297.21678280832		13.835	2.8
5300.04486322404		13.831	2.8
5302.87294363977		13.851	2.8
5305.70102405549		13.870	2.8
5308.52910447122		13.877	2.8
5311.35718488695		13.896	2.8
5314.18526530267		13.914	2.8
5317.0133457184		13.916	2.8
5319.84142613412		13.926	2.8
5322.66950654985		13.911	2.8
5325.49758696557		13.905	2.8
5328.3256673813		13.905	2.8
5331.15374779703		13.872	2.8
5333.98182821275		13.860	2.8
5336.80990862848		13.853	2.8
5339.6379890442		13.826	2.8
5342.46606945993		13.824	2.8
5345.29414987566		13.829	2.8
5348.12223029138		13.828	2.8
5350.95031070711		13.824	2.8
5353.77839112283		13.836	2.8
5356.60647153856		13.858	2.8
5359.43455195428		13.845	2.8
5362.26263237001		13.849	2.8
5365.09071278573		13.837	2.8
5367.91879320146		13.834	2.8
5370.74687361719		13.831	2.8
5373.57495403291		13.831	2.8
5376.40303444864		13.847	2.8
5379.23111486436		13.848	2.8
5382.05919528009		13.864	2.8
5384.88727569581		13.870	2.8
5387.71535611154		13.888	2.8
5390.54343652727		13.893	2.8
5393.37151694299		13.897	2.8
5396.19959735872		13.892	2.8
5399.02767777444		13.862	2.8
5401.85575819017		13.851	2.8
5404.68383860589		13.852	2.8
5407.51191902162		13.831	2.8
5410.33999943735		13.830	2.8
5413.16807985307		13.841	2.8
5415.9961602688		13.830	2.8
5418.82424068452		13.831	2.8
5421.65232110025		13.834	2.8
5424.48040151597		13.833	2.8
5427.3084819317		13.819	2.8
5430.13656234743		13.818	2.8
5432.96464276315		13.802	2.8
5435.79272317888		13.808	2.8
5438.6208035946		13.813	2.8
5441.44888401033		13.801	2.8
5444.27696442605		13.794	2.8
5447.10504484178		13.787	2.8
5449.93312525751		13.787	2.8
5452.76120567323		13.770	2.8
5455.58928608896		13.779	2.8
5458.41736650468		13.785	2.8
5461.24544692041		13.779	2.8
5464.07352733614		13.774	2.8
5466.90160775186		13.785	2.8
5469.72968816758		13.778	2.8
5472.55776858331		13.770	2.8
5475.38584899904		13.756	2.8
5478.21392941476		13.754	2.8
5481.04200983049		13.763	2.8
5483.87009024621		13.754	2.8
5486.69817066194		13.752	2.8
5489.52625107767		13.754	2.8
5492.35433149339		13.762	2.8
5495.18241190912		13.764	2.8
5498.01049232484		13.758	2.8
5500.83857274057		13.757	2.8
5503.66665315629		13.754	2.8
5506.49473357202		13.742	2.8
5509.32281398774		13.738	2.8
5512.15089440347		13.746	2.8
5514.9789748192		13.735	2.8
5517.80705523492		13.739	2.8
5520.63513565065		13.730	2.8
5523.46321606637		13.724	2.8
5526.2912964821		13.725	2.8
5529.11937689782		13.710	2.8
5531.94745731355		13.717	2.8
5534.77553772928		13.702	2.8
5537.603618145		13.703	2.8
5540.43169856073		13.713	2.8
5543.25977897645		13.708	2.8
5546.08785939218		13.710	2.8
5548.91593980791		13.731	2.8
5551.74402022363		13.744	2.8
5554.57210063936		13.739	2.8
5557.40018105508		13.735	2.8
5560.22826147081		13.744	2.8
5563.05634188653		13.751	2.8
5565.88442230226		13.759	2.8
5568.71250271798		13.759	2.8
5571.54058313371		13.776	2.8
5574.36866354944		13.777	2.8
5577.19674396516		13.783	2.8
5580.02482438089		13.786	2.8
5582.85290479661		13.776	2.8
5585.68098521234		13.775	2.8
5588.50906562807		13.762	2.8
5591.33714604379		13.749	2.8
5594.16522645952		13.738	2.8
5596.99330687524		13.736	2.8
5599.82138729097		13.729	2.8
5602.64946770669		13.725	2.8
5605.47754812242		13.731	2.8
5608.30562853814		13.730	2.8
5611.13370895387		13.714	2.8
5613.9617893696		13.710	2.8
5616.78986978532		13.712	2.8
5619.61795020105		13.699	2.8
5622.44603061677		13.698	2.8
5625.2741110325		13.686	2.8
5628.10219144822		13.680	2.8
5630.93027186395		13.690	2.8
5633.75835227968		13.687	2.8
5636.5864326954		13.694	2.8
5639.41451311113		13.694	2.8
5642.24259352685		13.696	2.8
5645.07067394258		13.693	2.8
5647.89875435831		13.706	2.8
5650.72683477403		13.704	2.8
5653.55491518976		13.696	2.8
5656.38299560548		13.686	2.8
5659.21107602121		13.689	2.8
5662.03915643693		13.683	2.8
5664.86723685266		13.675	2.8
5667.69531726839		13.688	2.8
5670.52339768411		13.676	2.8
5673.35147809984		13.675	2.8
5676.17955851556		13.678	2.8
5679.00763893129		13.677	2.8
5681.83571934701		13.685	2.8
5684.66379976274		13.688	2.8
5687.49188017847		13.699	2.8
5690.31996059419		13.705	2.8
5693.14804100992		13.707	2.8
5695.97612142564		13.708	2.8
5698.80420184137		13.701	2.8
5701.63228225709		13.687	2.8
5704.46036267282		13.685	2.8
5707.28844308855		13.680	2.8
5710.11652350427		13.658	2.8
5712.94460392		13.657	2.8
5715.77268433572		13.657	2.8
5718.60076475145		13.655	2.8
5721.42884516717		13.641	2.8
5724.2569255829		13.638	2.8
5727.08500599863		13.645	2.8
5729.91308641435		13.637	2.8
5732.74116683008		13.644	2.8
5735.5692472458		13.641	2.8
5738.39732766153		13.641	2.8
5741.22540807725		13.640	2.8
5744.05348849298		13.639	2.8
5746.8815689087		13.637	2.8
5749.70964932443		13.641	2.8
5752.53772974016		13.650	2.8
5755.36581015588		13.642	2.8
5758.19389057161		13.644	2.8
5761.02197098733		13.646	2.8
5763.85005140306		13.647	2.8
5766.67813181879		13.650	2.8
5769.50621223451		13.657	2.8
5772.33429265024		13.653	2.8
5775.16237306596		13.659	2.8
5777.99045348169		13.646	2.8
5780.81853389741		13.637	2.8
5783.64661431314		13.636	2.8
5786.47469472887		13.626	2.8
5789.30277514459		13.627	2.8
5792.13085556032		13.620	2.8
5794.95893597604		13.616	2.8
5797.78701639177		13.614	2.8
5800.61509680749		13.601	2.8
5803.44317722322		13.605	2.8
5806.27125763894		13.593	2.8
5809.09933805467		13.590	2.8
5811.9274184704		13.581	2.8
5814.75549888612		13.587	2.8
5817.58357930185		13.582	2.8
5820.41165971757		13.580	2.8
5823.2397401333		13.583	2.8
5826.06782054903		13.586	2.8
5828.89590096475		13.586	2.8
5831.72398138048		13.588	2.8
5834.5520617962		13.590	2.8
5837.38014221193		13.589	2.8
5840.20822262765		13.601	2.8
5843.03630304338		13.593	2.8
5845.8643834591		13.606	2.8
5848.69246387483		13.605	2.8
5851.52054429056		13.605	2.8
5854.34862470628		13.592	2.8
5857.17670512201		13.606	2.8
5860.00478553773		13.602	2.8
5862.83286595346		13.597	2.8
5865.66094636919		13.621	2.8
5868.48902678491		13.650	2.8
5871.31710720064		13.686	2.8
5874.14518761636		13.716	2.8
5876.97326803209		13.765	2.8
5879.80134844782		13.779	2.8
5882.62942886354		13.787	2.8
5885.45750927927		13.783	2.8
5888.28558969499		13.760	2.8
5891.11367011072		13.717	2.8
5893.94175052644		13.683	2.8
5896.76983094217		13.658	2.8
5899.5979113579		13.633	2.8
5902.42599177362		13.614	2.8
5905.25407218935		13.602	2.8
5908.08215260507		13.595	2.8
5910.9102330208		13.581	2.8
5913.73831343652		13.583	2.8
5916.56639385225		13.581	2.8
5919.39447426797		13.574	2.8
5922.2225546837		13.583	2.8
5925.05063509943		13.582	2.8
5927.87871551515		13.571	2.8
5930.70679593088		13.574	2.8
5933.5348763466		13.581	2.8
5936.36295676233		13.573	2.8
5939.19103717805		13.573	2.8
5942.01911759378		13.569	2.8
5944.84719800951		13.573	2.8
5947.67527842523		13.572	2.8
5950.50335884096		13.567	2.8
5953.33143925668		13.560	2.8
5956.15951967241		13.560	2.8
5958.98760008814		13.563	2.8
5961.81568050386		13.566	2.8
5964.64376091959		13.570	2.8
5967.47184133531		13.570	2.8
5970.29992175104		13.570	2.8
5973.12800216676		13.571	2.8
5975.95608258249		13.574	2.8
5978.78416299821		13.565	2.8
5981.61224341394		13.570	2.8
5984.44032382967		13.571	2.8
5987.26840424539		13.562	2.8
5990.09648466112		13.571	2.8
5992.92456507684		13.584	2.8
5995.75264549257		13.577	2.8
5998.58072590829		13.584	2.8
6001.40880632402		13.587	2.8
6004.23688673975		13.582	2.8
6007.06496715547		13.585	2.8
6009.8930475712		13.580	2.8
6012.72112798692		13.579	2.8
6015.54920840265		13.576	2.8
6018.37728881837		13.562	2.8
6021.2053692341		13.556	2.8
6024.03344964983		13.546	2.8
6026.86153006555		13.545	2.8
6029.68961048128		13.549	2.8
6032.517690897		13.547	2.8
6035.34577131273		13.548	2.8
6038.17385172845		13.549	2.8
6041.00193214418		13.539	2.8
6043.83001255991		13.543	2.8
6046.65809297563		13.542	2.8
6049.48617339136		13.536	2.8
6052.31425380708		13.542	2.8
6055.14233422281		13.547	2.8
6057.97041463853		13.549	2.8
6060.79849505426		13.547	2.8
6063.62657546999		13.538	2.8
6066.45465588571		13.544	2.8
6069.28273630144		13.546	2.8
6072.11081671716		13.549	2.8
6074.93889713289		13.551	2.8
6077.76697754862		13.550	2.8
6080.59505796434		13.560	2.8
6083.42313838006		13.562	2.8
6086.25121879579		13.563	2.8
6089.07929921152		13.564	2.8
6091.90737962724		13.561	2.8
6094.73546004297		13.561	2.8
6097.56354045869		13.564	2.8
6100.39162087442		13.561	2.8
6103.21970129015		13.568	2.8
6106.04778170587		13.571	2.8
6108.8758621216		13.577	2.8
6111.70394253732		13.576	2.8
6114.53202295305		13.576	2.8
6117.36010336877		13.589	2.8
6120.1881837845		13.584	2.8
6123.01626420023		13.587	2.8
6125.84434461595		13.587	2.8
6128.67242503168		13.584	2.8
6131.5005054474		13.579	2.8
6134.32858586313		13.568	2.8
6137.15666627885		13.581	2.8
6139.98474669458		13.586	2.8
6142.81282711031		13.587	2.8
6145.64090752603		13.603	2.8
6148.46898794176		13.602	2.8
6151.29706835748		13.613	2.8
6154.12514877321		13.616	2.8
6156.95322918893		13.617	2.8
6159.78130960466		13.604	2.8
6162.60939002039		13.583	2.8
6165.43747043611		13.571	2.8
6168.26555085184		13.572	2.8
6171.09363126756		13.566	2.8
6173.92171168329		13.559	2.8
6176.74979209902		13.553	2.8
6179.57787251474		13.551	2.8
6182.40595293046		13.555	2.8
6185.23403334619		13.551	2.8
6188.06211376192		13.547	2.8
6190.89019417764		13.537	2.8
6193.71827459337		13.534	2.8
6196.54635500909		13.539	2.8
6199.37443542482		13.536	2.8
6202.20251584055		13.540	2.8
6205.03059625627		13.548	2.8
6207.858676672		13.554	2.8
6210.68675708772		13.564	2.8
6213.51483750345		13.557	2.8
6216.34291791917		13.565	2.8
6219.1709983349		13.557	2.8
6221.99907875063		13.560	2.8
6224.82715916635		13.567	2.8
6227.65523958208		13.567	2.8
6230.4833199978		13.573	2.8
6233.31140041353		13.572	2.8
6236.13948082925		13.583	2.8
6238.96756124498		13.577	2.8
6241.79564166071		13.590	2.8
6244.62372207643		13.584	2.8
6247.45180249216		13.581	2.8
6250.27988290788		13.567	2.8
6253.10796332361		13.574	2.8
6255.93604373933		13.575	2.8
6258.76412415506		13.566	2.8
6261.59220457079		13.563	2.8
6264.42028498651		13.554	2.8
6267.24836540224		13.557	2.8
6270.07644581796		13.562	2.8
6272.90452623369		13.569	2.8
6275.73260664941		13.559	2.8
6278.56068706514		13.555	2.8
6281.38876748086		13.558	2.8
6284.21684789659		13.564	2.8
6287.04492831232		13.565	2.8
6289.87300872804		13.560	2.8
6292.70108914377		13.571	2.8
6295.52916955949		13.573	2.8
6298.35724997522		13.568	2.8
6301.18533039095		13.565	2.8
6304.01341080667		13.562	2.8
6306.8414912224		13.562	2.8
6309.66957163812		13.556	2.8
6312.49765205385		13.559	2.8
6315.32573246957		13.561	2.8
6318.1538128853		13.544	2.8
6320.98189330103		13.548	2.8
6323.80997371675		13.554	2.8
6326.63805413248		13.549	2.8
6329.4661345482		13.545	2.8
6332.29421496393		13.542	2.8
6335.12229537965		13.539	2.8
6337.95037579538		13.539	2.8
6340.77845621111		13.534	2.8
6343.60653662683		13.532	2.8
6346.43461704256		13.533	2.8
6349.26269745828		13.523	2.8
6352.09077787401		13.536	2.8
6354.91885828973		13.535	2.8
6357.74693870546		13.526	2.8
6360.57501912118		13.516	2.8
6363.40309953691		13.523	2.8
6366.23117995264		13.514	2.8
6369.05926036836		13.518	2.8
6371.88734078409		13.517	2.8
6374.71542119981		13.515	2.8
6377.54350161554		13.522	2.8
6380.37158203126		13.517	2.8
6383.19966244699		13.534	2.8
6386.02774286272		13.542	2.8
6388.85582327844		13.547	2.8
6391.68390369417		13.540	2.8
6394.51198410989		13.543	2.8
6397.34006452562		13.537	2.8
6400.16814494134		13.535	2.8
6402.99622535707		13.535	2.8
6405.8243057728		13.536	2.8
6408.65238618852		13.532	2.8
6411.48046660425		13.529	2.8
6414.30854701997		13.536	2.8
6417.1366274357		13.529	2.8
6419.96470785143		13.520	2.8
6422.79278826715		13.528	2.8
6425.62086868288		13.527	2.8
6428.4489490986		13.530	2.8
6431.27702951433		13.528	2.8
6434.10510993005		13.525	2.8
6436.93319034578		13.517	2.8
6439.7612707615		13.519	2.8
6442.58935117723		13.529	2.8
6445.41743159296		13.526	2.8
6448.24551200868		13.520	2.8
6451.07359242441		13.524	2.8
6453.90167284013		13.524	2.8
6456.72975325586		13.521	2.8
6459.55783367158		13.521	2.8
6462.38591408731		13.519	2.8
6465.21399450304		13.508	2.8
6468.04207491876		13.510	2.8
6470.87015533449		13.515	2.8
6473.69823575021		13.526	2.8
6476.52631616594		13.529	2.8
6479.35439658167		13.526	2.8
6482.18247699739		13.534	2.8
6485.01055741312		13.539	2.8
6487.83863782884		13.539	2.8
6490.66671824457		13.537	2.8
6493.49479866029		13.530	2.8
6496.32287907602		13.516	2.8
6499.15095949175		13.510	2.8
6501.97903990747		13.503	2.8
6504.8071203232		13.503	2.8
6507.63520073892		13.508	2.8
6510.46328115465		13.499	2.8
6513.29136157038		13.496	2.8
6516.1194419861		13.497	2.8
6518.94752240183		13.489	2.8
6521.77560281755		13.486	2.8
6524.60368323328		13.488	2.8
6527.431763649		13.491	2.8
6530.25984406473		13.504	2.8
6533.08792448045		13.509	2.8
6535.91600489618		13.505	2.8
6538.74408531191		13.512	2.8
6541.57216572763		13.529	2.8
6544.40024614336		13.541	2.8
6547.22832655908		13.548	2.8
6550.05640697481		13.556	2.8
6552.88448739053		13.575	2.8
6555.71256780626		13.561	2.8
6558.54064822199		13.557	2.8
6561.36872863771		13.554	2.8
6564.19680905344		13.529	2.8
6567.02488946916		13.518	2.8
6569.85296988489		13.518	2.8
6572.68105030061		13.512	2.8
6575.50913071634		13.503	2.8
6578.33721113206		13.506	2.8
6581.16529154779		13.507	2.8
6583.99337196352		13.503	2.8
6586.82145237924		13.506	2.8
6589.64953279497		13.496	2.8
6592.47761321069		13.492	2.8
6595.30569362642		13.493	2.8
6598.13377404215		13.491	2.8
6600.96185445787		13.485	2.8
6603.7899348736		13.482	2.8
6606.61801528932		13.488	2.8
6609.44609570505		13.493	2.8
6612.27417612077		13.484	2.8
6615.1022565365		13.481	2.8
6617.93033695222		13.485	2.8
6620.75841736795		13.483	2.8
6623.58649778368		13.489	2.8
6626.4145781994		13.493	2.8
6629.24265861513		13.486	2.8
6632.07073903085		13.480	2.8
6634.89881944658		13.487	2.8
6637.72689986231		13.479	2.8
6640.55498027803		13.477	2.8
6643.38306069376		13.476	2.8
6646.21114110948		13.474	2.8
6649.03922152521		13.476	2.8
6651.86730194093		13.481	2.8
6654.69538235666		13.484	2.8
6657.52346277239		13.481	2.8
6660.35154318811		13.485	2.8
6663.17962360384		13.481	2.8
6666.00770401956		13.478	2.8
6668.83578443529		13.479	2.8
6671.66386485101		13.479	2.8
6674.49194526674		13.481	2.8
6677.32002568247		13.482	2.8
6680.14810609819		13.476	2.8
6682.97618651392		13.472	2.8
6685.80426692964		13.478	2.8
6688.63234734537		13.475	2.8
6691.4604277611		13.475	2.8
6694.28850817682		13.482	2.8
6697.11658859255		13.481	2.8
6699.94466900827		13.490	2.8
6702.772749424		13.490	2.8
6705.60082983972		13.487	2.8
6708.42891025545		13.480	2.8
6711.25699067117		13.482	2.8
6714.0850710869		13.478	2.8
6716.91315150263		13.479	2.8
6719.74123191835		13.473	2.8
6722.56931233408		13.476	2.8
6725.3973927498		13.480	2.8
6728.22547316553		13.481	2.8
6731.05355358125		13.475	2.8
6733.88163399698		13.485	2.8
6736.70971441271		13.479	2.8
6739.53779482843		13.473	2.8
6742.36587524416		13.483	2.8
6745.19395565988		13.476	2.8
6748.02203607561		13.473	2.8
6750.85011649133		13.475	2.8
6753.67819690706		13.476	2.8
6756.50627732279		13.481	2.8
6759.33435773851		13.478	2.8
6762.16243815424		13.477	2.8
6764.99051856996		13.478	2.8
6767.81859898569		13.476	2.8
6770.64667940141		13.478	2.8
6773.47475981714		13.477	2.8
6776.30284023287		13.474	2.8
6779.13092064859		13.476	2.8
6781.95900106432		13.468	2.8
6784.78708148004		13.478	2.8
6787.61516189577		13.468	2.8
6790.4432423115		13.477	2.8
6793.27132272722		13.473	2.8
6796.09940314295		13.475	2.8
6798.92748355867		13.476	2.8
6801.7555639744		13.479	2.8
6804.58364439012		13.483	2.8
6807.41172480585		13.478	2.8
6810.23980522158		13.472	2.8
6813.0678856373		13.462	2.8
6815.89596605303		13.469	2.8
6818.72404646875		13.478	2.8
6821.55212688448		13.477	2.8
6824.3802073002		13.472	2.8
6827.20828771593		13.475	2.8
6830.03636813165		13.486	2.8
6832.86444854738		13.490	2.8
6835.69252896311		13.488	2.8
6838.52060937883		13.484	2.8
6841.34868979456		13.488	2.8
6844.17677021028		13.499	2.8
6847.00485062601		13.509	2.8
6849.83293104174		13.532	2.8
6852.66101145746		13.551	2.8
6855.48909187318		13.573	2.8
6858.31717228891		13.606	2.8
6861.14525270464		13.627	2.8
6863.97333312036		13.655	2.8
6866.80141353609		13.655	2.8
6869.62949395181		13.651	2.8
6872.45757436754		13.636	2.8
6875.28565478327		13.617	2.8
6878.11373519899		13.608	2.8
6880.94181561472		13.601	2.8
6883.76989603044		13.597	2.8
6886.59797644617		13.589	2.8
6889.42605686189		13.578	2.8
6892.25413727762		13.581	2.8
6895.08221769335		13.569	2.8
6897.91029810907		13.555	2.8
6900.7383785248		13.553	2.8
6903.56645894052		13.544	2.8
6906.39453935625		13.533	2.8
6909.22261977197		13.527	2.8
6912.0507001877		13.533	2.8
6914.87878060343		13.520	2.8
6917.70686101915		13.503	2.8
6920.53494143488		13.506	2.8
6923.3630218506		13.494	2.8
6926.19110226633		13.493	2.8
6929.01918268205		13.491	2.8
6931.84726309778		13.496	2.8
6934.67534351351		13.487	2.8
6937.50342392923		13.494	2.8
6940.33150434496		13.497	2.8
6943.15958476068		13.484	2.8
6945.98766517641		13.485	2.8
6948.81574559213		13.480	2.8
6951.64382600786		13.473	2.8
6954.47190642359		13.485	2.8
6957.29998683931		13.483	2.8
6960.12806725504		13.475	2.8
6962.95614767076		13.485	2.8
6965.78422808649		13.477	2.8
6968.61230850221		13.479	2.8
6971.44038891794		13.480	2.8
6974.26846933367		13.473	2.8
6977.09654974939		13.476	2.8
6979.92463016512		13.472	2.8
6982.75271058084		13.481	2.8
6985.58079099657		13.475	2.8
6988.40887141229		13.478	2.8
6991.23695182802		13.488	2.8
6994.06503224374		13.483	2.8
6996.89311265947		13.478	2.8
6999.7211930752		13.483	2.8
7002.54927349092		13.491	2.8
7005.37735390665		13.489	2.8
7008.20543432238		13.490	2.8
7011.0335147381		13.494	2.8
7013.86159515382		13.489	2.8
7016.68967556955		13.485	2.8
7019.51775598528		13.487	2.8
7022.345836401		13.489	2.8
7025.17391681673		13.482	2.8
7028.00199723245		13.474	2.8
7030.83007764818		13.473	2.8
7033.65815806391		13.467	2.8
7036.48623847963		13.470	2.8
7039.31431889536		13.463	2.8
7042.14239931108		13.466	2.8
7044.97047972681		13.469	2.8
7047.79856014253		13.462	2.8
7050.62664055826		13.461	2.8
7053.45472097398		13.463	2.8
7056.28280138971		13.465	2.8
7059.11088180544		13.472	2.8
7061.93896222116		13.466	2.8
7064.76704263689		13.464	2.8
7067.59512305261		13.470	2.8
7070.42320346834		13.466	2.8
7073.25128388406		13.468	2.8
7076.07936429979		13.470	2.8
7078.90744471552		13.465	2.8
7081.73552513124		13.463	2.8
7084.56360554697		13.470	2.8
7087.39168596269		13.474	2.8
7090.21976637842		13.474	2.8
7093.04784679415		13.471	2.8
7095.87592720987		13.461	2.8
7098.7040076256		13.466	2.8
7101.53208804132		13.470	2.8
7104.36016845705		13.469	2.8
7107.18824887277		13.471	2.8
7110.0163292885		13.478	2.8
7112.84440970423		13.472	2.8
7115.67249011995		13.474	2.8
7118.50057053568		13.478	2.8
7121.3286509514		13.478	2.8
7124.15673136713		13.473	2.8
7126.98481178285		13.471	2.8
7129.81289219858		13.486	2.8
7132.64097261431		13.478	2.8
7135.46905303003		13.488	2.8
7138.29713344576		13.486	2.8
7141.12521386148		13.481	2.8
7143.95329427721		13.490	2.8
7146.78137469293		13.492	2.8
7149.60945510866		13.482	2.8
7152.43753552439		13.489	2.8
7155.26561594011		13.493	2.8
7158.09369635584		13.500	2.8
7160.92177677156		13.512	2.8
7163.74985718729		13.523	2.8
7166.57793760301		13.537	2.8
7169.40601801874		13.545	2.8
7172.23409843446		13.556	2.8
7175.06217885019		13.566	2.8
7177.89025926592		13.564	2.8
7180.71833968164		13.572	2.8
7183.54642009737		13.577	2.8
7186.3745005131		13.569	2.8
7189.20258092882		13.571	2.8
7192.03066134454		13.569	2.8
7194.85874176027		13.560	2.8
7197.686822176		13.542	2.8
7200.51490259172		13.538	2.8
7203.34298300745		13.530	2.8
7206.17106342317		13.523	2.8
7208.9991438389		13.513	2.8
7211.82722425463		13.505	2.8
7214.65530467035		13.500	2.8
7217.48338508608		13.499	2.8
7220.3114655018		13.509	2.8
7223.13954591753		13.507	2.8
7225.96762633325		13.504	2.8
7228.79570674898		13.523	2.8
7231.62378716471		13.523	2.8
7234.45186758043		13.517	2.8
7237.27994799616		13.514	2.8
7240.10802841188		13.533	2.8
7242.93610882761		13.523	2.8
7245.76418924333		13.511	2.8
7248.59226965906		13.518	2.8
7251.42035007479		13.504	2.8
7254.24843049051		13.505	2.8
7257.07651090624		13.514	2.8
7259.90459132196		13.511	2.8
7262.73267173769		13.502	2.8
7265.56075215341		13.504	2.8
7268.38883256914		13.508	2.8
7271.21691298487		13.511	2.8
7274.04499340059		13.508	2.8
7276.87307381632		13.516	2.8
7279.70115423204		13.519	2.8
7282.52923464777		13.515	2.8
7285.35731506349		13.514	2.8
7288.18539547922		13.510	2.8
7291.01347589495		13.506	2.8
7293.84155631067		13.505	2.8
7296.6696367264		13.501	2.8
7299.49771714212		13.492	2.8
7302.32579755785		13.495	2.8
7305.15387797357		13.499	2.8
7307.9819583893		13.491	2.8
7310.81003880503		13.481	2.8
7313.63811922075		13.483	2.8
7316.46619963648		13.487	2.8
7319.2942800522		13.483	2.8
7322.12236046793		13.479	2.8
7324.95044088365		13.469	2.8
7327.77852129938		13.465	2.8
7330.60660171511		13.473	2.8
7333.43468213083		13.463	2.8
7336.26276254656		13.466	2.8
7339.09084296228		13.473	2.8
7341.91892337801		13.475	2.8
7344.74700379373		13.464	2.8
7347.57508420946		13.471	2.8
7350.40316462518		13.470	2.8
7353.23124504091		13.467	2.8
7356.05932545664		13.463	2.8
7358.88740587236		13.462	2.8
7361.71548628809		13.463	2.8
7364.54356670381		13.459	2.8
7367.37164711954		13.463	2.8
7370.19972753527		13.471	2.8
7373.02780795099		13.472	2.8
7375.85588836672		13.463	2.8
7378.68396878244		13.464	2.8
7381.51204919817		13.465	2.8
7384.34012961389		13.476	2.8
7387.16821002962		13.470	2.8
7389.99629044534		13.466	2.8
7392.82437086107		13.467	2.8
7395.6524512768		13.471	2.8
7398.48053169252		13.465	2.8
7401.30861210825		13.460	2.8
7404.13669252397		13.459	2.8
7406.9647729397		13.464	2.8
7409.79285335543		13.471	2.8
7412.62093377115		13.462	2.8
7415.44901418688		13.447	2.8
7418.2770946026		13.459	2.8
7421.10517501833		13.453	2.8
7423.93325543405		13.444	2.8
7426.76133584978		13.441	2.8
7429.58941626551		13.447	2.8
7432.41749668123		13.448	2.8
7435.24557709696		13.451	2.8
7438.07365751268		13.451	2.8
7440.90173792841		13.444	2.8
7443.72981834413		13.442	2.8
7446.55789875986		13.445	2.8
7449.38597917559		13.432	2.8
7452.21405959131		13.432	2.8
7455.04214000704		13.439	2.8
7457.87022042276		13.429	2.8
7460.69830083849		13.425	2.8
7463.52638125421		13.430	2.8
7466.35446166994		13.419	2.8
7469.18254208566		13.419	2.8
7472.01062250139		13.435	2.8
7474.83870291712		13.440	2.8
7477.66678333284		13.431	2.8
7480.49486374857		13.433	2.8
7483.32294416429		13.440	2.8
7486.15102458002		13.436	2.8
7488.97910499574		13.440	2.8
7491.80718541147		13.451	2.8
7494.6352658272		13.448	2.8
7497.46334624292		13.438	2.8
7500.29142665865		13.444	2.8
7503.11950707437		13.434	2.8
7505.9475874901		13.438	2.8
7508.77566790583		13.434	2.8
7511.60374832155		13.430	2.8
7514.43182873728		13.427	2.8
7517.259909153		13.421	2.8
7520.08798956873		13.424	2.8
7522.91606998445		13.429	2.8
7525.74415040018		13.423	2.8
7528.57223081591		13.422	2.8
7531.40031123163		13.417	2.8
7534.22839164736		13.412	2.8
7537.05647206308		13.417	2.8
7539.88455247881		13.424	2.8
7542.71263289453		13.418	2.8
7545.54071331026		13.420	2.8
7548.36879372599		13.423	2.8
7551.19687414171		13.411	2.8
7554.02495455744		13.416	2.8
7556.85303497316		13.422	2.8
7559.68111538889		13.427	2.8
7562.50919580461		13.421	2.8
7565.33727622034		13.426	2.8
7568.16535663607		13.437	2.8
7570.99343705179		13.442	2.8
7573.82151746752		13.476	2.8
7576.64959788324		13.518	2.8
7579.47767829897		13.585	2.8
7582.30575871469		13.659	2.8
7585.13383913042		13.770	2.8
7587.96191954615		13.889	2.8
7590.78999996187		14.026	2.8
7593.6180803776		14.143	2.8
7596.44616079332		14.218	2.8
7599.27424120905		14.242	2.8
7602.10232162477		14.236	2.8
7604.9304020405		14.196	2.8
7607.75848245623		14.129	2.8
7610.58656287195		14.088	2.8
7613.41464328768		14.048	2.8
7616.2427237034		14.021	2.8
7619.07080411913		14.011	2.8
7621.89888453486		13.997	2.8
7624.72696495058		13.985	2.8
7627.5550453663		13.969	2.8
7630.38312578203		13.944	2.8
7633.21120619776		13.905	2.8
7636.03928661348		13.855	2.8
7638.86736702921		13.827	2.8
7641.69544744493		13.797	2.8
7644.52352786066		13.747	2.8
7647.35160827639		13.709	2.8
7650.17968869211		13.682	2.8
7653.00776910784		13.643	2.8
7655.83584952356		13.620	2.8
7658.66392993929		13.586	2.8
7661.49201035501		13.555	2.8
7664.32009077074		13.521	2.8
7667.14817118647		13.496	2.8
7669.97625160219		13.474	2.8
7672.80433201792		13.467	2.8
7675.63241243364		13.453	2.8
7678.46049284937		13.437	2.8
7681.2885732651		13.435	2.8
7684.11665368082		13.429	2.8
7686.94473409655		13.423	2.8
7689.77281451227		13.431	2.8
7692.600894928		13.430	2.8
7695.42897534372		13.424	2.8
7698.25705575945		13.425	2.8
7701.08513617517		13.425	2.8
7703.9132165909		13.416	2.8
7706.74129700663		13.414	2.8
7709.56937742235		13.414	2.8
7712.39745783808		13.408	2.8
7715.2255382538		13.408	2.8
7718.05361866953		13.402	2.8
7720.88169908525		13.396	2.8
7723.70977950098		13.406	2.8
7726.53785991671		13.396	2.8
7729.36594033243		13.401	2.8
7732.19402074816		13.397	2.8
7735.02210116388		13.413	2.8
7737.85018157961		13.399	2.8
7740.67826199533		13.390	2.8
7743.50634241106		13.403	2.8
7746.33442282679		13.394	2.8
7749.16250324251		13.390	2.8
7751.99058365824		13.386	2.8
7754.81866407396		13.383	2.8
7757.64674448969		13.390	2.8
7760.47482490541		13.391	2.8
7763.30290532114		13.393	2.8
7766.13098573687		13.383	2.8
7768.95906615259		13.393	2.8
7771.78714656832		13.392	2.8
7774.61522698404		13.394	2.8
7777.44330739977		13.386	2.8
7780.27138781549		13.387	2.8
7783.09946823122		13.404	2.8
7785.92754864694		13.401	2.8
7788.75562906267		13.394	2.8
7791.5837094784		13.387	2.8
7794.41178989412		13.382	2.8
7797.23987030985		13.384	2.8
7800.06795072558		13.384	2.8
7802.8960311413		13.385	2.8
7805.72411155702		13.387	2.8
7808.55219197275		13.375	2.8
7811.38027238848		13.378	2.8
7814.2083528042		13.385	2.8
7817.03643321993		13.391	2.8
7819.86451363565		13.386	2.8
7822.69259405138		13.381	2.8
7825.52067446711		13.394	2.8
7828.34875488283		13.380	2.8
7831.17683529856		13.387	2.8
7834.00491571428		13.379	2.8
7836.83299613001		13.383	2.8
7839.66107654573		13.386	2.8
7842.48915696146		13.373	2.8
7845.31723737719		13.373	2.8
7848.14531779291		13.382	2.8
7850.97339820864		13.378	2.8
7853.80147862436		13.376	2.8
7856.62955904009		13.368	2.8
7859.45763945581		13.371	2.8
7862.28571987154		13.380	2.8
7865.11380028727		13.371	2.8
7867.94188070299		13.382	2.8
7870.76996111872		13.372	2.8
7873.59804153444		13.387	2.8
7876.42612195017		13.373	2.8
7879.25420236589		13.376	2.8
7882.08228278162		13.379	2.8
7884.91036319735		13.375	2.8
7887.73844361307		13.382	2.8
7890.5665240288		13.386	2.8
7893.39460444452		13.383	2.8
7896.22268486025		13.382	2.8
7899.05076527597		13.381	2.8
7901.8788456917		13.391	2.8
7904.70692610743		13.387	2.8
7907.53500652315		13.386	2.8
7910.36308693888		13.391	2.8
7913.1911673546		13.385	2.8
7916.01924777033		13.400	2.8
7918.84732818605		13.406	2.8
7921.67540860178		13.390	2.8
7924.50348901751		13.403	2.8
7927.33156943323		13.407	2.8
7930.15964984896		13.407	2.8
7932.98773026468		13.402	2.8
7935.81581068041		13.411	2.8
7938.64389109613		13.399	2.8
7941.47197151186		13.396	2.8
7944.30005192758		13.398	2.8
7947.12813234331		13.392	2.8
7949.95621275904		13.391	2.8
7952.78429317476		13.388	2.8
7955.61237359049		13.371	2.8
7958.44045400621		13.380	2.8
7961.26853442194		13.372	2.8
7964.09661483767		13.369	2.8
7966.92469525339		13.379	2.8
7969.75277566912		13.369	2.8
7972.58085608484		13.364	2.8
7975.40893650057		13.369	2.8
7978.23701691629		13.377	2.8
7981.06509733202		13.379	2.8
7983.89317774774		13.373	2.8
7986.72125816347		13.384	2.8
7989.5493385792		13.394	2.8
7992.37741899492		13.387	2.8
7995.20549941065		13.382	2.8
7998.03357982637		13.381	2.8
8000.8616602421		13.371	2.8
8003.68974065782		13.377	2.8
8006.51782107355		13.371	2.8
8009.34590148928		13.371	2.8
8012.173981905		13.377	2.8
8015.00206232073		13.372	2.8
8017.83014273645		13.375	2.8
8020.65822315218		13.376	2.8
8023.4863035679		13.376	2.8
8026.31438398363		13.374	2.8
8029.14246439936		13.372	2.8
8031.97054481508		13.383	2.8
8034.79862523081		13.376	2.8
8037.62670564653		13.370	2.8
8040.45478606226		13.377	2.8
8043.28286647798		13.378	2.8
8046.11094689371		13.375	2.8
8048.93902730944		13.380	2.8
8051.76710772516		13.361	2.8
8054.59518814089		13.371	2.8
8057.42326855661		13.347	2.8
8060.25134897234		13.349	2.8
8063.07942938807		13.360	2.8
8065.90750980379		13.375	2.8
8068.73559021951		13.372	2.8
8071.56367063524		13.377	2.8
8074.39175105097		13.381	2.8
8077.21983146669		13.373	2.8
8080.04791188242		13.371	2.8
8082.87599229815		13.377	2.8
8085.70407271387		13.377	2.8
8088.5321531296		13.385	2.8
8091.36023354532		13.377	2.8
8094.18831396105		13.372	2.8
8097.01639437677		13.375	2.8
8099.8444747925		13.376	2.8
8102.67255520822		13.371	2.8
8105.50063562395		13.369	2.8
8108.32871603968		13.376	2.8
8111.1567964554		13.372	2.8
8113.98487687113		13.376	2.8
8116.81295728685		13.368	2.8
8119.64103770258		13.379	2.8
8122.4691181183		13.382	2.8
8125.29719853403		13.384	2.8
8128.12527894976		13.392	2.8
8130.95335936548		13.398	2.8
8133.78143978121		13.399	2.8
8136.60952019693		13.405	2.8
8139.43760061266		13.403	2.8
8142.26568102838		13.413	2.8
8145.09376144411		13.417	2.8
8147.92184185984		13.417	2.8
8150.74992227556		13.421	2.8
8153.57800269129		13.424	2.8
8156.40608310701		13.432	2.8
8159.23416352274		13.438	2.8
8162.06224393847		13.441	2.8
8164.89032435419		13.440	2.8
8167.71840476992		13.437	2.8
8170.54648518564		13.443	2.8
8173.37456560137		13.438	2.8
8176.20264601709		13.447	2.8
8179.03072643282		13.451	2.8
8181.85880684854		13.448	2.8
8184.68688726427		13.443	2.8
8187.51496768		13.434	2.8
8190.34304809572		13.430	2.8
8193.17112851145		13.429	2.8
8195.99920892717		13.421	2.8
8198.8272893429		13.418	2.8
8201.65536975862		13.411	2.8
8204.48345017435		13.409	2.8
8207.31153059008		13.419	2.8
8210.1396110058		13.418	2.8
8212.96769142153		13.415	2.8
8215.79577183725		13.427	2.8
8218.62385225298		13.433	2.8
8221.4519326687		13.424	2.8
8224.28001308443		13.413	2.8
8227.10809350015		13.423	2.8
8229.93617391588		13.415	2.8
8232.76425433161		13.382	2.8
8235.59233474733		13.388	2.8
8238.42041516306		13.387	2.8
8241.24849557879		13.378	2.8
8244.07657599451		13.367	2.8
8246.90465641024		13.358	2.8
8249.73273682596		13.362	2.8
8252.56081724169		13.361	2.8
8255.38889765742		13.362	2.8
8258.21697807314		13.356	2.8
8261.04505848886		13.349	2.8
8263.87313890459		13.361	2.8
8266.70121932032		13.375	2.8
8269.52929973604		13.379	2.8
8272.35738015177		13.382	2.8
8275.18546056749		13.372	2.8
8278.01354098322		13.371	2.8
8280.84162139895		13.366	2.8
8283.66970181467		13.361	2.8
8286.4977822304		13.352	2.8
8289.32586264612		13.355	2.8
8292.15394306185		13.364	2.8
8294.98202347757		13.368	2.8
8297.8101038933		13.365	2.8
8300.63818430903		13.359	2.8
8303.46626472475		13.358	2.8
8306.29434514048		13.377	2.8
8309.1224255562		13.364	2.8
8311.95050597193		13.352	2.8
8314.77858638765		13.360	2.8
8317.60666680338		13.366	2.8
8320.43474721911		13.377	2.8
8323.26282763483		13.376	2.8
8326.09090805056		13.370	2.8
8328.91898846628		13.359	2.8
8331.74706888201		13.346	2.8
8334.57514929773		13.348	2.8
8337.40322971346		13.360	2.8
8340.23131012919		13.351	2.8
8343.05939054491		13.335	2.8
8345.88747096064		13.333	2.8
8348.71555137636		13.334	2.8
8351.54363179209		13.326	2.8
8354.37171220782		13.331	2.8
8357.19979262354		13.332	2.8
8360.02787303927		13.319	2.8
8362.85595345499		13.331	2.8
8365.68403387072		13.341	2.8
8368.51211428644		13.333	2.8
8371.34019470217		13.330	2.8
8374.16827511789		13.322	2.8
8376.99635553362		13.325	2.8
8379.82443594935		13.324	2.8
8382.65251636507		13.321	2.8
8385.4805967808		13.321	2.8
8388.30867719652		13.316	2.8
8391.13675761225		13.309	2.8
8393.96483802797		13.310	2.8
8396.7929184437		13.314	2.8
8399.62099885942		13.306	2.8
8402.44907927515		13.302	2.8
8405.27715969088		13.311	2.8
8408.1052401066		13.314	2.8
8410.93332052233		13.297	2.8
8413.76140093805		13.309	2.8
8416.58948135378		13.315	2.8
8419.41756176951		13.308	2.8
8422.24564218523		13.301	2.8
8425.07372260096		13.300	2.8
8427.90180301668		13.304	2.8
8430.72988343241		13.296	2.8
8433.55796384813		13.297	2.8
8436.38604426386		13.295	2.8
8439.21412467959		13.298	2.8
8442.04220509531		13.299	2.8
8444.87028551104		13.291	2.8
8447.69836592676		13.297	2.8
8450.52644634249		13.302	2.8
8453.35452675822		13.296	2.8
8456.18260717394		13.291	2.8
8459.01068758966		13.289	2.8
8461.83876800539		13.282	2.8
8464.66684842112		13.290	2.8
8467.49492883684		13.288	2.8
8470.32300925257		13.299	2.8
8473.15108966829		13.308	2.8
8475.97917008402		13.305	2.8
8478.80725049975		13.307	2.8
8481.63533091547		13.302	2.8
8484.4634113312		13.305	2.8
8487.29149174692		13.318	2.8
8490.11957216265		13.324	2.8
8492.94765257837		13.326	2.8
8495.7757329941		13.324	2.8
8498.60381340983		13.329	2.8
8501.43189382555		13.324	2.8
8504.25997424128		13.309	2.8
8507.088054657		13.311	2.8
8509.91613507273		13.318	2.8
8512.74421548845		13.326	2.8
8515.57229590418		13.330	2.8
8518.40037631991		13.339	2.8
8521.22845673563		13.349	2.8
8524.05653715136		13.356	2.8
8526.88461756708		13.363	2.8
8529.71269798281		13.378	2.8
8532.54077839853		13.402	2.8
8535.36885881426		13.399	2.8
8538.19693922999		13.399	2.8
8541.02501964571		13.404	2.8
8543.85310006144		13.396	2.8
8546.68118047716		13.382	2.8
8549.50926089289		13.368	2.8
8552.33734130862		13.348	2.8
8555.16542172434		13.336	2.8
8557.99350214006		13.326	2.8
8560.82158255579		13.313	2.8
8563.64966297152		13.312	2.8
8566.47774338724		13.307	2.8
8569.30582380297		13.313	2.8
8572.13390421869		13.320	2.8
8574.96198463442		13.322	2.8
8577.79006505015		13.324	2.8
8580.61814546587		13.326	2.8
8583.4462258816		13.312	2.8
8586.27430629732		13.321	2.8
8589.10238671305		13.325	2.8
8591.93046712877		13.342	2.8
8594.7585475445		13.355	2.8
8597.58662796022		13.345	2.8
8600.41470837595		13.346	2.8
8603.24278879168		13.355	2.8
8606.0708692074		13.346	2.8
8608.89894962313		13.350	2.8
8611.72703003885		13.363	2.8
8614.55511045458		13.362	2.8
8617.38319087031		13.359	2.8
8620.21127128603		13.360	2.8
8623.03935170176		13.362	2.8
8625.86743211748		13.375	2.8
8628.69551253321		13.377	2.8
8631.52359294893		13.412	2.8
8634.35167336466		13.422	2.8
8637.17975378039		13.426	2.8
8640.00783419611		13.440	2.8
8642.83591461184		13.441	2.8
8645.66399502756		13.462	2.8
8648.49207544329		13.484	2.8
8651.32015585902		13.480	2.8
8654.14823627474		13.501	2.8
8656.97631669046		13.507	2.8
8659.80439710619		13.510	2.8
8662.63247752192		13.509	2.8
8665.46055793764		13.504	2.8
8668.28863835337		13.508	2.8
8671.11671876909		13.493	2.8
8673.94479918482		13.484	2.8
8676.77287960055		13.469	2.8
8679.60096001627		13.462	2.8
8682.42904043199		13.459	2.8
8685.25712084772		13.459	2.8
8688.08520126345		13.463	2.8
8690.91328167917		13.465	2.8
8693.7413620949		13.463	2.8
8696.56944251063		13.446	2.8
8699.39752292635		13.455	2.8
8702.22560334208		13.450	2.8
8705.0536837578		13.451	2.8
8707.88176417353		13.459	2.8
8710.70984458925		13.458	2.8
8713.53792500498		13.461	2.8
8716.3660054207		13.466	2.8
8719.19408583643		13.468	2.8
8722.02216625216		13.479	2.8
8724.85024666788		13.476	2.8
8727.67832708361		13.466	2.8
8730.50640749933		13.478	2.8
8733.33448791506		13.485	2.8
8736.16256833079		13.485	2.8
8738.99064874651		13.483	2.8
8741.81872916224		13.482	2.8
8744.64680957796		13.479	2.8
