3481.59765625 14.53 2.8
3484.42731165886 14.54 2.8
3487.25696706772 14.74 2.8
3490.08662247658 14.67 2.8
3492.91627788544 14.64 2.8
3495.7459332943 14.61 2.8
3498.57558870316 14.54 2.8
3501.40524411202 14.68 2.8
3504.23489952088 14.63 2.8
3507.06455492974 14.49 2.8
3509.89421033859 14.70 2.8
3512.72386574745 14.54 2.8
3515.55352115631 14.56 2.8
3518.38317656517 14.59 2.8
3521.21283197403 14.63 2.8
3524.04248738289 14.55 2.8
3526.87214279175 14.61 2.8
3529.70179820061 14.53 2.8
3532.53145360947 14.59 2.8
3535.36110901833 14.67 2.8
3538.19076442719 14.48 2.8
3541.02041983605 14.58 2.8
3543.85007524491 14.51 2.8
3546.67973065377 14.49 2.8
3549.50938606262 14.47 2.8
3552.33904147148 14.50 2.8
3555.16869688034 14.51 2.8
3557.9983522892 14.55 2.8
3560.82800769806 14.59 2.8
3563.65766310692 14.52 2.8
3566.48731851578 14.55 2.8
3569.31697392464 14.57 2.8
3572.1466293335 14.55 2.8
3574.97628474236 14.66 2.8
3577.80594015122 14.62 2.8
3580.63559556008 14.58 2.8
3583.46525096894 14.70 2.8
3586.2949063778 14.70 2.8
3589.12456178665 14.61 2.8
3591.95421719551 14.61 2.8
3594.78387260437 14.66 2.8
3597.61352801323 14.61 2.8
3600.44318342209 14.60 2.8
3603.27283883095 14.62 2.8
3606.10249423981 14.58 2.8
3608.93214964867 14.60 2.8
3611.76180505753 14.67 2.8
3614.59146046639 14.60 2.8
3617.42111587525 14.60 2.8
3620.25077128411 14.62 2.8
3623.08042669297 14.59 2.8
3625.91008210182 14.53 2.8
3628.73973751068 14.54 2.8
3631.56939291954 14.50 2.8
3634.3990483284 14.47 2.8
3637.22870373726 14.47 2.8
3640.05835914612 14.52 2.8
3642.88801455498 14.57 2.8
3645.71766996384 14.51 2.8
3648.5473253727 14.52 2.8
3651.37698078156 14.43 2.8
3654.20663619042 14.41 2.8
3657.03629159928 14.38 2.8
3659.86594700814 14.41 2.8
3662.695602417 14.42 2.8
3665.52525782585 14.37 2.8
3668.35491323471 14.35 2.8
3671.18456864357 14.39 2.8
3674.01422405243 14.44 2.8
3676.84387946129 14.35 2.8
3679.67353487015 14.39 2.8
3682.50319027901 14.42 2.8
3685.33284568787 14.40 2.8
3688.16250109673 14.35 2.8
3690.99215650559 14.39 2.8
3693.82181191445 14.35 2.8
3696.65146732331 14.35 2.8
3699.48112273216 14.35 2.8
3702.31077814102 14.39 2.8
3705.14043354988 14.37 2.8
3707.97008895874 14.37 2.8
3710.7997443676 14.31 2.8
3713.62939977646 14.34 2.8
3716.45905518532 14.29 2.8
3719.28871059418 14.31 2.8
3722.11836600304 14.28 2.8
3724.9480214119 14.32 2.8
3727.77767682076 14.32 2.8
3730.60733222962 14.26 2.8
3733.43698763848 14.30 2.8
3736.26664304734 14.26 2.8
3739.09629845619 14.29 2.8
3741.92595386505 14.26 2.8
3744.75560927391 14.25 2.8
3747.58526468277 14.25 2.8
3750.41492009163 14.25 2.8
3753.24457550049 14.23 2.8
3756.07423090935 14.17 2.8
3758.90388631821 14.22 2.8
3761.73354172707 14.11 2.8
3764.56319713593 14.07 2.8
3767.39285254479 14.08 2.8
3770.22250795365 14.07 2.8
3773.05216336251 14.00 2.8
3775.88181877136 13.97 2.8
3778.71147418022 14.02 2.8
3781.54112958908 14.04 2.8
3784.37078499794 14.00 2.8
3787.2004404068 13.98 2.8
3790.03009581566 13.99 2.8
3792.85975122452 14.01 2.8
3795.68940663338 14.00 2.8
3798.51906204224 13.95 2.8
3801.3487174511 13.96 2.8
3804.17837285996 13.98 2.8
3807.00802826882 13.93 2.8
3809.83768367768 13.91 2.8
3812.66733908653 13.90 2.8
3815.49699449539 13.91 2.8
3818.32664990425 13.96 2.8
3821.15630531311 13.95 2.8
3823.98596072197 13.98 2.8
3826.81561613083 14.02 2.8
3829.64527153969 14.06 2.8
3832.47492694855 14.03 2.8
3835.30458235741 14.00 2.8
3838.13423776627 14.00 2.8
3840.96389317513 13.95 2.8
3843.79354858399 13.96 2.8
3846.62320399285 13.88 2.8
3849.45285940171 13.84 2.8
3852.28251481056 13.76 2.8
3855.11217021942 13.75 2.8
3857.94182562828 13.71 2.8
3860.77148103714 13.72 2.8
3863.601136446 13.73 2.8
3866.43079185486 13.75 2.8
3869.26044726372 13.72 2.8
3872.09010267258 13.83 2.8
3874.91975808144 13.78 2.8
3877.7494134903 13.88 2.8
3880.57906889916 13.85 2.8
3883.40872430802 13.91 2.8
3886.23837971688 13.87 2.8
3889.06803512574 13.89 2.8
3891.89769053459 13.88 2.8
3894.72734594345 13.90 2.8
3897.55700135231 13.87 2.8
3900.38665676117 13.83 2.8
3903.21631217003 13.80 2.8
3906.04596757889 13.73 2.8
3908.87562298775 13.76 2.8
3911.70527839661 13.79 2.8
3914.53493380547 13.80 2.8
3917.36458921433 13.81 2.8
3920.19424462319 13.83 2.8
3923.02390003205 13.90 2.8
3925.8535554409 13.94 2.8
3928.68321084977 13.99 2.8
3931.51286625862 14.06 2.8
3934.34252166748 14.02 2.8
3937.17217707634 13.96 2.8
3940.0018324852 13.99 2.8
3942.83148789406 13.98 2.8
3945.66114330292 13.92 2.8
3948.49079871178 13.89 2.8
3951.32045412064 13.88 2.8
3954.1501095295 13.84 2.8
3956.97976493836 13.90 2.8
3959.80942034722 13.94 2.8
3962.63907575608 13.96 2.8
3965.46873116494 13.98 2.8
3968.29838657379 13.97 2.8
3971.12804198265 13.97 2.8
3973.95769739151 13.90 2.8
3976.78735280037 13.84 2.8
3979.61700820923 13.82 2.8
3982.44666361809 13.78 2.8
3985.27631902695 13.69 2.8
3988.10597443581 13.62 2.8
3990.93562984467 13.59 2.8
3993.76528525353 13.58 2.8
3996.59494066239 13.54 2.8
3999.42459607125 13.57 2.8
4002.25425148011 13.54 2.8
4005.08390688897 13.55 2.8
4007.91356229782 13.53 2.8
4010.74321770668 13.53 2.8
4013.57287311554 13.50 2.8
4016.4025285244 13.52 2.8
4019.23218393326 13.50 2.8
4022.06183934212 13.53 2.8
4024.89149475098 13.50 2.8
4027.72115015984 13.52 2.8
4030.5508055687 13.52 2.8
4033.38046097756 13.50 2.8
4036.21011638642 13.52 2.8
4039.03977179527 13.52 2.8
4041.86942720414 13.48 2.8
4044.69908261299 13.53 2.8
4047.52873802185 13.49 2.8
4050.35839343071 13.51 2.8
4053.18804883957 13.51 2.8
4056.01770424843 13.49 2.8
4058.84735965729 13.50 2.8
4061.67701506615 13.53 2.8
4064.50667047501 13.52 2.8
4067.33632588387 13.51 2.8
4070.16598129273 13.52 2.8
4072.99563670159 13.52 2.8
4075.82529211045 13.54 2.8
4078.65494751931 13.54 2.8
4081.48460292816 13.56 2.8
4084.31425833702 13.56 2.8
4087.14391374588 13.59 2.8
4089.97356915474 13.59 2.8
4092.8032245636 13.61 2.8
4095.63287997246 13.64 2.8
4098.46253538132 13.63 2.8
4101.29219079018 13.60 2.8
4104.12184619904 13.63 2.8
4106.9515016079 13.57 2.8
4109.78115701676 13.57 2.8
4112.61081242562 13.56 2.8
4115.44046783448 13.53 2.8
4118.27012324333 13.50 2.8
4121.09977865219 13.45 2.8
4123.92943406105 13.47 2.8
4126.75908946991 13.43 2.8
4129.58874487877 13.47 2.8
4132.41840028763 13.41 2.8
4135.24805569649 13.42 2.8
4138.07771110535 13.41 2.8
4140.90736651421 13.43 2.8
4143.73702192307 13.41 2.8
4146.56667733193 13.39 2.8
4149.39633274079 13.40 2.8
4152.22598814965 13.38 2.8
4155.05564355851 13.39 2.8
4157.88529896736 13.39 2.8
4160.71495437622 13.39 2.8
4163.54460978508 13.39 2.8
4166.37426519394 13.39 2.8
4169.2039206028 13.41 2.8
4172.03357601166 13.38 2.8
4174.86323142052 13.40 2.8
4177.69288682938 13.40 2.8
4180.52254223824 13.40 2.8
4183.3521976471 13.38 2.8
4186.18185305596 13.38 2.8
4189.01150846482 13.36 2.8
4191.84116387367 13.35 2.8
4194.67081928253 13.38 2.8
4197.50047469139 13.35 2.8
4200.33013010025 13.34 2.8
4203.15978550911 13.34 2.8
4205.98944091797 13.35 2.8
4208.81909632683 13.34 2.8
4211.64875173569 13.34 2.8
4214.47840714455 13.34 2.8
4217.30806255341 13.34 2.8
4220.13771796227 13.36 2.8
4222.96737337113 13.36 2.8
4225.79702877999 13.33 2.8
4228.62668418885 13.37 2.8
4231.4563395977 13.36 2.8
4234.28599500656 13.33 2.8
4237.11565041542 13.35 2.8
4239.94530582428 13.37 2.8
4242.77496123314 13.31 2.8
4245.604616642 13.32 2.8
4248.43427205086 13.34 2.8
4251.26392745972 13.33 2.8
4254.09358286858 13.32 2.8
4256.92323827744 13.33 2.8
4259.7528936863 13.31 2.8
4262.58254909516 13.32 2.8
4265.41220450402 13.33 2.8
4268.24185991287 13.33 2.8
4271.07151532174 13.30 2.8
4273.90117073059 13.33 2.8
4276.73082613945 13.34 2.8
4279.56048154831 13.34 2.8
4282.39013695717 13.37 2.8
4285.21979236603 13.37 2.8
4288.04944777489 13.36 2.8
4290.87910318375 13.38 2.8
4293.70875859261 13.41 2.8
4296.53841400147 13.41 2.8
4299.36806941033 13.45 2.8
4302.19772481919 13.37 2.8
4305.02738022805 13.42 2.8
4307.8570356369 13.41 2.8
4310.68669104576 13.38 2.8
4313.51634645462 13.41 2.8
4316.34600186348 13.42 2.8
4319.17565727234 13.41 2.8
4322.0053126812 13.39 2.8
4324.83496809006 13.42 2.8
4327.66462349892 13.44 2.8
4330.49427890778 13.44 2.8
4333.32393431664 13.47 2.8
4336.1535897255 13.45 2.8
4338.98324513436 13.47 2.8
4341.81290054322 13.46 2.8
4344.64255595208 13.42 2.8
4347.47221136093 13.42 2.8
4350.30186676979 13.37 2.8
4353.13152217865 13.35 2.8
4355.96117758751 13.33 2.8
4358.79083299637 13.29 2.8
4361.62048840523 13.28 2.8
4364.45014381409 13.27 2.8
4367.27979922295 13.29 2.8
4370.10945463181 13.27 2.8
4372.93911004067 13.27 2.8
4375.76876544953 13.26 2.8
4378.59842085839 13.27 2.8
4381.42807626724 13.27 2.8
4384.2577316761 13.25 2.8
4387.08738708496 13.25 2.8
4389.91704249382 13.26 2.8
4392.74669790268 13.28 2.8
4395.57635331154 13.26 2.8
4398.4060087204 13.23 2.8
4401.23566412926 13.26 2.8
4404.06531953812 13.25 2.8
4406.89497494698 13.22 2.8
4409.72463035584 13.24 2.8
4412.5542857647 13.21 2.8
4415.38394117356 13.22 2.8
4418.21359658242 13.23 2.8
4421.04325199127 13.23 2.8
4423.87290740013 13.21 2.8
4426.70256280899 13.21 2.8
4429.53221821785 13.24 2.8
4432.36187362671 13.23 2.8
4435.19152903557 13.20 2.8
4438.02118444443 13.22 2.8
4440.85083985329 13.21 2.8
4443.68049526215 13.24 2.8
4446.51015067101 13.21 2.8
4449.33980607987 13.22 2.8
4452.16946148873 13.21 2.8
4454.99911689759 13.22 2.8
4457.82877230645 13.24 2.8
4460.6584277153 13.21 2.8
4463.48808312416 13.22 2.8
4466.31773853302 13.21 2.8
4469.14739394188 13.20 2.8
4471.97704935074 13.20 2.8
4474.8067047596 13.20 2.8
4477.63636016846 13.18 2.8
4480.46601557732 13.19 2.8
4483.29567098618 13.19 2.8
4486.12532639504 13.17 2.8
4488.9549818039 13.16 2.8
4491.78463721276 13.16 2.8
4494.61429262162 13.15 2.8
4497.44394803047 13.16 2.8
4500.27360343933 13.13 2.8
4503.10325884819 13.12 2.8
4505.93291425705 13.15 2.8
4508.76256966591 13.13 2.8
4511.59222507477 13.14 2.8
4514.42188048363 13.13 2.8
4517.25153589249 13.15 2.8
4520.08119130135 13.15 2.8
4522.91084671021 13.16 2.8
4525.74050211907 13.17 2.8
4528.57015752793 13.17 2.8
4531.39981293679 13.16 2.8
4534.22946834565 13.17 2.8
4537.0591237545 13.17 2.8
4539.88877916336 13.18 2.8
4542.71843457222 13.18 2.8
4545.54808998108 13.18 2.8
4548.37774538994 13.17 2.8
4551.2074007988 13.16 2.8
4554.03705620766 13.14 2.8
4556.86671161652 13.13 2.8
4559.69636702538 13.15 2.8
4562.52602243424 13.14 2.8
4565.3556778431 13.13 2.8
4568.18533325196 13.12 2.8
4571.01498866082 13.13 2.8
4573.84464406968 13.13 2.8
4576.67429947853 13.13 2.8
4579.50395488739 13.14 2.8
4582.33361029625 13.12 2.8
4585.16326570511 13.11 2.8
4587.99292111397 13.13 2.8
4590.82257652283 13.11 2.8
4593.65223193169 13.13 2.8
4596.48188734055 13.11 2.8
4599.31154274941 13.11 2.8
4602.14119815827 13.10 2.8
4604.97085356713 13.08 2.8
4607.80050897599 13.10 2.8
4610.63016438485 13.10 2.8
4613.45981979371 13.10 2.8
4616.28947520256 13.10 2.8
4619.11913061142 13.07 2.8
4621.94878602028 13.08 2.8
4624.77844142914 13.11 2.8
4627.608096838 13.10 2.8
4630.43775224686 13.08 2.8
4633.26740765572 13.09 2.8
4636.09706306458 13.08 2.8
4638.92671847344 13.08 2.8
4641.7563738823 13.08 2.8
4644.58602929116 13.09 2.8
4647.41568470002 13.08 2.8
4650.24534010887 13.09 2.8
4653.07499551773 13.09 2.8
4655.90465092659 13.06 2.8
4658.73430633545 13.06 2.8
4661.56396174431 13.11 2.8
4664.39361715317 13.10 2.8
4667.22327256203 13.08 2.8
4670.05292797089 13.06 2.8
4672.88258337975 13.07 2.8
4675.71223878861 13.07 2.8
4678.54189419747 13.07 2.8
4681.37154960633 13.08 2.8
4684.20120501519 13.07 2.8
4687.03086042405 13.06 2.8
4689.86051583291 13.06 2.8
4692.69017124176 13.06 2.8
4695.51982665062 13.06 2.8
4698.34948205948 13.07 2.8
4701.17913746834 13.06 2.8
4704.0087928772 13.06 2.8
4706.83844828606 13.05 2.8
4709.66810369492 13.08 2.8
4712.49775910378 13.06 2.8
4715.32741451264 13.05 2.8
4718.1570699215 13.05 2.8
4720.98672533036 13.07 2.8
4723.81638073921 13.05 2.8
4726.64603614808 13.05 2.8
4729.47569155693 13.04 2.8
4732.30534696579 13.04 2.8
4735.13500237465 13.06 2.8
4737.96465778351 13.05 2.8
4740.79431319237 13.03 2.8
4743.62396860123 13.05 2.8
4746.45362401009 13.06 2.8
4749.28327941895 13.05 2.8
4752.11293482781 13.06 2.8
4754.94259023667 13.05 2.8
4757.77224564553 13.06 2.8
4760.60190105439 13.04 2.8
4763.43155646325 13.06 2.8
4766.2612118721 13.04 2.8
4769.09086728096 13.04 2.8
4771.92052268982 13.06 2.8
4774.75017809868 13.05 2.8
4777.57983350754 13.04 2.8
4780.4094889164 13.04 2.8
4783.23914432526 13.05 2.8
4786.06879973412 13.05 2.8
4788.89845514298 13.03 2.8
4791.72811055184 13.04 2.8
4794.5577659607 13.02 2.8
4797.38742136956 13.02 2.8
4800.21707677842 13.01 2.8
4803.04673218727 13.05 2.8
4805.87638759613 13.02 2.8
4808.70604300499 13.01 2.8
4811.53569841385 13.03 2.8
4814.36535382271 13.01 2.8
4817.19500923157 13.02 2.8
4820.02466464043 13.02 2.8
4822.85432004929 13.02 2.8
4825.68397545815 13.04 2.8
4828.51363086701 13.05 2.8
4831.34328627587 13.05 2.8
4834.17294168473 13.06 2.8
4837.00259709359 13.07 2.8
4839.83225250245 13.11 2.8
4842.66190791131 13.14 2.8
4845.49156332016 13.13 2.8
4848.32121872902 13.16 2.8
4851.15087413788 13.20 2.8
4853.98052954674 13.21 2.8
4856.8101849556 13.23 2.8
4859.63984036446 13.24 2.8
4862.46949577332 13.21 2.8
4865.29915118218 13.22 2.8
4868.12880659104 13.18 2.8
4870.9584619999 13.17 2.8
4873.78811740876 13.12 2.8
4876.61777281762 13.11 2.8
4879.44742822647 13.11 2.8
4882.27708363533 13.09 2.8
4885.10673904419 13.07 2.8
4887.93639445305 13.06 2.8
4890.76604986191 13.02 2.8
4893.59570527077 13.03 2.8
4896.42536067963 13.03 2.8
4899.25501608849 13.04 2.8
4902.08467149735 13.03 2.8
4904.91432690621 13.03 2.8
4907.74398231507 13.02 2.8
4910.57363772393 13.04 2.8
4913.40329313279 13.04 2.8
4916.23294854164 13.02 2.8
4919.0626039505 13.01 2.8
4921.89225935936 13.02 2.8
4924.72191476822 13.00 2.8
4927.55157017708 13.00 2.8
4930.38122558594 13.01 2.8
4933.2108809948 13.01 2.8
4936.04053640366 12.98 2.8
4938.87019181252 12.98 2.8
4941.69984722138 12.98 2.8
4944.52950263024 12.98 2.8
4947.3591580391 12.98 2.8
4950.18881344796 12.99 2.8
4953.01846885682 12.97 2.8
4955.84812426567 12.98 2.8
4958.67777967453 12.97 2.8
4961.50743508339 12.95 2.8
4964.33709049225 12.97 2.8
4967.16674590111 12.97 2.8
4969.99640130997 12.96 2.8
4972.82605671883 12.99 2.8
4975.65571212769 12.97 2.8
4978.48536753655 12.98 2.8
4981.31502294541 12.97 2.8
4984.14467835427 12.97 2.8
4986.97433376313 12.97 2.8
4989.80398917199 12.98 2.8
4992.63364458084 12.98 2.8
4995.4632999897 12.99 2.8
4998.29295539856 12.99 2.8
5001.12261080742 12.98 2.8
5003.95226621628 12.97 2.8
5006.78192162514 13.00 2.8
5009.611577034 12.98 2.8
5012.44123244286 12.98 2.8
5015.27088785172 12.98 2.8
5018.10054326058 12.98 2.8
5020.93019866944 12.98 2.8
5023.7598540783 12.97 2.8
5026.58950948716 12.97 2.8
5029.41916489602 12.97 2.8
5032.24882030488 12.96 2.8
5035.07847571373 12.94 2.8
5037.90813112259 12.96 2.8
5040.73778653145 12.94 2.8
5043.56744194031 12.93 2.8
5046.39709734917 12.94 2.8
5049.22675275803 12.92 2.8
5052.05640816689 12.92 2.8
5054.88606357575 12.93 2.8
5057.71571898461 12.93 2.8
5060.54537439347 12.93 2.8
5063.37502980233 12.91 2.8
5066.20468521119 12.91 2.8
5069.03434062004 12.92 2.8
5071.86399602891 12.91 2.8
5074.69365143776 12.91 2.8
5077.52330684662 12.91 2.8
5080.35296225548 12.92 2.8
5083.18261766434 12.93 2.8
5086.0122730732 12.92 2.8
5088.84192848206 12.92 2.8
5091.67158389092 12.90 2.8
5094.50123929978 12.90 2.8
5097.33089470864 12.90 2.8
5100.1605501175 12.89 2.8
5102.99020552636 12.89 2.8
5105.81986093522 12.90 2.8
5108.64951634408 12.88 2.8
5111.47917175293 12.90 2.8
5114.30882716179 12.91 2.8
5117.13848257065 12.91 2.8
5119.96813797951 12.91 2.8
5122.79779338837 12.91 2.8
5125.62744879723 12.91 2.8
5128.45710420609 12.92 2.8
5131.28675961495 12.91 2.8
5134.11641502381 12.92 2.8
5136.94607043267 12.90 2.8
5139.77572584153 12.91 2.8
5142.60538125039 12.91 2.8
5145.43503665924 12.93 2.8
5148.2646920681 12.91 2.8
5151.09434747696 12.91 2.8
5153.92400288582 12.91 2.8
5156.75365829468 12.90 2.8
5159.58331370354 12.93 2.8
5162.4129691124 12.92 2.8
5165.24262452126 12.91 2.8
5168.07227993012 12.92 2.8
5170.90193533898 12.93 2.8
5173.73159074784 12.91 2.8
5176.5612461567 12.92 2.8
5179.39090156556 12.90 2.8
5182.22055697441 12.91 2.8
5185.05021238327 12.91 2.8
5187.87986779213 12.91 2.8
5190.70952320099 12.90 2.8
5193.53917860985 12.89 2.8
5196.36883401871 12.89 2.8
5199.19848942757 12.90 2.8
5202.02814483643 12.88 2.8
5204.85780024529 12.91 2.8
5207.68745565415 12.93 2.8
5210.51711106301 12.93 2.8
5213.34676647187 12.90 2.8
5216.17642188073 12.85 2.8
5219.00607728959 12.89 2.8
5221.83573269844 12.89 2.8
5224.6653881073 12.87 2.8
5227.49504351616 12.87 2.8
5230.32469892502 12.88 2.8
5233.15435433388 12.87 2.8
5235.98400974274 12.87 2.8
5238.8136651516 12.87 2.8
5241.64332056046 12.86 2.8
5244.47297596932 12.85 2.8
5247.30263137818 12.85 2.8
5250.13228678704 12.86 2.8
5252.9619421959 12.87 2.8
5255.79159760475 12.89 2.8
5258.62125301361 12.88 2.8
5261.45090842247 12.88 2.8
5264.28056383133 12.89 2.8
5267.11021924019 12.88 2.8
5269.93987464905 12.89 2.8
5272.76953005791 12.88 2.8
5275.59918546677 12.86 2.8
5278.42884087563 12.86 2.8
5281.25849628449 12.86 2.8
5284.08815169335 12.84 2.8
5286.91780710221 12.85 2.8
5289.74746251107 12.84 2.8
5292.57711791993 12.84 2.8
5295.40677332878 12.83 2.8
5298.23642873764 12.83 2.8
5301.0660841465 12.82 2.8
5303.89573955536 12.84 2.8
5306.72539496422 12.83 2.8
5309.55505037308 12.83 2.8
5312.38470578194 12.82 2.8
5315.2143611908 12.85 2.8
5318.04401659966 12.84 2.8
5320.87367200852 12.83 2.8
5323.70332741738 12.85 2.8
5326.53298282624 12.85 2.8
5329.3626382351 12.83 2.8
5332.19229364395 12.82 2.8
5335.02194905281 12.83 2.8
5337.85160446167 12.81 2.8
5340.68125987053 12.82 2.8
5343.51091527939 12.82 2.8
5346.34057068825 12.80 2.8
5349.17022609711 12.80 2.8
5351.99988150597 12.80 2.8
5354.82953691483 12.81 2.8
5357.65919232369 12.81 2.8
5360.48884773255 12.82 2.8
5363.31850314141 12.81 2.8
5366.14815855027 12.82 2.8
5368.97781395913 12.81 2.8
5371.80746936798 12.80 2.8
5374.63712477685 12.82 2.8
5377.4667801857 12.82 2.8
5380.29643559456 12.80 2.8
5383.12609100342 12.81 2.8
5385.95574641228 12.82 2.8
5388.78540182114 12.82 2.8
5391.61505723 12.84 2.8
5394.44471263886 12.82 2.8
5397.27436804772 12.82 2.8
5400.10402345658 12.81 2.8
5402.93367886544 12.81 2.8
5405.7633342743 12.81 2.8
5408.59298968315 12.81 2.8
5411.42264509201 12.82 2.8
5414.25230050087 12.82 2.8
5417.08195590973 12.83 2.8
5419.91161131859 12.81 2.8
5422.74126672745 12.79 2.8
5425.57092213631 12.80 2.8
5428.40057754517 12.79 2.8
5431.23023295403 12.79 2.8
5434.05988836289 12.79 2.8
5436.88954377175 12.79 2.8
5439.71919918061 12.80 2.8
5442.54885458947 12.79 2.8
5445.37850999833 12.81 2.8
5448.20816540719 12.79 2.8
5451.03782081604 12.78 2.8
5453.8674762249 12.78 2.8
5456.69713163376 12.77 2.8
5459.52678704262 12.78 2.8
5462.35644245148 12.79 2.8
5465.18609786034 12.78 2.8
5468.0157532692 12.77 2.8
5470.84540867806 12.79 2.8
5473.67506408692 12.77 2.8
5476.50471949578 12.77 2.8
5479.33437490464 12.79 2.8
5482.1640303135 12.77 2.8
5484.99368572235 12.79 2.8
5487.82334113121 12.77 2.8
5490.65299654007 12.76 2.8
5493.48265194893 12.78 2.8
5496.31230735779 12.78 2.8
5499.14196276665 12.77 2.8
5501.97161817551 12.77 2.8
5504.80127358437 12.76 2.8
5507.63092899323 12.76 2.8
5510.46058440209 12.77 2.8
5513.29023981095 12.76 2.8
5516.11989521981 12.77 2.8
5518.94955062867 12.77 2.8
5521.77920603753 12.76 2.8
5524.60886144638 12.76 2.8
5527.43851685524 12.75 2.8
5530.2681722641 12.75 2.8
5533.09782767296 12.76 2.8
5535.92748308182 12.77 2.8
5538.75713849068 12.76 2.8
5541.58679389954 12.76 2.8
5544.4164493084 12.76 2.8
5547.24610471726 12.76 2.8
5550.07576012612 12.75 2.8
5552.90541553498 12.75 2.8
5555.73507094384 12.75 2.8
5558.5647263527 12.75 2.8
5561.39438176155 12.74 2.8
5564.22403717041 12.76 2.8
5567.05369257927 12.76 2.8
5569.88334798813 12.78 2.8
5572.71300339699 12.78 2.8
5575.54265880585 12.75 2.8
5578.37231421471 12.76 2.8
5581.20196962357 12.76 2.8
5584.03162503243 12.78 2.8
5586.86128044129 12.78 2.8
5589.69093585015 12.76 2.8
5592.52059125901 12.78 2.8
5595.35024666787 12.75 2.8
5598.17990207672 12.76 2.8
5601.00955748558 12.77 2.8
5603.83921289444 12.75 2.8
5606.6688683033 12.76 2.8
5609.49852371216 12.75 2.8
5612.32817912102 12.76 2.8
5615.15783452988 12.75 2.8
5617.98748993874 12.75 2.8
5620.8171453476 12.75 2.8
5623.64680075646 12.73 2.8
5626.47645616532 12.73 2.8
5629.30611157418 12.74 2.8
5632.13576698304 12.73 2.8
5634.9654223919 12.72 2.8
5637.79507780075 12.74 2.8
5640.62473320961 12.75 2.8
5643.45438861847 12.75 2.8
5646.28404402733 12.72 2.8
5649.11369943619 12.72 2.8
5651.94335484505 12.74 2.8
5654.77301025391 12.74 2.8
5657.60266566277 12.74 2.8
5660.43232107163 12.73 2.8
5663.26197648049 12.73 2.8
5666.09163188935 12.75 2.8
5668.92128729821 12.73 2.8
5671.75094270707 12.74 2.8
5674.58059811593 12.73 2.8
5677.41025352478 12.73 2.8
5680.23990893364 12.73 2.8
5683.0695643425 12.73 2.8
5685.89921975136 12.72 2.8
5688.72887516022 12.71 2.8
5691.55853056908 12.72 2.8
5694.38818597794 12.71 2.8
5697.2178413868 12.71 2.8
5700.04749679566 12.73 2.8
5702.87715220452 12.71 2.8
5705.70680761338 12.72 2.8
5708.53646302224 12.71 2.8
5711.36611843109 12.72 2.8
5714.19577383995 12.73 2.8
5717.02542924881 12.71 2.8
5719.85508465767 12.70 2.8
5722.68474006653 12.68 2.8
5725.51439547539 12.70 2.8
5728.34405088425 12.69 2.8
5731.17370629311 12.71 2.8
5734.00336170197 12.69 2.8
5736.83301711083 12.70 2.8
5739.66267251969 12.70 2.8
5742.49232792855 12.71 2.8
5745.32198333741 12.70 2.8
5748.15163874627 12.69 2.8
5750.98129415512 12.69 2.8
5753.81094956398 12.69 2.8
5756.64060497284 12.70 2.8
5759.4702603817 12.70 2.8
5762.29991579056 12.70 2.8
5765.12957119942 12.70 2.8
5767.95922660828 12.70 2.8
5770.78888201714 12.70 2.8
5773.618537426 12.69 2.8
5776.44819283486 12.69 2.8
5779.27784824372 12.68 2.8
5782.10750365258 12.68 2.8
5784.93715906144 12.69 2.8
5787.76681447029 12.69 2.8
5790.59646987915 12.69 2.8
5793.42612528801 12.67 2.8
5796.25578069687 12.67 2.8
5799.08543610573 12.68 2.8
5801.91509151459 12.66 2.8
5804.74474692345 12.67 2.8
5807.57440233231 12.66 2.8
5810.40405774117 12.65 2.8
5813.23371315003 12.65 2.8
5816.06336855889 12.66 2.8
5818.89302396775 12.63 2.8
5821.72267937661 12.63 2.8
5824.55233478547 12.66 2.8
5827.38199019432 12.63 2.8
5830.21164560318 12.65 2.8
5833.04130101204 12.64 2.8
5835.8709564209 12.65 2.8
5838.70061182976 12.65 2.8
5841.53026723862 12.65 2.8
5844.35992264748 12.64 2.8
5847.18957805634 12.65 2.8
5850.0192334652 12.65 2.8
5852.84888887406 12.65 2.8
5855.67854428292 12.64 2.8
5858.50819969178 12.65 2.8
5861.33785510063 12.64 2.8
5864.1675105095 12.66 2.8
5866.99716591835 12.65 2.8
5869.82682132721 12.65 2.8
5872.65647673607 12.66 2.8
5875.48613214493 12.66 2.8
5878.31578755379 12.68 2.8
5881.14544296265 12.68 2.8
5883.97509837151 12.70 2.8
5886.80475378037 12.70 2.8
5889.63440918923 12.69 2.8
5892.46406459809 12.69 2.8
5895.29372000695 12.67 2.8
5898.12337541581 12.67 2.8
5900.95303082467 12.67 2.8
5903.78268623353 12.66 2.8
5906.61234164238 12.66 2.8
5909.44199705124 12.65 2.8
5912.2716524601 12.65 2.8
5915.10130786896 12.63 2.8
5917.93096327782 12.63 2.8
5920.76061868668 12.62 2.8
5923.59027409554 12.63 2.8
5926.4199295044 12.63 2.8
5929.24958491326 12.63 2.8
5932.07924032212 12.64 2.8
5934.90889573098 12.64 2.8
5937.73855113984 12.62 2.8
5940.56820654869 12.64 2.8
5943.39786195755 12.61 2.8
5946.22751736641 12.63 2.8
5949.05717277527 12.62 2.8
5951.88682818413 12.60 2.8
5954.71648359299 12.61 2.8
5957.54613900185 12.61 2.8
5960.37579441071 12.62 2.8
5963.20544981957 12.62 2.8
5966.03510522843 12.61 2.8
5968.86476063729 12.61 2.8
5971.69441604615 12.61 2.8
5974.52407145501 12.61 2.8
5977.35372686386 12.63 2.8
5980.18338227272 12.62 2.8
5983.01303768158 12.61 2.8
5985.84269309044 12.61 2.8
5988.6723484993 12.61 2.8
5991.50200390816 12.61 2.8
5994.33165931702 12.61 2.8
5997.16131472588 12.61 2.8
5999.99097013474 12.61 2.8
6002.8206255436 12.62 2.8
6005.65028095246 12.62 2.8
6008.47993636132 12.61 2.8
6011.30959177018 12.59 2.8
6014.13924717904 12.59 2.8
6016.96890258789 12.60 2.8
6019.79855799675 12.60 2.8
6022.62821340561 12.61 2.8
6025.45786881447 12.62 2.8
6028.28752422333 12.59 2.8
6031.11717963219 12.59 2.8
6033.94683504105 12.60 2.8
6036.77649044991 12.61 2.8
6039.60614585877 12.60 2.8
6042.43580126763 12.59 2.8
6045.26545667649 12.58 2.8
6048.09511208535 12.57 2.8
6050.92476749421 12.59 2.8
6053.75442290306 12.60 2.8
6056.58407831192 12.58 2.8
6059.41373372078 12.58 2.8
6062.24338912964 12.59 2.8
6065.0730445385 12.59 2.8
6067.90269994736 12.59 2.8
6070.73235535622 12.58 2.8
6073.56201076508 12.57 2.8
6076.39166617394 12.58 2.8
6079.2213215828 12.58 2.8
6082.05097699166 12.58 2.8
6084.88063240052 12.59 2.8
6087.71028780938 12.58 2.8
6090.53994321823 12.58 2.8
6093.36959862709 12.58 2.8
6096.19925403595 12.57 2.8
6099.02890944481 12.58 2.8
6101.85856485367 12.58 2.8
6104.68822026253 12.59 2.8
6107.51787567139 12.59 2.8
6110.34753108025 12.59 2.8
6113.17718648911 12.59 2.8
6116.00684189797 12.58 2.8
6118.83649730683 12.58 2.8
6121.66615271569 12.58 2.8
6124.49580812455 12.60 2.8
6127.3254635334 12.60 2.8
6130.15511894226 12.60 2.8
6132.98477435112 12.59 2.8
6135.81442975998 12.60 2.8
6138.64408516884 12.59 2.8
6141.4737405777 12.58 2.8
6144.30339598656 12.60 2.8
6147.13305139542 12.60 2.8
6149.96270680428 12.58 2.8
6152.79236221314 12.59 2.8
6155.622017622 12.60 2.8
6158.45167303086 12.59 2.8
6161.28132843972 12.59 2.8
6164.11098384858 12.59 2.8
6166.94063925744 12.58 2.8
6169.77029466629 12.58 2.8
6172.59995007515 12.59 2.8
6175.42960548401 12.59 2.8
6178.25926089287 12.58 2.8
6181.08891630173 12.57 2.8
6183.91857171059 12.56 2.8
6186.74822711945 12.57 2.8
6189.57788252831 12.59 2.8
6192.40753793717 12.58 2.8
6195.23719334603 12.57 2.8
6198.06684875489 12.56 2.8
6200.89650416375 12.55 2.8
6203.7261595726 12.57 2.8
6206.55581498146 12.57 2.8
6209.38547039032 12.56 2.8
6212.21512579918 12.56 2.8
6215.04478120804 12.56 2.8
6217.8744366169 12.56 2.8
6220.70409202576 12.56 2.8
6223.53374743462 12.56 2.8
6226.36340284348 12.57 2.8
6229.19305825234 12.58 2.8
6232.0227136612 12.57 2.8
6234.85236907006 12.58 2.8
6237.68202447892 12.57 2.8
6240.51167988778 12.57 2.8
6243.34133529663 12.58 2.8
6246.17099070549 12.59 2.8
6249.00064611435 12.58 2.8
6251.83030152321 12.57 2.8
6254.65995693207 12.56 2.8
6257.48961234093 12.58 2.8
6260.31926774979 12.57 2.8
6263.14892315865 12.57 2.8
6265.97857856751 12.59 2.8
6268.80823397637 12.59 2.8
6271.63788938523 12.58 2.8
6274.46754479409 12.59 2.8
6277.29720020295 12.59 2.8
6280.12685561181 12.59 2.8
6282.95651102066 12.59 2.8
6285.78616642952 12.58 2.8
6288.61582183838 12.58 2.8
6291.44547724724 12.57 2.8
6294.2751326561 12.58 2.8
6297.10478806496 12.58 2.8
6299.93444347382 12.59 2.8
6302.76409888268 12.56 2.8
6305.59375429154 12.58 2.8
6308.4234097004 12.57 2.8
6311.25306510926 12.55 2.8
6314.08272051812 12.57 2.8
6316.91237592697 12.57 2.8
6319.74203133583 12.57 2.8
6322.57168674469 12.57 2.8
6325.40134215355 12.55 2.8
6328.23099756241 12.58 2.8
6331.06065297127 12.59 2.8
6333.89030838013 12.56 2.8
6336.71996378899 12.56 2.8
6339.54961919785 12.56 2.8
6342.37927460671 12.55 2.8
6345.20893001557 12.56 2.8
6348.03858542443 12.56 2.8
6350.86824083329 12.54 2.8
6353.69789624215 12.55 2.8
6356.527551651 12.56 2.8
6359.35720705986 12.54 2.8
6362.18686246872 12.54 2.8
6365.01651787758 12.57 2.8
6367.84617328644 12.55 2.8
6370.6758286953 12.54 2.8
6373.50548410416 12.55 2.8
6376.33513951302 12.54 2.8
6379.16479492188 12.54 2.8
6381.99445033074 12.55 2.8
6384.8241057396 12.55 2.8
6387.65376114846 12.55 2.8
6390.48341655731 12.54 2.8
6393.31307196617 12.54 2.8
6396.14272737503 12.55 2.8
6398.97238278389 12.56 2.8
6401.80203819275 12.55 2.8
6404.63169360161 12.55 2.8
6407.46134901047 12.55 2.8
6410.29100441933 12.57 2.8
6413.12065982819 12.57 2.8
6415.95031523705 12.56 2.8
6418.77997064591 12.53 2.8
6421.60962605477 12.55 2.8
6424.43928146363 12.55 2.8
6427.26893687249 12.55 2.8
6430.09859228135 12.56 2.8
6432.9282476902 12.56 2.8
6435.75790309906 12.54 2.8
6438.58755850792 12.56 2.8
6441.41721391678 12.57 2.8
6444.24686932564 12.56 2.8
6447.0765247345 12.55 2.8
6449.90618014336 12.55 2.8
6452.73583555222 12.56 2.8
6455.56549096108 12.56 2.8
6458.39514636994 12.56 2.8
6461.2248017788 12.56 2.8
6464.05445718766 12.56 2.8
6466.88411259652 12.56 2.8
6469.71376800537 12.55 2.8
6472.54342341423 12.56 2.8
6475.37307882309 12.56 2.8
6478.20273423195 12.56 2.8
6481.03238964081 12.54 2.8
6483.86204504967 12.54 2.8
6486.69170045853 12.55 2.8
6489.52135586739 12.56 2.8
6492.35101127625 12.56 2.8
6495.18066668511 12.56 2.8
6498.01032209397 12.55 2.8
6500.83997750283 12.56 2.8
6503.66963291169 12.56 2.8
6506.49928832055 12.55 2.8
6509.3289437294 12.55 2.8
6512.15859913826 12.54 2.8
6514.98825454712 12.55 2.8
6517.81790995598 12.54 2.8
6520.64756536484 12.56 2.8
6523.4772207737 12.55 2.8
6526.30687618256 12.55 2.8
6529.13653159142 12.56 2.8
6531.96618700028 12.57 2.8
6534.79584240914 12.58 2.8
6537.625497818 12.59 2.8
6540.45515322686 12.59 2.8
6543.28480863572 12.62 2.8
6546.11446404457 12.66 2.8
6548.94411945343 12.67 2.8
6551.77377486229 12.68 2.8
6554.60343027115 12.69 2.8
6557.43308568001 12.69 2.8
6560.26274108887 12.69 2.8
6563.09239649773 12.69 2.8
6565.92205190659 12.66 2.8
6568.75170731545 12.63 2.8
6571.58136272431 12.61 2.8
6574.41101813317 12.61 2.8
6577.24067354203 12.58 2.8
6580.07032895088 12.55 2.8
6582.89998435975 12.56 2.8
6585.7296397686 12.55 2.8
6588.55929517746 12.54 2.8
6591.38895058632 12.53 2.8
6594.21860599518 12.52 2.8
6597.04826140404 12.52 2.8
6599.8779168129 12.50 2.8
6602.70757222176 12.51 2.8
6605.53722763062 12.52 2.8
6608.36688303948 12.52 2.8
6611.19653844834 12.49 2.8
6614.0261938572 12.52 2.8
6616.85584926606 12.49 2.8
6619.68550467492 12.48 2.8
6622.51516008377 12.51 2.8
6625.34481549263 12.48 2.8
6628.17447090149 12.51 2.8
6631.00412631035 12.50 2.8
6633.83378171921 12.51 2.8
6636.66343712807 12.50 2.8
6639.49309253693 12.50 2.8
6642.32274794579 12.51 2.8
6645.15240335465 12.49 2.8
6647.98205876351 12.50 2.8
6650.81171417237 12.49 2.8
6653.64136958123 12.51 2.8
6656.47102499009 12.50 2.8
6659.30068039894 12.48 2.8
6662.1303358078 12.49 2.8
6664.95999121666 12.50 2.8
6667.78964662552 12.49 2.8
6670.61930203438 12.48 2.8
6673.44895744324 12.48 2.8
6676.2786128521 12.50 2.8
6679.10826826096 12.50 2.8
6681.93792366982 12.49 2.8
6684.76757907868 12.49 2.8
6687.59723448754 12.48 2.8
6690.4268898964 12.50 2.8
6693.25654530526 12.50 2.8
6696.08620071412 12.49 2.8
6698.91585612298 12.50 2.8
6701.74551153183 12.50 2.8
6704.57516694069 12.48 2.8
6707.40482234955 12.47 2.8
6710.23447775841 12.48 2.8
6713.06413316727 12.49 2.8
6715.89378857613 12.50 2.8
6718.72344398499 12.49 2.8
6721.55309939385 12.49 2.8
6724.38275480271 12.47 2.8
6727.21241021157 12.48 2.8
6730.04206562043 12.47 2.8
6732.87172102929 12.49 2.8
6735.70137643814 12.47 2.8
6738.531031847 12.46 2.8
6741.36068725586 12.46 2.8
6744.19034266472 12.46 2.8
6747.01999807358 12.48 2.8
6749.84965348244 12.48 2.8
6752.6793088913 12.46 2.8
6755.50896430016 12.45 2.8
6758.33861970902 12.47 2.8
6761.16827511788 12.47 2.8
6763.99793052674 12.47 2.8
6766.8275859356 12.48 2.8
6769.65724134446 12.46 2.8
6772.48689675331 12.46 2.8
6775.31655216217 12.45 2.8
6778.14620757103 12.45 2.8
6780.97586297989 12.46 2.8
6783.80551838875 12.46 2.8
6786.63517379761 12.45 2.8
6789.46482920647 12.46 2.8
6792.29448461533 12.46 2.8
6795.12414002419 12.46 2.8
6797.95379543305 12.46 2.8
6800.78345084191 12.43 2.8
6803.61310625077 12.45 2.8
6806.44276165963 12.45 2.8
6809.27241706848 12.45 2.8
6812.10207247734 12.44 2.8
6814.9317278862 12.45 2.8
6817.76138329506 12.45 2.8
6820.59103870392 12.45 2.8
6823.42069411278 12.45 2.8
6826.25034952164 12.46 2.8
6829.0800049305 12.46 2.8
6831.90966033936 12.45 2.8
6834.73931574822 12.45 2.8
6837.56897115708 12.45 2.8
6840.39862656594 12.46 2.8
6843.2282819748 12.47 2.8
6846.05793738366 12.47 2.8
6848.88759279251 12.47 2.8
6851.71724820137 12.51 2.8
6854.54690361023 12.53 2.8
6857.37655901909 12.54 2.8
6860.20621442795 12.54 2.8
6863.03586983681 12.55 2.8
6865.86552524567 12.59 2.8
6868.69518065453 12.58 2.8
6871.52483606339 12.57 2.8
6874.35449147225 12.57 2.8
6877.18414688111 12.55 2.8
6880.01380228997 12.55 2.8
6882.84345769883 12.56 2.8
6885.67311310769 12.55 2.8
6888.50276851654 12.54 2.8
6891.3324239254 12.54 2.8
6894.16207933426 12.52 2.8
6896.99173474312 12.50 2.8
6899.82139015198 12.48 2.8
6902.65104556084 12.49 2.8
6905.4807009697 12.49 2.8
6908.31035637856 12.47 2.8
6911.14001178742 12.47 2.8
6913.96966719628 12.47 2.8
6916.79932260514 12.49 2.8
6919.62897801399 12.47 2.8
6922.45863342285 12.47 2.8
6925.28828883172 12.50 2.8
6928.11794424057 12.46 2.8
6930.94759964943 12.47 2.8
6933.77725505829 12.45 2.8
6936.60691046715 12.45 2.8
6939.43656587601 12.44 2.8
6942.26622128487 12.45 2.8
6945.09587669373 12.45 2.8
6947.92553210259 12.44 2.8
6950.75518751145 12.46 2.8
6953.58484292031 12.44 2.8
6956.41449832917 12.42 2.8
6959.24415373803 12.43 2.8
6962.07380914688 12.44 2.8
6964.90346455574 12.43 2.8
6967.7331199646 12.43 2.8
6970.56277537346 12.43 2.8
6973.39243078232 12.43 2.8
6976.22208619118 12.44 2.8
6979.05174160004 12.43 2.8
6981.8813970089 12.44 2.8
6984.71105241776 12.43 2.8
6987.54070782662 12.43 2.8
6990.37036323548 12.43 2.8
6993.20001864434 12.44 2.8
6996.0296740532 12.43 2.8
6998.85932946206 12.44 2.8
7001.68898487091 12.42 2.8
7004.51864027977 12.44 2.8
7007.34829568863 12.44 2.8
7010.17795109749 12.45 2.8
7013.00760650635 12.44 2.8
7015.83726191521 12.43 2.8
7018.66691732407 12.43 2.8
7021.49657273293 12.43 2.8
7024.32622814179 12.43 2.8
7027.15588355065 12.42 2.8
7029.98553895951 12.42 2.8
7032.81519436837 12.44 2.8
7035.64484977723 12.42 2.8
7038.47450518609 12.43 2.8
7041.30416059494 12.42 2.8
7044.1338160038 12.42 2.8
7046.96347141266 12.41 2.8
7049.79312682152 12.41 2.8
7052.62278223038 12.43 2.8
7055.45243763924 12.41 2.8
7058.2820930481 12.41 2.8
7061.11174845696 12.39 2.8
7063.94140386582 12.42 2.8
7066.77105927468 12.42 2.8
7069.60071468354 12.41 2.8
7072.4303700924 12.41 2.8
7075.26002550125 12.41 2.8
7078.08968091011 12.40 2.8
7080.91933631897 12.41 2.8
7083.74899172783 12.43 2.8
7086.57864713669 12.42 2.8
7089.40830254555 12.40 2.8
7092.23795795441 12.40 2.8
7095.06761336327 12.40 2.8
7097.89726877213 12.41 2.8
7100.72692418099 12.42 2.8
7103.55657958985 12.42 2.8
7106.38623499871 12.39 2.8
7109.21589040757 12.42 2.8
7112.04554581643 12.42 2.8
7114.87520122528 12.40 2.8
7117.70485663414 12.43 2.8
7120.534512043 12.43 2.8
7123.36416745186 12.41 2.8
7126.19382286072 12.43 2.8
7129.02347826958 12.41 2.8
7131.85313367844 12.41 2.8
7134.6827890873 12.41 2.8
7137.51244449616 12.40 2.8
7140.34209990502 12.41 2.8
7143.17175531388 12.40 2.8
7146.00141072274 12.43 2.8
7148.8310661316 12.44 2.8
7151.66072154046 12.45 2.8
7154.49037694931 12.42 2.8
7157.32003235817 12.46 2.8
7160.14968776703 12.47 2.8
7162.97934317589 12.47 2.8
7165.80899858475 12.50 2.8
7168.63865399361 12.50 2.8
7171.46830940247 12.50 2.8
7174.29796481133 12.51 2.8
7177.12762022019 12.53 2.8
7179.95727562905 12.51 2.8
7182.78693103791 12.52 2.8
7185.61658644677 12.53 2.8
7188.44624185562 12.53 2.8
7191.27589726448 12.53 2.8
7194.10555267335 12.52 2.8
7196.9352080822 12.51 2.8
7199.76486349106 12.49 2.8
7202.59451889992 12.49 2.8
7205.42417430878 12.49 2.8
7208.25382971764 12.47 2.8
7211.0834851265 12.45 2.8
7213.91314053536 12.47 2.8
7216.74279594422 12.48 2.8
7219.57245135308 12.47 2.8
7222.40210676194 12.47 2.8
7225.2317621708 12.49 2.8
7228.06141757966 12.48 2.8
7230.89107298851 12.49 2.8
7233.72072839737 12.49 2.8
7236.55038380623 12.46 2.8
7239.38003921509 12.48 2.8
7242.20969462395 12.49 2.8
7245.03935003281 12.48 2.8
7247.86900544167 12.49 2.8
7250.69866085053 12.48 2.8
7253.52831625939 12.48 2.8
7256.35797166825 12.46 2.8
7259.18762707711 12.47 2.8
7262.01728248597 12.48 2.8
7264.84693789483 12.47 2.8
7267.67659330368 12.48 2.8
7270.50624871254 12.48 2.8
7273.3359041214 12.50 2.8
7276.16555953026 12.47 2.8
7278.99521493912 12.47 2.8
7281.82487034798 12.48 2.8
7284.65452575684 12.49 2.8
7287.4841811657 12.49 2.8
7290.31383657456 12.48 2.8
7293.14349198342 12.47 2.8
7295.97314739228 12.47 2.8
7298.80280280114 12.47 2.8
7301.63245821 12.47 2.8
7304.46211361885 12.46 2.8
7307.29176902771 12.45 2.8
7310.12142443657 12.46 2.8
7312.95107984543 12.44 2.8
7315.78073525429 12.46 2.8
7318.61039066315 12.44 2.8
7321.44004607201 12.44 2.8
7324.26970148087 12.45 2.8
7327.09935688973 12.43 2.8
7329.92901229859 12.41 2.8
7332.75866770745 12.41 2.8
7335.58832311631 12.43 2.8
7338.41797852516 12.43 2.8
7341.24763393403 12.44 2.8
7344.07728934288 12.44 2.8
7346.90694475174 12.44 2.8
7349.7366001606 12.44 2.8
7352.56625556946 12.44 2.8
7355.39591097832 12.44 2.8
7358.22556638718 12.44 2.8
7361.05522179604 12.44 2.8
7363.8848772049 12.42 2.8
7366.71453261376 12.43 2.8
7369.54418802262 12.42 2.8
7372.37384343148 12.43 2.8
7375.20349884034 12.44 2.8
7378.0331542492 12.41 2.8
7380.86280965805 12.41 2.8
7383.69246506691 12.42 2.8
7386.52212047577 12.42 2.8
7389.35177588463 12.43 2.8
7392.18143129349 12.45 2.8
7395.01108670235 12.44 2.8
7397.84074211121 12.45 2.8
7400.67039752007 12.45 2.8
7403.50005292893 12.43 2.8
7406.32970833779 12.43 2.8
7409.15936374665 12.42 2.8
7411.98901915551 12.44 2.8
7414.81867456436 12.40 2.8
7417.64832997322 12.40 2.8
7420.47798538208 12.42 2.8
7423.30764079094 12.42 2.8
7426.1372961998 12.42 2.8
7428.96695160866 12.40 2.8
7431.79660701752 12.40 2.8
7434.62626242638 12.39 2.8
7437.45591783524 12.40 2.8
7440.2855732441 12.42 2.8
7443.11522865296 12.39 2.8
7445.94488406182 12.40 2.8
7448.77453947068 12.41 2.8
7451.60419487953 12.41 2.8
7454.43385028839 12.41 2.8
7457.26350569725 12.39 2.8
7460.09316110611 12.40 2.8
7462.92281651497 12.41 2.8
7465.75247192383 12.40 2.8
7468.58212733269 12.40 2.8
7471.41178274155 12.41 2.8
7474.24143815041 12.41 2.8
7477.07109355927 12.42 2.8
7479.90074896813 12.40 2.8
7482.73040437699 12.39 2.8
7485.56005978585 12.43 2.8
7488.38971519471 12.41 2.8
7491.21937060357 12.40 2.8
7494.04902601242 12.41 2.8
7496.87868142128 12.42 2.8
7499.70833683014 12.41 2.8
7502.537992239 12.42 2.8
7505.36764764786 12.41 2.8
7508.19730305672 12.41 2.8
7511.02695846558 12.41 2.8
7513.85661387444 12.40 2.8
7516.6862692833 12.41 2.8
7519.51592469216 12.43 2.8
7522.34558010102 12.41 2.8
7525.17523550988 12.39 2.8
7528.00489091874 12.42 2.8
7530.83454632759 12.40 2.8
7533.66420173645 12.40 2.8
7536.49385714531 12.41 2.8
7539.32351255417 12.39 2.8
7542.15316796303 12.40 2.8
7544.98282337189 12.41 2.8
7547.81247878075 12.41 2.8
7550.64213418961 12.40 2.8
7553.47178959847 12.40 2.8
7556.30144500733 12.41 2.8
7559.13110041619 12.41 2.8
7561.96075582505 12.40 2.8
7564.79041123391 12.41 2.8
7567.62006664277 12.42 2.8
7570.44972205162 12.43 2.8
7573.27937746048 12.46 2.8
7576.10903286934 12.52 2.8
7578.9386882782 12.56 2.8
7581.76834368706 12.62 2.8
7584.59799909592 12.72 2.8
7587.42765450478 12.81 2.8
7590.25730991364 12.90 2.8
7593.0869653225 12.99 2.8
7595.91662073136 13.04 2.8
7598.74627614022 13.07 2.8
7601.57593154908 13.09 2.8
7604.40558695794 13.09 2.8
7607.23524236679 13.02 2.8
7610.06489777565 13.00 2.8
7612.89455318451 13.03 2.8
7615.72420859337 12.95 2.8
7618.55386400223 12.95 2.8
7621.38351941109 12.94 2.8
7624.21317481995 12.93 2.8
7627.04283022881 12.90 2.8
7629.87248563767 12.86 2.8
7632.70214104653 12.84 2.8
7635.53179645539 12.79 2.8
7638.36145186425 12.76 2.8
7641.1911072731 12.75 2.8
7644.02076268197 12.72 2.8
7646.85041809082 12.67 2.8
7649.68007349968 12.61 2.8
7652.50972890854 12.59 2.8
7655.3393843174 12.56 2.8
7658.16903972626 12.55 2.8
7660.99869513512 12.52 2.8
7663.82835054398 12.49 2.8
7666.65800595284 12.47 2.8
7669.4876613617 12.46 2.8
7672.31731677056 12.47 2.8
7675.14697217942 12.45 2.8
7677.97662758828 12.43 2.8
7680.80628299713 12.41 2.8
7683.63593840599 12.41 2.8
7686.46559381485 12.43 2.8
7689.29524922371 12.41 2.8
7692.12490463257 12.42 2.8
7694.95456004143 12.41 2.8
7697.78421545029 12.43 2.8
7700.61387085915 12.41 2.8
7703.44352626801 12.39 2.8
7706.27318167687 12.39 2.8
7709.10283708573 12.41 2.8
7711.93249249459 12.40 2.8
7714.76214790345 12.40 2.8
7717.59180331231 12.40 2.8
7720.42145872116 12.39 2.8
7723.25111413002 12.39 2.8
7726.08076953888 12.38 2.8
7728.91042494774 12.39 2.8
7731.7400803566 12.40 2.8
7734.56973576546 12.37 2.8
7737.39939117432 12.39 2.8
7740.22904658318 12.38 2.8
7743.05870199204 12.37 2.8
7745.8883574009 12.37 2.8
7748.71801280976 12.38 2.8
7751.54766821862 12.36 2.8
7754.37732362748 12.38 2.8
7757.20697903634 12.39 2.8
7760.03663444519 12.37 2.8
7762.86628985405 12.39 2.8
7765.69594526291 12.39 2.8
7768.52560067177 12.39 2.8
7771.35525608063 12.37 2.8
7774.18491148949 12.36 2.8
7777.01456689835 12.37 2.8
7779.84422230721 12.36 2.8
7782.67387771607 12.39 2.8
7785.50353312493 12.38 2.8
7788.33318853379 12.35 2.8
7791.16284394265 12.36 2.8
7793.99249935151 12.37 2.8
7796.82215476036 12.36 2.8
7799.65181016922 12.36 2.8
7802.48146557808 12.34 2.8
7805.31112098694 12.38 2.8
7808.1407763958 12.35 2.8
7810.97043180466 12.36 2.8
7813.80008721352 12.34 2.8
7816.62974262238 12.35 2.8
7819.45939803124 12.36 2.8
7822.2890534401 12.35 2.8
7825.11870884896 12.33 2.8
7827.94836425782 12.35 2.8
7830.77801966668 12.37 2.8
7833.60767507554 12.34 2.8
7836.4373304844 12.35 2.8
7839.26698589325 12.34 2.8
7842.09664130211 12.34 2.8
7844.92629671097 12.35 2.8
7847.75595211983 12.36 2.8
7850.58560752869 12.34 2.8
7853.41526293755 12.37 2.8
7856.24491834641 12.35 2.8
7859.07457375527 12.32 2.8
7861.90422916413 12.34 2.8
7864.73388457299 12.35 2.8
7867.56353998185 12.35 2.8
7870.39319539071 12.35 2.8
7873.22285079956 12.33 2.8
7876.05250620842 12.35 2.8
7878.88216161729 12.35 2.8
7881.71181702614 12.35 2.8
7884.541472435 12.34 2.8
7887.37112784386 12.31 2.8
7890.20078325272 12.35 2.8
7893.03043866158 12.33 2.8
7895.86009407044 12.34 2.8
7898.6897494793 12.36 2.8
7901.51940488816 12.35 2.8
7904.34906029702 12.37 2.8
7907.17871570588 12.33 2.8
7910.00837111474 12.35 2.8
7912.8380265236 12.33 2.8
7915.66768193245 12.35 2.8
7918.49733734131 12.34 2.8
7921.32699275017 12.35 2.8
7924.15664815903 12.35 2.8
7926.98630356789 12.35 2.8
7929.81595897675 12.34 2.8
7932.64561438561 12.33 2.8
7935.47526979447 12.35 2.8
7938.30492520333 12.35 2.8
7941.13458061219 12.33 2.8
7943.96423602105 12.34 2.8
7946.79389142991 12.34 2.8
7949.62354683877 12.33 2.8
7952.45320224762 12.33 2.8
7955.28285765648 12.33 2.8
7958.11251306534 12.32 2.8
7960.9421684742 12.32 2.8
7963.77182388306 12.31 2.8
7966.60147929192 12.29 2.8
7969.43113470078 12.30 2.8
7972.26079010964 12.32 2.8
7975.0904455185 12.31 2.8
7977.92010092736 12.30 2.8
7980.74975633622 12.31 2.8
7983.57941174508 12.31 2.8
7986.40906715394 12.32 2.8
7989.23872256279 12.30 2.8
7992.06837797165 12.31 2.8
7994.89803338051 12.32 2.8
7997.72768878937 12.31 2.8
8000.55734419823 12.32 2.8
8003.38699960709 12.31 2.8
8006.21665501595 12.30 2.8
8009.04631042481 12.33 2.8
8011.87596583367 12.31 2.8
8014.70562124253 12.31 2.8
8017.53527665139 12.28 2.8
8020.36493206025 12.30 2.8
8023.1945874691 12.34 2.8
8026.02424287796 12.33 2.8
8028.85389828682 12.30 2.8
8031.68355369568 12.30 2.8
8034.51320910454 12.33 2.8
8037.3428645134 12.34 2.8
8040.17251992226 12.34 2.8
8043.00217533112 12.32 2.8
8045.83183073998 12.33 2.8
8048.66148614884 12.30 2.8
8051.4911415577 12.30 2.8
8054.32079696656 12.29 2.8
8057.15045237542 12.31 2.8
8059.98010778428 12.30 2.8
8062.80976319314 12.29 2.8
8065.63941860199 12.31 2.8
8068.46907401085 12.26 2.8
8071.29872941971 12.29 2.8
8074.12838482857 12.30 2.8
8076.95804023743 12.29 2.8
8079.78769564629 12.32 2.8
8082.61735105515 12.30 2.8
8085.44700646401 12.31 2.8
8088.27666187287 12.31 2.8
8091.10631728173 12.31 2.8
8093.93597269059 12.32 2.8
8096.76562809945 12.32 2.8
8099.5952835083 12.31 2.8
8102.42493891716 12.31 2.8
8105.25459432602 12.31 2.8
8108.08424973488 12.31 2.8
8110.91390514374 12.31 2.8
8113.7435605526 12.33 2.8
8116.57321596146 12.32 2.8
8119.40287137032 12.34 2.8
8122.23252677918 12.33 2.8
8125.06218218804 12.32 2.8
8127.8918375969 12.35 2.8
8130.72149300576 12.34 2.8
8133.55114841462 12.35 2.8
8136.38080382347 12.38 2.8
8139.21045923233 12.36 2.8
8142.04011464119 12.37 2.8
8144.86977005005 12.35 2.8
8147.69942545891 12.38 2.8
8150.52908086777 12.40 2.8
8153.35873627663 12.42 2.8
8156.18839168549 12.42 2.8
8159.01804709435 12.40 2.8
8161.84770250321 12.42 2.8
8164.67735791207 12.41 2.8
8167.50701332093 12.42 2.8
8170.33666872979 12.41 2.8
8173.16632413865 12.40 2.8
8175.99597954751 12.41 2.8
8178.82563495636 12.40 2.8
8181.65529036522 12.39 2.8
8184.48494577408 12.37 2.8
8187.31460118294 12.35 2.8
8190.1442565918 12.36 2.8
8192.97391200066 12.38 2.8
8195.80356740952 12.36 2.8
8198.63322281838 12.37 2.8
8201.46287822724 12.36 2.8
8204.2925336361 12.37 2.8
8207.12218904496 12.38 2.8
8209.95184445382 12.39 2.8
8212.78149986268 12.40 2.8
8215.61115527153 12.40 2.8
8218.44081068039 12.40 2.8
8221.27046608925 12.38 2.8
8224.10012149811 12.42 2.8
8226.92977690697 12.42 2.8
8229.75943231583 12.39 2.8
8232.58908772469 12.38 2.8
8235.41874313355 12.37 2.8
8238.24839854241 12.35 2.8
8241.07805395127 12.35 2.8
8243.90770936013 12.34 2.8
8246.73736476899 12.33 2.8
8249.56702017784 12.32 2.8
8252.3966755867 12.34 2.8
8255.22633099556 12.35 2.8
8258.05598640442 12.34 2.8
8260.88564181328 12.36 2.8
8263.71529722214 12.36 2.8
8266.544952631 12.37 2.8
8269.37460803986 12.38 2.8
8272.20426344872 12.36 2.8
8275.03391885758 12.34 2.8
8277.86357426644 12.36 2.8
8280.6932296753 12.36 2.8
8283.52288508416 12.38 2.8
8286.35254049302 12.37 2.8
8289.18219590187 12.35 2.8
8292.01185131073 12.37 2.8
8294.84150671959 12.36 2.8
8297.67116212845 12.36 2.8
8300.50081753731 12.38 2.8
8303.33047294617 12.37 2.8
8306.16012835503 12.36 2.8
8308.98978376389 12.36 2.8
8311.81943917275 12.34 2.8
8314.64909458161 12.33 2.8
8317.47874999047 12.38 2.8
8320.30840539933 12.36 2.8
8323.13806080819 12.37 2.8
8325.96771621705 12.38 2.8
8328.7973716259 12.34 2.8
8331.62702703476 12.35 2.8
8334.45668244362 12.35 2.8
8337.28633785248 12.35 2.8
8340.11599326134 12.36 2.8
8342.9456486702 12.36 2.8
8345.77530407906 12.34 2.8
8348.60495948792 12.33 2.8
8351.43461489678 12.33 2.8
8354.26427030564 12.33 2.8
8357.0939257145 12.32 2.8
8359.92358112336 12.31 2.8
8362.75323653221 12.35 2.8
8365.58289194107 12.34 2.8
8368.41254734993 12.35 2.8
8371.24220275879 12.36 2.8
8374.07185816765 12.34 2.8
8376.90151357651 12.36 2.8
8379.73116898537 12.36 2.8
8382.56082439423 12.31 2.8
8385.39047980309 12.31 2.8
8388.22013521195 12.37 2.8
8391.04979062081 12.33 2.8
8393.87944602967 12.35 2.8
8396.70910143853 12.35 2.8
8399.53875684738 12.35 2.8
8402.36841225624 12.36 2.8
8405.1980676651 12.36 2.8
8408.02772307396 12.36 2.8
8410.85737848282 12.36 2.8
8413.68703389168 12.34 2.8
8416.51668930054 12.35 2.8
8419.3463447094 12.35 2.8
8422.17600011826 12.37 2.8
8425.00565552712 12.37 2.8
8427.83531093598 12.35 2.8
8430.66496634484 12.35 2.8
8433.4946217537 12.36 2.8
8436.32427716256 12.37 2.8
8439.15393257142 12.39 2.8
8441.98358798027 12.36 2.8
8444.81324338913 12.39 2.8
8447.64289879799 12.38 2.8
8450.47255420685 12.37 2.8
8453.30220961571 12.38 2.8
8456.13186502457 12.39 2.8
8458.96152043343 12.40 2.8
8461.79117584229 12.39 2.8
8464.62083125115 12.39 2.8
8467.45048666001 12.40 2.8
8470.28014206887 12.39 2.8
8473.10979747773 12.38 2.8
8475.93945288658 12.41 2.8
8478.76910829544 12.43 2.8
8481.5987637043 12.39 2.8
8484.42841911316 12.40 2.8
8487.25807452202 12.45 2.8
8490.08772993088 12.46 2.8
8492.91738533974 12.43 2.8
8495.7470407486 12.47 2.8
8498.57669615746 12.46 2.8
8501.40635156632 12.44 2.8
8504.23600697518 12.45 2.8
8507.06566238404 12.44 2.8
8509.8953177929 12.44 2.8
8512.72497320175 12.44 2.8
8515.55462861061 12.44 2.8
8518.38428401947 12.45 2.8
8521.21393942833 12.46 2.8
8524.04359483719 12.48 2.8
8526.87325024605 12.47 2.8
8529.70290565491 12.48 2.8
8532.53256106377 12.52 2.8
8535.36221647263 12.54 2.8
8538.19187188149 12.53 2.8
8541.02152729035 12.51 2.8
8543.85118269921 12.49 2.8
8546.68083810807 12.46 2.8
8549.51049351693 12.44 2.8
8552.34014892578 12.46 2.8
8555.16980433464 12.45 2.8
8557.9994597435 12.43 2.8
8560.82911515236 12.43 2.8
8563.65877056122 12.44 2.8
8566.48842597008 12.44 2.8
8569.31808137894 12.40 2.8
8572.1477367878 12.43 2.8
8574.97739219666 12.43 2.8
8577.80704760552 12.44 2.8
8580.63670301438 12.43 2.8
8583.46635842324 12.43 2.8
8586.2960138321 12.45 2.8
8589.12566924095 12.45 2.8
8591.95532464981 12.45 2.8
8594.78498005867 12.45 2.8
8597.61463546753 12.44 2.8
8600.44429087639 12.45 2.8
8603.27394628525 12.46 2.8
8606.10360169411 12.44 2.8
8608.93325710297 12.43 2.8
8611.76291251183 12.44 2.8
8614.59256792069 12.43 2.8
8617.42222332955 12.47 2.8
8620.25187873841 12.44 2.8
8623.08153414727 12.45 2.8
8625.91118955612 12.42 2.8
8628.74084496498 12.45 2.8
8631.57050037384 12.47 2.8
8634.4001557827 12.45 2.8
8637.22981119156 12.45 2.8
8640.05946660042 12.46 2.8
8642.88912200928 12.49 2.8
8645.71877741814 12.51 2.8
8648.548432827 12.51 2.8
8651.37808823586 12.56 2.8
8654.20774364472 12.56 2.8
8657.03739905358 12.55 2.8
8659.86705446244 12.54 2.8
8662.69670987129 12.52 2.8
8665.52636528015 12.51 2.8
8668.35602068901 12.50 2.8
8671.18567609787 12.50 2.8
8674.01533150673 12.47 2.8
8676.84498691559 12.45 2.8
8679.67464232445 12.48 2.8
8682.50429773331 12.48 2.8
8685.33395314217 12.45 2.8
8688.16360855103 12.46 2.8
8690.99326395989 12.43 2.8
8693.82291936875 12.43 2.8
8696.65257477761 12.43 2.8
8699.48223018647 12.44 2.8
8702.31188559533 12.47 2.8
8705.14154100419 12.46 2.8
8707.97119641304 12.43 2.8
8710.8008518219 12.46 2.8
8713.63050723076 12.45 2.8
8716.46016263962 12.45 2.8
8719.28981804848 12.45 2.8
8722.11947345734 12.45 2.8
8724.9491288662 12.45 2.8
8727.77878427506 12.44 2.8
8730.60843968392 12.44 2.8
8733.43809509278 12.44 2.8
8736.26775050164 12.44 2.8
8739.0974059105 12.43 2.8
8741.92706131936 12.43 2.8
8744.75671672821 12.43 2.8
