 3125.9714 11.570  2.1
 3128.0537 11.550  2.1
 3130.1359 11.564  2.1
 3132.2182 11.581  2.1
 3134.3005 11.575  2.1
 3136.3828 11.554  2.1
 3138.4650 11.522  2.1
 3140.5473 11.510  2.1
 3142.6296 11.524  2.1
 3144.7118 11.520  2.1
 3146.7941 11.474  2.1
 3148.8764 11.450  2.1
 3150.9587 11.454  2.1
 3153.0409 11.444  2.1
 3155.1232 11.433  2.1
 3157.2055 11.431  2.1
 3159.2877 11.427  2.1
 3161.3700 11.398  2.1
 3163.4523 11.352  2.1
 3165.5345 11.327  2.1
 3167.6168 11.330  2.1
 3169.6991 11.366  2.1
 3171.7814 11.414  2.1
 3173.8636 11.430  2.1
 3175.9459 11.440  2.1
 3178.0282 11.456  2.1
 3180.1104 11.454  2.1
 3182.1927 11.440  2.1
 3184.2750 11.418  2.1
 3186.3573 11.388  2.1
 3188.4395 11.342  2.1
 3190.5218 11.330  2.1
 3192.6041 11.330  2.1
 3194.6863 11.336  2.1
 3196.7686 11.348  2.1
 3198.8509 11.361  2.1
 3200.9332 11.354  2.1
 3203.0154 11.340  2.1
 3205.0977 11.342  2.1
 3207.1800 11.375  2.1
 3209.2622 11.393  2.1
 3211.3445 11.391  2.1
 3213.4268 11.366  2.1
 3215.5090 11.373  2.1
 3217.5913 11.408  2.1
 3219.6736 11.430  2.1
 3221.7559 11.419  2.1
 3223.8381 11.376  2.1
 3225.9204 11.370  2.1
 3228.0027 11.382  2.1
 3230.0849 11.386  2.1
 3232.1672 11.318  2.1
 3234.2495 11.330  2.1
 3236.3318 11.349  2.1
 3238.4140 11.357  2.1
 3240.4963 11.339  2.1
 3242.5786 11.343  2.1
 3244.6608 11.366  2.1
 3246.7431 11.383  2.1
 3248.8254 11.366  2.1
 3250.9077 11.390  2.1
 3252.9899 11.409  2.1
 3255.0722 11.417  2.1
 3257.1545 11.413  2.1
 3259.2367 11.435  2.1
 3261.3190 11.441  2.1
 3263.4013 11.423  2.1
 3265.4836 11.390  2.1
 3267.5658 11.396  2.1
 3269.6481 11.404  2.1
 3271.7304 11.405  2.1
 3273.8126 11.405  2.1
 3275.8949 11.429  2.1
 3277.9772 11.455  2.1
 3280.0594 11.447  2.1
 3282.1417 11.416  2.1
 3284.2240 11.389  2.1
 3286.3063 11.368  2.1
 3288.3885 11.362  2.1
 3290.4708 11.365  2.1
 3292.5531 11.370  2.1
 3294.6353 11.361  2.1
 3296.7176 11.367  2.1
 3298.7999 11.369  2.1
 3300.8822 11.356  2.1
 3302.9644 11.339  2.1
 3305.0467 11.333  2.1
 3307.1290 11.339  2.1
 3309.2112 11.352  2.1
 3311.2935 11.366  2.1
 3313.3758 11.339  2.1
 3315.4581 11.327  2.1
 3317.5403 11.341  2.1
 3319.6226 11.377  2.1
 3321.7049 11.401  2.1
 3323.7871 11.387  2.1
 3325.8694 11.351  2.1
 3327.9517 11.319  2.1
 3330.0339 11.366  2.1
 3332.1162 11.396  2.1
 3334.1985 11.398  2.1
 3336.2808 11.370  2.1
 3338.3630 11.389  2.1
 3340.4453 11.398  2.1
 3342.5276 11.395  2.1
 3344.6098 11.380  2.1
 3346.6921 11.366  2.1
 3348.7744 11.336  2.1
 3350.8567 11.297  2.1
 3352.9389 11.271  2.1
 3355.0212 11.312  2.1
 3357.1035 11.344  2.1
 3359.1857 11.348  2.1
 3361.2680 11.338  2.1
 3363.3503 11.342  2.1
 3365.4326 11.360  2.1
 3367.5148 11.367  2.1
 3369.5971 11.366  2.1
 3371.6794 11.356  2.1
 3373.7616 11.334  2.1
 3375.8439 11.322  2.1
 3377.9262 11.316  2.1
 3380.0084 11.313  2.1
 3382.0907 11.330  2.1
 3384.1730 11.346  2.1
 3386.2553 11.352  2.1
 3388.3375 11.350  2.1
 3390.4198 11.352  2.1
 3392.5021 11.373  2.1
 3394.5843 11.370  2.1
 3396.6666 11.349  2.1
 3398.7489 11.352  2.1
 3400.8312 11.371  2.1
 3402.9134 11.369  2.1
 3404.9957 11.347  2.1
 3407.0780 11.313  2.1
 3409.1602 11.319  2.1
 3411.2425 11.328  2.1
 3413.3248 11.342  2.1
 3415.4071 11.359  2.1
 3417.4893 11.328  2.1
 3419.5716 11.314  2.1
 3421.6539 11.317  2.1
 3423.7361 11.334  2.1
 3425.8184 11.338  2.1
 3427.9007 11.345  2.1
 3429.9830 11.366  2.1
 3432.0652 11.392  2.1
 3434.1475 11.379  2.1
 3436.2298 11.374  2.1
 3438.3120 11.385  2.1
 3440.3943 11.402  2.1
 3442.4766 11.405  2.1
 3444.5588 11.413  2.1
 3446.6411 11.432  2.1
 3448.7234 11.453  2.1
 3450.8057 11.467  2.1
 3452.8879 11.390  2.1
 3454.9702 11.361  2.1
 3457.0525 11.361  2.1
 3459.1347 11.374  2.1
 3461.2170 11.395  2.1
 3463.2993 11.437  2.1
 3465.3816 11.471  2.1
 3467.4638 11.477  2.1
 3469.5461 11.440  2.1
 3471.6284 11.419  2.1
 3473.7106 11.432  2.1
 3475.7929 11.467  2.1
 3477.8752 11.467  2.1
 3479.9575 11.464  2.1
 3482.0397 11.460  2.1
 3484.1220 11.449  2.1
 3486.2043 11.416  2.1
 3488.2865 11.424  2.1
 3490.3688 11.422  2.1
 3492.4511 11.406  2.1
 3494.5333 11.377  2.1
 3496.6156 11.384  2.1
 3498.6979 11.400  2.1
 3500.7802 11.408  2.1
 3502.8624 11.398  2.1
 3504.9447 11.391  2.1
 3507.0270 11.428  2.1
 3509.1092 11.453  2.1
 3511.1915 11.445  2.1
 3513.2738 11.400  2.1
 3515.3561 11.392  2.1
 3517.4383 11.391  2.1
 3519.5206 11.384  2.1
 3521.6029 11.354  2.1
 3523.6851 11.323  2.1
 3525.7674 11.326  2.1
 3527.8497 11.350  2.1
 3529.9320 11.375  2.1
 3532.0142 11.390  2.1
 3534.0965 11.405  2.1
 3536.1788 11.412  2.1
 3538.2610 11.406  2.1
 3540.3433 11.399  2.1
 3542.4256 11.400  2.1
 3544.5079 11.404  2.1
 3546.5901 11.407  2.1
 3548.6724 11.382  2.1
 3550.7547 11.385  2.1
 3552.8369 11.385  2.1
 3554.9192 11.379  2.1
 3557.0015 11.390  2.1
 3559.0837 11.417  2.1
 3561.1660 11.433  2.1
 3563.2483 11.431  2.1
 3565.3306 11.408  2.1
 3567.4128 11.373  2.1
 3569.4951 11.376  2.1
 3571.5774 11.390  2.1
 3573.6596 11.384  2.1
 3575.7419 11.363  2.1
 3577.8242 11.376  2.1
 3579.9065 11.409  2.1
 3581.9887 11.447  2.1
 3584.0710 11.450  2.1
 3586.1533 11.422  2.1
 3588.2355 11.405  2.1
 3590.3178 11.406  2.1
 3592.4001 11.385  2.1
 3594.4824 11.375  2.1
 3596.5646 11.388  2.1
 3598.6469 11.412  2.1
 3600.7292 11.416  2.1
 3602.8114 11.438  2.1
 3604.8937 11.452  2.1
 3606.9760 11.456  2.1
 3609.0582 11.456  2.1
 3611.1405 11.468  2.1
 3613.2228 11.477  2.1
 3615.3051 11.475  2.1
 3617.3873 11.454  2.1
 3619.4696 11.414  2.1
 3621.5519 11.412  2.1
 3623.6341 11.425  2.1
 3625.7164 11.443  2.1
 3627.7987 11.471  2.1
 3629.8810 11.472  2.1
 3631.9632 11.452  2.1
 3634.0455 11.427  2.1
 3636.1278 11.441  2.1
 3638.2100 11.432  2.1
 3640.2923 11.432  2.1
 3642.3746 11.444  2.1
 3644.4569 11.462  2.1
 3646.5391 11.460  2.1
 3648.6214 11.471  2.1
 3650.7037 11.479  2.1
 3652.7859 11.463  2.1
 3654.8682 11.449  2.1
 3656.9505 11.438  2.1
 3659.0328 11.445  2.1
 3661.1150 11.473  2.1
 3663.1973 11.455  2.1
 3665.2796 11.415  2.1
 3667.3618 11.393  2.1
 3669.4441 11.407  2.1
 3671.5264 11.430  2.1
 3673.6086 11.487  2.1
 3675.6909 11.496  2.1
 3677.7732 11.456  2.1
 3679.8555 11.425  2.1
 3681.9377 11.436  2.1
 3684.0200 11.451  2.1
 3686.1023 11.466  2.1
 3688.1845 11.487  2.1
 3690.2668 11.445  2.1
 3692.3491 11.434  2.1
 3694.4314 11.445  2.1
 3696.5136 11.466  2.1
 3698.5959 11.464  2.1
 3700.6782 11.466  2.1
 3702.7604 11.457  2.1
 3704.8427 11.430  2.1
 3706.9250 11.418  2.1
 3709.0073 11.420  2.1
 3711.0895 11.424  2.1
 3713.1718 11.426  2.1
 3715.2541 11.440  2.1
 3717.3363 11.437  2.1
 3719.4186 11.441  2.1
 3721.5009 11.453  2.1
 3723.5831 11.470  2.1
 3725.6654 11.478  2.1
 3727.7477 11.489  2.1
 3729.8300 11.490  2.1
 3731.9122 11.464  2.1
 3733.9945 11.451  2.1
 3736.0768 11.456  2.1
 3738.1590 11.463  2.1
 3740.2413 11.459  2.1
 3742.3236 11.452  2.1
 3744.4059 11.462  2.1
 3746.4881 11.477  2.1
 3748.5704 11.489  2.1
 3750.6527 11.486  2.1
 3752.7349 11.494  2.1
 3754.8172 11.499  2.1
 3756.8995 11.493  2.1
 3758.9818 11.470  2.1
 3761.0640 11.452  2.1
 3763.1463 11.467  2.1
 3765.2286 11.503  2.1
 3767.3108 11.527  2.1
 3769.3931 11.484  2.1
 3771.4754 11.469  2.1
 3773.5576 11.469  2.1
 3775.6399 11.463  2.1
 3777.7222 11.450  2.1
 3779.8045 11.453  2.1
 3781.8867 11.457  2.1
 3783.9690 11.454  2.1
 3786.0513 11.461  2.1
 3788.1335 11.456  2.1
 3790.2158 11.457  2.1
 3792.2981 11.472  2.1
 3794.3804 11.506  2.1
 3796.4626 11.504  2.1
 3798.5449 11.497  2.1
 3800.6272 11.301  2.1
 3802.7094 11.331  2.1
 3804.7917 11.426  2.1
 3806.8740 11.503  2.1
 3808.9563 11.497  2.1
 3811.0385 11.452  2.1
 3813.1208 11.434  2.1
 3815.2031 11.453  2.1
 3817.2853 11.482  2.1
 3819.3676 11.476  2.1
 3821.4499 11.467  2.1
 3823.5322 11.480  2.1
 3825.6144 11.509  2.1
 3827.6967 11.513  2.1
 3829.7790 11.481  2.1
 3831.8612 11.447  2.1
 3833.9435 11.435  2.1
 3836.0258 11.474  2.1
 3838.1080 11.515  2.1
 3840.1903 11.531  2.1
 3842.2726 11.516  2.1
 3844.3549 11.487  2.1
 3846.4371 11.460  2.1
 3848.5194 11.448  2.1
 3850.6017 11.446  2.1
 3852.6839 11.447  2.1
 3854.7662 11.442  2.1
 3856.8485 11.436  2.1
 3858.9308 11.424  2.1
 3861.0130 11.400  2.1
 3863.0953 11.401  2.1
 3865.1776 11.420  2.1
 3867.2598 11.420  2.1
 3869.3421 11.407  2.1
 3871.4244 11.396  2.1
 3873.5067 11.439  2.1
 3875.5889 11.502  2.1
 3877.6712 11.567  2.1
 3879.7535 11.606  2.1
 3881.8357 11.623  2.1
 3883.9180 11.626  2.1
 3886.0003 11.627  2.1
 3888.0825 11.622  2.1
 3890.1648 11.595  2.1
 3892.2471 11.563  2.1
 3894.3294 11.497  2.1
 3896.4116 11.410  2.1
 3898.4939 11.359  2.1
 3900.5762 11.389  2.1
 3902.6584 11.433  2.1
 3904.7407 11.452  2.1
 3906.8230 11.443  2.1
 3908.9053 11.434  2.1
 3910.9875 11.431  2.1
 3913.0698 11.429  2.1
 3915.1521 11.430  2.1
 3917.2343 11.414  2.1
 3919.3166 11.410  2.1
 3921.3989 11.399  2.1
 3923.4812 11.383  2.1
 3925.5634 11.368  2.1
 3927.6457 11.364  2.1
 3929.7280 11.363  2.1
 3931.8102 11.377  2.1
 3933.8925 11.414  2.1
 3935.9748 11.444  2.1
 3938.0571 11.457  2.1
 3940.1393 11.460  2.1
 3942.2216 11.476  2.1
 3944.3039 11.496  2.1
 3946.3861 11.528  2.1
 3948.4684 11.534  2.1
 3950.5507 11.513  2.1
 3952.6329 11.494  2.1
 3954.7152 11.519  2.1
 3956.7975 11.573  2.1
 3958.8798 11.642  2.1
 3960.9620 11.703  2.1
 3963.0443 11.725  2.1
 3965.1266 11.731  2.1
 3967.2088 11.740  2.1
 3969.2911 11.766  2.1
 3971.3734 11.788  2.1
 3973.4557 11.797  2.1
 3975.5379 11.754  2.1
 3977.6202 11.669  2.1
 3979.7025 11.584  2.1
 3981.7847 11.546  2.1
 3983.8670 11.534  2.1
 3985.9493 11.515  2.1
 3988.0316 11.495  2.1
 3990.1138 11.468  2.1
 3992.1961 11.455  2.1
 3994.2784 11.445  2.1
 3996.3606 11.437  2.1
 3998.4429 11.408  2.1
 4000.5252 11.380  2.1
 4002.6074 11.362  2.1
 4004.6897 11.336  2.1
 4006.7720 11.302  2.1
 4008.8543 11.287  2.1
 4010.9365 11.281  2.1
 4013.0188 11.270  2.1
 4015.1011 11.262  2.1
 4017.1833 11.254  2.1
 4019.2656 11.255  2.1
 4021.3479 11.268  2.1
 4023.4302 11.294  2.1
 4025.5124 11.298  2.1
 4027.5947 11.273  2.1
 4029.6770 11.226  2.1
 4031.7592 11.192  2.1
 4033.8415 11.189  2.1
 4035.9238 11.209  2.1
 4038.0061 11.227  2.1
 4040.0883 11.225  2.1
 4042.1706 11.236  2.1
 4044.2529 11.254  2.1
 4046.3351 11.267  2.1
 4048.4174 11.263  2.1
 4050.4997 11.265  2.1
 4052.5820 11.262  2.1
 4054.6642 11.277  2.1
 4056.7465 11.308  2.1
 4058.8288 11.326  2.1
 4060.9110 11.318  2.1
 4062.9933 11.318  2.1
 4065.0756 11.325  2.1
 4067.1578 11.354  2.1
 4069.2401 11.398  2.1
 4071.3224 11.437  2.1
 4073.4047 11.460  2.1
 4075.4869 11.463  2.1
 4077.5692 11.475  2.1
 4079.6515 11.497  2.1
 4081.7337 11.532  2.1
 4083.8160 11.563  2.1
 4085.8983 11.600  2.1
 4087.9806 11.631  2.1
 4090.0628 11.652  2.1
 4092.1451 11.683  2.1
 4094.2274 11.751  2.1
 4096.3096 11.820  2.1
 4098.3919 11.864  2.1
 4100.4742 11.871  2.1
 4102.5565 11.848  2.1
 4104.6387 11.833  2.1
 4106.7210 11.819  2.1
 4108.8033 11.790  2.1
 4110.8855 11.734  2.1
 4112.9678 11.687  2.1
 4115.0501 11.648  2.1
 4117.1323 11.611  2.1
 4119.2146 11.577  2.1
 4121.2969 11.541  2.1
 4123.3792 11.500  2.1
 4125.4614 11.458  2.1
 4127.5437 11.437  2.1
 4129.6260 11.410  2.1
 4131.7082 11.390  2.1
 4133.7905 11.373  2.1
 4135.8728 11.358  2.1
 4137.9551 11.338  2.1
 4140.0373 11.345  2.1
 4142.1196 11.365  2.1
 4144.2019 11.368  2.1
 4146.2841 11.333  2.1
 4148.3664 11.293  2.1
 4150.4487 11.272  2.1
 4152.5310 11.269  2.1
 4154.6132 11.286  2.1
 4156.6955 11.305  2.1
 4158.7778 11.303  2.1
 4160.8600 11.281  2.1
 4162.9423 11.266  2.1
 4165.0246 11.253  2.1
 4167.1068 11.236  2.1
 4169.1891 11.218  2.1
 4171.2714 11.212  2.1
 4173.3537 11.208  2.1
 4175.4359 11.208  2.1
 4177.5182 11.210  2.1
 4179.6005 11.200  2.1
 4181.6827 11.193  2.1
 4183.7650 11.188  2.1
 4185.8473 11.193  2.1
 4187.9296 11.201  2.1
 4190.0118 11.210  2.1
 4192.0941 11.203  2.1
 4194.1764 11.200  2.1
 4196.2586 11.197  2.1
 4198.3409 11.194  2.1
 4200.4232 11.187  2.1
 4202.5055 11.190  2.1
 4204.5877 11.201  2.1
 4206.6700 11.208  2.1
 4208.7523 11.205  2.1
 4210.8345 11.206  2.1
 4212.9168 11.212  2.1
 4214.9991 11.201  2.1
 4217.0814 11.191  2.1
 4219.1636 11.195  2.1
 4221.2459 11.208  2.1
 4223.3282 11.214  2.1
 4225.4104 11.201  2.1
 4227.4927 11.192  2.1
 4229.5750 11.188  2.1
 4231.6572 11.195  2.1
 4233.7395 11.207  2.1
 4235.8218 11.210  2.1
 4237.9041 11.204  2.1
 4239.9863 11.198  2.1
 4242.0686 11.205  2.1
 4244.1509 11.228  2.1
 4246.2331 11.242  2.1
 4248.3154 11.237  2.1
 4250.3977 11.225  2.1
 4252.4800 11.246  2.1
 4254.5622 11.265  2.1
 4256.6445 11.271  2.1
 4258.7268 11.265  2.1
 4260.8090 11.267  2.1
 4262.8913 11.268  2.1
 4264.9736 11.273  2.1
 4267.0559 11.284  2.1
 4269.1381 11.299  2.1
 4271.2204 11.300  2.1
 4273.3027 11.290  2.1
 4275.3849 11.278  2.1
 4277.4672 11.274  2.1
 4279.5495 11.289  2.1
 4281.6317 11.306  2.1
 4283.7140 11.313  2.1
 4285.7963 11.303  2.1
 4287.8786 11.309  2.1
 4289.9608 11.324  2.1
 4292.0431 11.335  2.1
 4294.1254 11.343  2.1
 4296.2076 11.367  2.1
 4298.2899 11.391  2.1
 4300.3722 11.408  2.1
 4302.4545 11.422  2.1
 4304.5367 11.446  2.1
 4306.6190 11.472  2.1
 4308.7013 11.495  2.1
 4310.7835 11.515  2.1
 4312.8658 11.527  2.1
 4314.9481 11.541  2.1
 4317.0304 11.552  2.1
 4319.1126 11.571  2.1
 4321.1949 11.616  2.1
 4323.2772 11.674  2.1
 4325.3594 11.720  2.1
 4327.4417 11.755  2.1
 4329.5240 11.791  2.1
 4331.6063 11.841  2.1
 4333.6885 11.894  2.1
 4335.7708 11.940  2.1
 4337.8531 11.961  2.1
 4339.9353 11.948  2.1
 4342.0176 11.932  2.1
 4344.0999 11.921  2.1
 4346.1821 11.900  2.1
 4348.2644 11.848  2.1
 4350.3467 11.797  2.1
 4352.4290 11.749  2.1
 4354.5112 11.706  2.1
 4356.5935 11.659  2.1
 4358.6758 11.625  2.1
 4360.7580 11.590  2.1
 4362.8403 11.554  2.1
 4364.9226 11.531  2.1
 4367.0049 11.529  2.1
 4369.0871 11.520  2.1
 4371.1694 11.497  2.1
 4373.2517 11.471  2.1
 4375.3339 11.450  2.1
 4377.4162 11.434  2.1
 4379.4985 11.423  2.1
 4381.5808 11.416  2.1
 4383.6630 11.387  2.1
 4385.7453 11.366  2.1
 4387.8276 11.353  2.1
 4389.9098 11.348  2.1
 4391.9921 11.339  2.1
 4394.0744 11.344  2.1
 4396.1566 11.345  2.1
 4398.2389 11.340  2.1
 4400.3212 11.328  2.1
 4402.4035 11.315  2.1
 4404.4857 11.305  2.1
 4406.5680 11.302  2.1
 4408.6503 11.304  2.1
 4410.7325 11.300  2.1
 4412.8148 11.290  2.1
 4414.8971 11.279  2.1
 4416.9794 11.279  2.1
 4419.0616 11.270  2.1
 4421.1439 11.267  2.1
 4423.2262 11.271  2.1
 4425.3084 11.279  2.1
 4427.3907 11.265  2.1
 4429.4730 11.253  2.1
 4431.5553 11.249  2.1
 4433.6375 11.258  2.1
 4435.7198 11.273  2.1
 4437.8021 11.283  2.1
 4439.8843 11.285  2.1
 4441.9666 11.278  2.1
 4444.0489 11.273  2.1
 4446.1312 11.274  2.1
 4448.2134 11.277  2.1
 4450.2957 11.279  2.1
 4452.3780 11.281  2.1
 4454.4602 11.272  2.1
 4456.5425 11.265  2.1
 4458.6248 11.261  2.1
 4460.7070 11.257  2.1
 4462.7893 11.241  2.1
 4464.8716 11.239  2.1
 4466.9539 11.245  2.1
 4469.0361 11.240  2.1
 4471.1184 11.230  2.1
 4473.2007 11.244  2.1
 4475.2829 11.266  2.1
 4477.3652 11.282  2.1
 4479.4475 11.287  2.1
 4481.5298 11.281  2.1
 4483.6120 11.263  2.1
 4485.6943 11.244  2.1
 4487.7766 11.251  2.1
 4489.8588 11.260  2.1
 4491.9411 11.260  2.1
 4494.0234 11.254  2.1
 4496.1057 11.260  2.1
 4498.1879 11.263  2.1
 4500.2702 11.265  2.1
 4502.3525 11.271  2.1
 4504.4347 11.279  2.1
 4506.5170 11.268  2.1
 4508.5993 11.259  2.1
 4510.6815 11.258  2.1
 4512.7638 11.267  2.1
 4514.8461 11.285  2.1
 4516.9284 11.289  2.1
 4519.0106 11.281  2.1
 4521.0929 11.265  2.1
 4523.1752 11.257  2.1
 4525.2574 11.251  2.1
 4527.3397 11.250  2.1
 4529.4220 11.252  2.1
 4531.5043 11.254  2.1
 4533.5865 11.244  2.1
 4535.6688 11.239  2.1
 4537.7511 11.237  2.1
 4539.8333 11.230  2.1
 4541.9156 11.228  2.1
 4543.9979 11.236  2.1
 4546.0802 11.244  2.1
 4548.1624 11.252  2.1
 4550.2447 11.263  2.1
 4552.3270 11.268  2.1
 4554.4092 11.264  2.1
 4556.4915 11.250  2.1
 4558.5738 11.248  2.1
 4560.6561 11.260  2.1
 4562.7383 11.265  2.1
 4564.8206 11.260  2.1
 4566.9029 11.262  2.1
 4568.9851 11.263  2.1
 4571.0674 11.263  2.1
 4573.1497 11.265  2.1
 4575.2319 11.268  2.1
 4577.3142 11.265  2.1
 4579.3965 11.264  2.1
 4581.4788 11.262  2.1
 4583.5610 11.250  2.1
 4585.6433 11.240  2.1
 4587.7256 11.236  2.1
 4589.8078 11.243  2.1
 4591.8901 11.256  2.1
 4593.9724 11.285  2.1
 4596.0547 11.294  2.1
 4598.1369 11.294  2.1
 4600.2192 11.285  2.1
 4602.3015 11.269  2.1
 4604.3837 11.260  2.1
 4606.4660 11.260  2.1
 4608.5483 11.263  2.1
 4610.6306 11.264  2.1
 4612.7128 11.265  2.1
 4614.7951 11.272  2.1
 4616.8774 11.284  2.1
 4618.9596 11.290  2.1
 4621.0419 11.282  2.1
 4623.1242 11.268  2.1
 4625.2064 11.255  2.1
 4627.2887 11.249  2.1
 4629.3710 11.262  2.1
 4631.4533 11.266  2.1
 4633.5355 11.270  2.1
 4635.6178 11.279  2.1
 4637.7001 11.295  2.1
 4639.7823 11.298  2.1
 4641.8646 11.294  2.1
 4643.9469 11.294  2.1
 4646.0292 11.302  2.1
 4648.1114 11.299  2.1
 4650.1937 11.299  2.1
 4652.2760 11.303  2.1
 4654.3582 11.301  2.1
 4656.4405 11.288  2.1
 4658.5228 11.280  2.1
 4660.6051 11.275  2.1
 4662.6873 11.270  2.1
 4664.7696 11.270  2.1
 4666.8519 11.265  2.1
 4668.9341 11.256  2.1
 4671.0164 11.244  2.1
 4673.0987 11.252  2.1
 4675.1809 11.263  2.1
 4677.2632 11.267  2.1
 4679.3455 11.263  2.1
 4681.4278 11.260  2.1
 4683.5100 11.258  2.1
 4685.5923 11.265  2.1
 4687.6746 11.276  2.1
 4689.7568 11.285  2.1
 4691.8391 11.293  2.1
 4693.9214 11.289  2.1
 4696.0037 11.279  2.1
 4698.0859 11.272  2.1
 4700.1682 11.284  2.1
 4702.2505 11.300  2.1
 4704.3327 11.311  2.1
 4706.4150 11.307  2.1
 4708.4973 11.293  2.1
 4710.5796 11.289  2.1
 4712.6618 11.293  2.1
 4714.7441 11.313  2.1
 4716.8264 11.339  2.1
 4718.9086 11.341  2.1
 4720.9909 11.326  2.1
 4723.0732 11.313  2.1
 4725.1555 11.313  2.1
 4727.2377 11.319  2.1
 4729.3200 11.324  2.1
 4731.4023 11.325  2.1
 4733.4845 11.322  2.1
 4735.5668 11.337  2.1
 4737.6491 11.342  2.1
 4739.7313 11.338  2.1
 4741.8136 11.330  2.1
 4743.8959 11.338  2.1
 4745.9782 11.340  2.1
 4748.0604 11.342  2.1
 4750.1427 11.347  2.1
 4752.2250 11.370  2.1
 4754.3072 11.380  2.1
 4756.3895 11.374  2.1
 4758.4718 11.363  2.1
 4760.5541 11.368  2.1
 4762.6363 11.377  2.1
 4764.7186 11.377  2.1
 4766.8009 11.373  2.1
 4768.8831 11.371  2.1
 4770.9654 11.387  2.1
 4773.0477 11.400  2.1
 4775.1300 11.409  2.1
 4777.2122 11.412  2.1
 4779.2945 11.419  2.1
 4781.3768 11.420  2.1
 4783.4590 11.421  2.1
 4785.5413 11.430  2.1
 4787.6236 11.438  2.1
 4789.7058 11.439  2.1
 4791.7881 11.435  2.1
 4793.8704 11.443  2.1
 4795.9527 11.441  2.1
 4798.0349 11.429  2.1
 4800.1172 11.423  2.1
 4802.1995 11.435  2.1
 4804.2817 11.451  2.1
 4806.3640 11.472  2.1
 4808.4463 11.490  2.1
 4810.5286 11.501  2.1
 4812.6108 11.495  2.1
 4814.6931 11.501  2.1
 4816.7754 11.516  2.1
 4818.8576 11.536  2.1
 4820.9399 11.548  2.1
 4823.0222 11.560  2.1
 4825.1045 11.574  2.1
 4827.1867 11.589  2.1
 4829.2690 11.600  2.1
 4831.3513 11.615  2.1
 4833.4335 11.642  2.1
 4835.5158 11.671  2.1
 4837.5981 11.700  2.1
 4839.6804 11.714  2.1
 4841.7626 11.735  2.1
 4843.8449 11.762  2.1
 4845.9272 11.797  2.1
 4848.0094 11.838  2.1
 4850.0917 11.889  2.1
 4852.1740 11.930  2.1
 4854.2562 11.966  2.1
 4856.3385 12.004  2.1
 4858.4208 12.038  2.1
 4860.5031 12.046  2.1
 4862.5853 12.037  2.1
 4864.6676 12.024  2.1
 4866.7499 12.011  2.1
 4868.8321 11.979  2.1
 4870.9144 11.933  2.1
 4872.9967 11.889  2.1
 4875.0790 11.840  2.1
 4877.1612 11.808  2.1
 4879.2435 11.777  2.1
 4881.3258 11.750  2.1
 4883.4080 11.731  2.1
 4885.4903 11.719  2.1
 4887.5726 11.700  2.1
 4889.6549 11.685  2.1
 4891.7371 11.673  2.1
 4893.8194 11.664  2.1
 4895.9017 11.643  2.1
 4897.9839 11.613  2.1
 4900.0662 11.593  2.1
 4902.1485 11.584  2.1
 4904.2307 11.578  2.1
 4906.3130 11.570  2.1
 4908.3953 11.572  2.1
 4910.4776 11.558  2.1
 4912.5598 11.546  2.1
 4914.6421 11.540  2.1
 4916.7244 11.534  2.1
 4918.8066 11.528  2.1
 4920.8889 11.520  2.1
 4922.9712 11.505  2.1
 4925.0535 11.484  2.1
 4927.1357 11.480  2.1
 4929.2180 11.478  2.1
 4931.3003 11.476  2.1
 4933.3825 11.472  2.1
 4935.4648 11.466  2.1
 4937.5471 11.452  2.1
 4939.6294 11.449  2.1
 4941.7116 11.458  2.1
 4943.7939 11.476  2.1
 4945.8762 11.485  2.1
 4947.9584 11.486  2.1
 4950.0407 11.485  2.1
 4952.1230 11.482  2.1
 4954.2053 11.493  2.1
 4956.2875 11.492  2.1
 4958.3698 11.482  2.1
 4960.4521 11.465  2.1
 4962.5343 11.469  2.1
 4964.6166 11.454  2.1
 4966.6989 11.442  2.1
 4968.7811 11.436  2.1
 4970.8634 11.444  2.1
 4972.9457 11.441  2.1
 4975.0280 11.435  2.1
 4977.1102 11.432  2.1
 4979.1925 11.441  2.1
 4981.2748 11.452  2.1
 4983.3570 11.453  2.1
 4985.4393 11.447  2.1
 4987.5216 11.429  2.1
 4989.6039 11.424  2.1
 4991.6861 11.419  2.1
 4993.7684 11.427  2.1
 4995.8507 11.436  2.1
 4997.9329 11.452  2.1
 5000.0152 11.454  2.1
 5002.0975 11.449  2.1
 5004.1798 11.448  2.1
 5006.2620 11.462  2.1
 5008.3443 11.467  2.1
 5010.4266 11.459  2.1
 5012.5088 11.447  2.1
 5014.5911 11.444  2.1
 5016.6734 11.443  2.1
 5018.7556 11.437  2.1
 5020.8379 11.431  2.1
 5022.9202 11.430  2.1
 5025.0025 11.446  2.1
 5027.0847 11.453  2.1
 5029.1670 11.457  2.1
 5031.2493 11.462  2.1
 5033.3315 11.464  2.1
 5035.4138 11.461  2.1
 5037.4961 11.457  2.1
 5039.5784 11.453  2.1
 5041.6606 11.446  2.1
 5043.7429 11.448  2.1
 5045.8252 11.458  2.1
 5047.9074 11.474  2.1
 5049.9897 11.482  2.1
 5052.0720 11.496  2.1
 5054.1543 11.501  2.1
 5056.2365 11.492  2.1
 5058.3188 11.467  2.1
 5060.4011 11.457  2.1
 5062.4833 11.461  2.1
 5064.5656 11.470  2.1
 5066.6479 11.461  2.1
 5068.7301 11.461  2.1
 5070.8124 11.467  2.1
 5072.8947 11.469  2.1
 5074.9770 11.455  2.1
 5077.0592 11.446  2.1
 5079.1415 11.452  2.1
 5081.2238 11.459  2.1
 5083.3060 11.462  2.1
 5085.3883 11.462  2.1
 5087.4706 11.468  2.1
 5089.5529 11.461  2.1
 5091.6351 11.444  2.1
 5093.7174 11.450  2.1
 5095.7997 11.460  2.1
 5097.8819 11.457  2.1
 5099.9642 11.449  2.1
 5102.0465 11.449  2.1
 5104.1288 11.441  2.1
 5106.2110 11.430  2.1
 5108.2933 11.425  2.1
 5110.3756 11.435  2.1
 5112.4578 11.451  2.1
 5114.5401 11.458  2.1
 5116.6224 11.458  2.1
 5118.7047 11.463  2.1
 5120.7869 11.473  2.1
 5122.8692 11.475  2.1
 5124.9515 11.473  2.1
 5127.0337 11.479  2.1
 5129.1160 11.490  2.1
 5131.1983 11.493  2.1
 5133.2805 11.489  2.1
 5135.3628 11.481  2.1
 5137.4451 11.476  2.1
 5139.5274 11.464  2.1
 5141.6096 11.451  2.1
 5143.6919 11.444  2.1
 5145.7742 11.457  2.1
 5147.8564 11.474  2.1
 5149.9387 11.480  2.1
 5152.0210 11.475  2.1
 5154.1033 11.463  2.1
 5156.1855 11.449  2.1
 5158.2678 11.444  2.1
 5160.3501 11.454  2.1
 5162.4323 11.469  2.1
 5164.5146 11.472  2.1
 5166.5969 11.465  2.1
 5168.6792 11.463  2.1
 5170.7614 11.471  2.1
 5172.8437 11.470  2.1
 5174.9260 11.470  2.1
 5177.0082 11.474  2.1
 5179.0905 11.472  2.1
 5181.1728 11.457  2.1
 5183.2550 11.444  2.1
 5185.3373 11.446  2.1
 5187.4196 11.462  2.1
 5189.5019 11.482  2.1
 5191.5841 11.493  2.1
 5193.6664 11.490  2.1
 5195.7487 11.486  2.1
 5197.8309 11.480  2.1
 5199.9132 11.479  2.1
 5201.9955 11.487  2.1
 5204.0778 11.495  2.1
 5206.1600 11.489  2.1
 5208.2423 11.482  2.1
 5210.3246 11.484  2.1
 5212.4068 11.487  2.1
 5214.4891 11.483  2.1
 5216.5714 11.486  2.1
 5218.6537 11.504  2.1
 5220.7359 11.516  2.1
 5222.8182 11.513  2.1
 5224.9005 11.493  2.1
 5226.9827 11.486  2.1
 5229.0650 11.496  2.1
 5231.1473 11.502  2.1
 5233.2296 11.494  2.1
 5235.3118 11.480  2.1
 5237.3941 11.484  2.1
 5239.4764 11.486  2.1
 5241.5586 11.483  2.1
 5243.6409 11.489  2.1
 5245.7232 11.493  2.1
 5247.8054 11.492  2.1
 5249.8877 11.484  2.1
 5251.9700 11.487  2.1
 5254.0523 11.492  2.1
 5256.1345 11.497  2.1
 5258.2168 11.496  2.1
 5260.2991 11.487  2.1
 5262.3813 11.490  2.1
 5264.4636 11.495  2.1
 5266.5459 11.491  2.1
 5268.6282 11.485  2.1
 5270.7104 11.490  2.1
 5272.7927 11.482  2.1
 5274.8750 11.473  2.1
 5276.9572 11.477  2.1
 5279.0395 11.491  2.1
 5281.1218 11.504  2.1
 5283.2041 11.507  2.1
 5285.2863 11.503  2.1
 5287.3686 11.485  2.1
 5289.4509 11.491  2.1
 5291.5331 11.499  2.1
 5293.6154 11.497  2.1
 5295.6977 11.490  2.1
 5297.7799 11.494  2.1
 5299.8622 11.497  2.1
 5301.9445 11.494  2.1
 5304.0268 11.493  2.1
 5306.1090 11.509  2.1
 5308.1913 11.518  2.1
 5310.2736 11.507  2.1
 5312.3558 11.497  2.1
 5314.4381 11.489  2.1
 5316.5204 11.484  2.1
 5318.6027 11.481  2.1
 5320.6849 11.487  2.1
 5322.7672 11.508  2.1
 5324.8495 11.525  2.1
 5326.9317 11.529  2.1
 5329.0140 11.511  2.1
 5331.0963 11.507  2.1
 5333.1786 11.502  2.1
 5335.2608 11.498  2.1
 5337.3431 11.502  2.1
 5339.4254 11.519  2.1
 5341.5076 11.535  2.1
 5343.5899 11.540  2.1
 5345.6722 11.535  2.1
 5347.7545 11.527  2.1
 5349.8367 11.516  2.1
 5351.9190 11.505  2.1
 5354.0013 11.500  2.1
 5356.0835 11.500  2.1
 5358.1658 11.519  2.1
 5360.2481 11.518  2.1
 5362.3303 11.513  2.1
 5364.4126 11.518  2.1
 5366.4949 11.530  2.1
 5368.5772 11.525  2.1
 5370.6594 11.508  2.1
 5372.7417 11.499  2.1
 5374.8240 11.494  2.1
 5376.9062 11.489  2.1
 5378.9885 11.481  2.1
 5381.0708 11.479  2.1
 5383.1531 11.483  2.1
 5385.2353 11.501  2.1
 5387.3176 11.520  2.1
 5389.3999 11.527  2.1
 5391.4821 11.522  2.1
 5393.5644 11.516  2.1
 5395.6467 11.513  2.1
 5397.7290 11.511  2.1
 5399.8112 11.505  2.1
 5401.8935 11.499  2.1
 5403.9758 11.507  2.1
 5406.0580 11.516  2.1
 5408.1403 11.511  2.1
 5410.2226 11.508  2.1
 5412.3048 11.517  2.1
 5414.3871 11.527  2.1
 5416.4694 11.534  2.1
 5418.5517 11.544  2.1
 5420.6339 11.544  2.1
 5422.7162 11.539  2.1
 5424.7985 11.534  2.1
 5426.8807 11.535  2.1
 5428.9630 11.538  2.1
 5431.0453 11.537  2.1
 5433.1276 11.535  2.1
 5435.2098 11.526  2.1
 5437.2921 11.520  2.1
 5439.3744 11.528  2.1
 5441.4566 11.542  2.1
 5443.5389 11.541  2.1
 5445.6212 11.531  2.1
 5447.7035 11.531  2.1
 5449.7857 11.534  2.1
 5451.8680 11.536  2.1
 5453.9503 11.548  2.1
 5456.0325 11.559  2.1
 5458.1148 11.565  2.1
 5460.1971 11.566  2.1
 5462.2793 11.561  2.1
 5464.3616 11.549  2.1
 5466.4439 11.544  2.1
 5468.5262 11.550  2.1
 5470.6084 11.569  2.1
 5472.6907 11.580  2.1
 5474.7730 11.576  2.1
 5476.8552 11.559  2.1
 5478.9375 11.550  2.1
 5481.0198 11.551  2.1
 5483.1021 11.560  2.1
 5485.1843 11.573  2.1
 5487.2666 11.578  2.1
 5489.3489 11.573  2.1
 5491.4311 11.564  2.1
 5493.5134 11.553  2.1
 5495.5957 11.560  2.1
 5497.6780 11.567  2.1
 5499.7602 11.570  2.1
 5501.8425 11.577  2.1
 5503.9248 11.584  2.1
 5506.0070 11.587  2.1
 5508.0893 11.585  2.1
 5510.1716 11.583  2.1
 5512.2539 11.584  2.1
 5514.3361 11.584  2.1
 5516.4184 11.578  2.1
 5518.5007 11.573  2.1
 5520.5829 11.570  2.1
 5522.6652 11.567  2.1
 5524.7475 11.572  2.1
 5526.8297 11.581  2.1
 5528.9120 11.585  2.1
 5530.9943 11.582  2.1
 5533.0766 11.575  2.1
 5535.1588 11.576  2.1
 5537.2411 11.582  2.1
 5539.3234 11.586  2.1
 5541.4056 11.588  2.1
 5543.4879 11.587  2.1
 5545.5702 11.591  2.1
 5547.6525 11.593  2.1
 5549.7347 11.598  2.1
 5551.8170 11.603  2.1
 5553.8993 11.608  2.1
 5555.9815 11.604  2.1
 5558.0638 11.603  2.1
 5560.1461 11.604  2.1
 5562.2284 11.608  2.1
 5564.3106 11.612  2.1
 5566.3929 11.608  2.1
 5568.4752 11.587  2.1
 5570.5574 11.573  2.1
 5572.6397 11.572  2.1
 5574.7220 11.582  2.1
 5576.8042 11.587  2.1
 5578.8865 11.589  2.1
 5580.9688 11.582  2.1
 5583.0511 11.583  2.1
 5585.1333 11.599  2.1
 5587.2156 11.610  2.1
 5589.2979 11.609  2.1
 5591.3801 11.603  2.1
 5593.4624 11.602  2.1
 5595.5447 11.614  2.1
 5597.6270 11.625  2.1
 5599.7092 11.628  2.1
 5601.7915 11.626  2.1
 5603.8738 11.620  2.1
 5605.9560 11.610  2.1
 5608.0383 11.609  2.1
 5610.1206 11.616  2.1
 5612.2029 11.614  2.1
 5614.2851 11.611  2.1
 5616.3674 11.607  2.1
 5618.4497 11.603  2.1
 5620.5319 11.596  2.1
 5622.6142 11.604  2.1
 5624.6965 11.616  2.1
 5626.7788 11.627  2.1
 5628.8610 11.633  2.1
 5630.9433 11.631  2.1
 5633.0256 11.628  2.1
 5635.1078 11.628  2.1
 5637.1901 11.629  2.1
 5639.2724 11.616  2.1
 5641.3546 11.606  2.1
 5643.4369 11.608  2.1
 5645.5192 11.616  2.1
 5647.6015 11.630  2.1
 5649.6837 11.629  2.1
 5651.7660 11.621  2.1
 5653.8483 11.610  2.1
 5655.9305 11.608  2.1
 5658.0128 11.613  2.1
 5660.0951 11.612  2.1
 5662.1774 11.609  2.1
 5664.2596 11.608  2.1
 5666.3419 11.609  2.1
 5668.4242 11.619  2.1
 5670.5064 11.635  2.1
 5672.5887 11.646  2.1
 5674.6710 11.637  2.1
 5676.7533 11.628  2.1
 5678.8355 11.625  2.1
 5680.9178 11.630  2.1
 5683.0001 11.638  2.1
 5685.0823 11.641  2.1
 5687.1646 11.638  2.1
 5689.2469 11.630  2.1
 5691.3291 11.629  2.1
 5693.4114 11.634  2.1
 5695.4937 11.645  2.1
 5697.5760 11.652  2.1
 5699.6582 11.648  2.1
 5701.7405 11.642  2.1
 5703.8228 11.637  2.1
 5705.9050 11.632  2.1
 5707.9873 11.627  2.1
 5710.0696 11.634  2.1
 5712.1519 11.642  2.1
 5714.2341 11.643  2.1
 5716.3164 11.641  2.1
 5718.3987 11.642  2.1
 5720.4809 11.641  2.1
 5722.5632 11.636  2.1
 5724.6455 11.637  2.1
 5726.7278 11.645  2.1
 5728.8100 11.651  2.1
 5730.8923 11.651  2.1
 5732.9746 11.642  2.1
 5735.0568 11.629  2.1
 5737.1391 11.629  2.1
 5739.2214 11.635  2.1
 5741.3037 11.640  2.1
 5743.3859 11.641  2.1
 5745.4682 11.650  2.1
 5747.5505 11.659  2.1
 5749.6327 11.667  2.1
 5751.7150 11.671  2.1
 5753.7973 11.673  2.1
 5755.8795 11.671  2.1
 5757.9618 11.663  2.1
 5760.0441 11.654  2.1
 5762.1264 11.655  2.1
 5764.2086 11.658  2.1
 5766.2909 11.661  2.1
 5768.3732 11.655  2.1
 5770.4554 11.652  2.1
 5772.5377 11.648  2.1
 5774.6200 11.644  2.1
 5776.7023 11.642  2.1
 5778.7845 11.640  2.1
 5780.8668 11.641  2.1
 5782.9491 11.642  2.1
 5785.0313 11.636  2.1
 5787.1136 11.631  2.1
 5789.1959 11.632  2.1
 5791.2782 11.641  2.1
 5793.3604 11.648  2.1
 5795.4427 11.649  2.1
 5797.5250 11.652  2.1
 5799.6072 11.664  2.1
 5801.6895 11.673  2.1
 5803.7718 11.668  2.1
 5805.8540 11.654  2.1
 5807.9363 11.643  2.1
 5810.0186 11.635  2.1
 5812.1009 11.635  2.1
 5814.1831 11.646  2.1
 5816.2654 11.663  2.1
 5818.3477 11.674  2.1
 5820.4299 11.674  2.1
 5822.5122 11.667  2.1
 5824.5945 11.657  2.1
 5826.6768 11.644  2.1
 5828.7590 11.634  2.1
 5830.8413 11.641  2.1
 5832.9236 11.653  2.1
 5835.0058 11.663  2.1
 5837.0881 11.665  2.1
 5839.1704 11.656  2.1
 5841.2527 11.663  2.1
 5843.3349 11.672  2.1
 5845.4172 11.664  2.1
 5847.4995 11.655  2.1
 5849.5817 11.659  2.1
 5851.6640 11.665  2.1
 5853.7463 11.669  2.1
 5855.8285 11.674  2.1
 5857.9108 11.679  2.1
 5859.9931 11.679  2.1
 5862.0754 11.682  2.1
 5864.1576 11.688  2.1
 5866.2399 11.691  2.1
 5868.3222 11.691  2.1
 5870.4044 11.687  2.1
 5872.4867 11.682  2.1
 5874.5690 11.685  2.1
 5876.6513 11.697  2.1
 5878.7335 11.707  2.1
 5880.8158 11.711  2.1
 5882.8981 11.708  2.1
 5884.9803 11.695  2.1
 5887.0626 11.672  2.1
 5889.1449 11.649  2.1
 5891.2272 11.640  2.1
 5893.3094 11.649  2.1
 5895.3917 11.666  2.1
 5897.4740 11.684  2.1
 5899.5562 11.691  2.1
 5901.6385 11.688  2.1
 5903.7208 11.681  2.1
 5905.8031 11.677  2.1
 5907.8853 11.685  2.1
 5909.9676 11.692  2.1
 5912.0499 11.695  2.1
 5914.1321 11.695  2.1
 5916.2144 11.695  2.1
 5918.2967 11.698  2.1
 5920.3789 11.705  2.1
 5922.4612 11.703  2.1
 5924.5435 11.697  2.1
 5926.6258 11.703  2.1
 5928.7080 11.709  2.1
 5930.7903 11.725  2.1
 5932.8726 11.710  2.1
 5934.9548 11.708  2.1
 5937.0371 11.719  2.1
 5939.1194 11.730  2.1
 5941.2017 11.733  2.1
 5943.2839 11.731  2.1
 5945.3662 11.720  2.1
 5947.4485 11.706  2.1
 5949.5307 11.692  2.1
 5951.6130 11.690  2.1
 5953.6953 11.705  2.1
 5955.7776 11.713  2.1
 5957.8598 11.711  2.1
 5959.9421 11.700  2.1
 5962.0244 11.703  2.1
 5964.1066 11.709  2.1
 5966.1889 11.717  2.1
 5968.2712 11.727  2.1
 5970.3534 11.737  2.1
 5972.4357 11.735  2.1
 5974.5180 11.729  2.1
 5976.6003 11.723  2.1
 5978.6825 11.715  2.1
 5980.7648 11.711  2.1
 5982.8471 11.713  2.1
 5984.9293 11.718  2.1
 5987.0116 11.725  2.1
 5989.0939 11.727  2.1
 5991.1762 11.729  2.1
 5993.2584 11.734  2.1
 5995.3407 11.735  2.1
 5997.4230 11.728  2.1
 5999.5052 11.727  2.1
 6001.5875 11.731  2.1
 6003.6698 11.735  2.1
 6005.7521 11.733  2.1
 6007.8343 11.725  2.1
 6009.9166 11.714  2.1
 6011.9989 11.701  2.1
 6014.0811 11.703  2.1
 6016.1634 11.713  2.1
 6018.2457 11.727  2.1
 6020.3280 11.739  2.1
 6022.4102 11.742  2.1
 6024.4925 11.740  2.1
 6026.5748 11.736  2.1
 6028.6570 11.731  2.1
 6030.7393 11.720  2.1
 6032.8216 11.719  2.1
 6034.9038 11.718  2.1
 6036.9861 11.715  2.1
 6039.0684 11.712  2.1
 6041.1507 11.722  2.1
 6043.2329 11.737  2.1
 6045.3152 11.750  2.1
 6047.3975 11.750  2.1
 6049.4797 11.736  2.1
 6051.5620 11.726  2.1
 6053.6443 11.724  2.1
 6055.7266 11.735  2.1
 6057.8088 11.743  2.1
 6059.8911 11.752  2.1
 6061.9734 11.762  2.1
 6064.0556 11.773  2.1
 6066.1379 11.769  2.1
 6068.2202 11.761  2.1
 6070.3025 11.751  2.1
 6072.3847 11.744  2.1
 6074.4670 11.747  2.1
 6076.5493 11.741  2.1
 6078.6315 11.733  2.1
 6080.7138 11.729  2.1
 6082.7961 11.735  2.1
 6084.8783 11.737  2.1
 6086.9606 11.741  2.1
 6089.0429 11.750  2.1
 6091.1252 11.758  2.1
 6093.2074 11.764  2.1
 6095.2897 11.766  2.1
 6097.3720 11.765  2.1
 6099.4542 11.767  2.1
 6101.5365 11.765  2.1
 6103.6188 11.759  2.1
 6105.7011 11.750  2.1
 6107.7833 11.745  2.1
 6109.8656 11.740  2.1
 6111.9479 11.731  2.1
 6114.0301 11.727  2.1
 6116.1124 11.741  2.1
 6118.1947 11.752  2.1
 6120.2770 11.755  2.1
 6122.3592 11.756  2.1
 6124.4415 11.762  2.1
 6126.5238 11.761  2.1
 6128.6060 11.760  2.1
 6130.6883 11.759  2.1
 6132.7706 11.759  2.1
 6134.8529 11.760  2.1
 6136.9351 11.756  2.1
 6139.0174 11.751  2.1
 6141.0997 11.749  2.1
 6143.1819 11.761  2.1
 6145.2642 11.765  2.1
 6147.3465 11.763  2.1
 6149.4287 11.756  2.1
 6151.5110 11.755  2.1
 6153.5933 11.760  2.1
 6155.6756 11.773  2.1
 6157.7578 11.787  2.1
 6159.8401 11.787  2.1
 6161.9224 11.781  2.1
 6164.0046 11.783  2.1
 6166.0869 11.788  2.1
 6168.1692 11.785  2.1
 6170.2515 11.772  2.1
 6172.3337 11.765  2.1
 6174.4160 11.765  2.1
 6176.4983 11.772  2.1
 6178.5805 11.769  2.1
 6180.6628 11.766  2.1
 6182.7451 11.768  2.1
 6184.8274 11.776  2.1
 6186.9096 11.789  2.1
 6188.9919 11.794  2.1
 6191.0742 11.799  2.1
 6193.1564 11.806  2.1
 6195.2387 11.811  2.1
 6197.3210 11.804  2.1
 6199.4032 11.793  2.1
 6201.4855 11.783  2.1
 6203.5678 11.779  2.1
 6205.6501 11.782  2.1
 6207.7323 11.782  2.1
 6209.8146 11.779  2.1
 6211.8969 11.781  2.1
 6213.9791 11.780  2.1
 6216.0614 11.786  2.1
 6218.1437 11.797  2.1
 6220.2260 11.812  2.1
 6222.3082 11.808  2.1
 6224.3905 11.807  2.1
 6226.4728 11.810  2.1
 6228.5550 11.817  2.1
 6230.6373 11.814  2.1
 6232.7196 11.813  2.1
 6234.8019 11.814  2.1
 6236.8841 11.817  2.1
 6238.9664 11.820  2.1
 6241.0487 11.818  2.1
 6243.1309 11.817  2.1
 6245.2132 11.819  2.1
 6247.2955 11.829  2.1
 6249.3778 11.828  2.1
 6251.4600 11.824  2.1
 6253.5423 11.823  2.1
 6255.6246 11.833  2.1
 6257.7068 11.837  2.1
 6259.7891 11.836  2.1
 6261.8714 11.829  2.1
 6263.9536 11.821  2.1
 6266.0359 11.826  2.1
 6268.1182 11.834  2.1
 6270.2005 11.837  2.1
 6272.2827 11.828  2.1
 6274.3650 11.831  2.1
 6276.4473 11.840  2.1
 6278.5295 11.848  2.1
 6280.6118 11.849  2.1
 6282.6941 11.844  2.1
 6284.7764 11.838  2.1
 6286.8586 11.841  2.1
 6288.9409 11.853  2.1
 6291.0232 11.862  2.1
 6293.1054 11.862  2.1
 6295.1877 11.857  2.1
 6297.2700 11.849  2.1
 6299.3523 11.839  2.1
 6301.4345 11.840  2.1
 6303.5168 11.838  2.1
 6305.5991 11.831  2.1
 6307.6813 11.819  2.1
 6309.7636 11.817  2.1
 6311.8459 11.825  2.1
 6313.9281 11.841  2.1
 6316.0104 11.860  2.1
 6318.0927 11.865  2.1
 6320.1750 11.858  2.1
 6322.2572 11.846  2.1
 6324.3395 11.831  2.1
 6326.4218 11.831  2.1
 6328.5040 11.841  2.1
 6330.5863 11.855  2.1
 6332.6686 11.867  2.1
 6334.7509 11.865  2.1
 6336.8331 11.860  2.1
 6338.9154 11.855  2.1
 6340.9977 11.851  2.1
 6343.0799 11.845  2.1
 6345.1622 11.842  2.1
 6347.2445 11.842  2.1
 6349.3268 11.845  2.1
 6351.4090 11.850  2.1
 6353.4913 11.848  2.1
 6355.5736 11.844  2.1
 6357.6558 11.841  2.1
 6359.7381 11.845  2.1
 6361.8204 11.845  2.1
 6363.9026 11.844  2.1
 6365.9849 11.838  2.1
 6368.0672 11.829  2.1
 6370.1495 11.827  2.1
 6372.2317 11.835  2.1
 6374.3140 11.845  2.1
 6376.3963 11.846  2.1
 6378.4785 11.846  2.1
 6380.5608 11.847  2.1
 6382.6431 11.844  2.1
 6384.7254 11.837  2.1
 6386.8076 11.850  2.1
 6388.8899 11.867  2.1
 6390.9722 11.877  2.1
 6393.0544 11.875  2.1
 6395.1367 11.860  2.1
 6397.2190 11.851  2.1
 6399.3013 11.850  2.1
 6401.3835 11.856  2.1
 6403.4658 11.859  2.1
 6405.5481 11.849  2.1
 6407.6303 11.841  2.1
 6409.7126 11.839  2.1
 6411.7949 11.848  2.1
 6413.8772 11.852  2.1
 6415.9594 11.848  2.1
 6418.0417 11.842  2.1
 6420.1240 11.838  2.1
 6422.2062 11.855  2.1
 6424.2885 11.863  2.1
 6426.3708 11.868  2.1
 6428.4530 11.874  2.1
 6430.5353 11.886  2.1
 6432.6176 11.890  2.1
 6434.6999 11.891  2.1
 6436.7821 11.891  2.1
 6438.8644 11.887  2.1
 6440.9467 11.884  2.1
 6443.0289 11.884  2.1
 6445.1112 11.888  2.1
 6447.1935 11.890  2.1
 6449.2758 11.891  2.1
 6451.3580 11.893  2.1
 6453.4403 11.895  2.1
 6455.5226 11.889  2.1
 6457.6048 11.884  2.1
 6459.6871 11.884  2.1
 6461.7694 11.888  2.1
 6463.8517 11.898  2.1
 6465.9339 11.911  2.1
 6468.0162 11.919  2.1
 6470.0985 11.924  2.1
 6472.1807 11.928  2.1
 6474.2630 11.932  2.1
 6476.3453 11.933  2.1
 6478.4275 11.935  2.1
 6480.5098 11.942  2.1
 6482.5921 11.954  2.1
 6484.6744 11.960  2.1
 6486.7566 11.962  2.1
 6488.8389 11.961  2.1
 6490.9212 11.961  2.1
 6493.0034 11.966  2.1
 6495.0857 11.968  2.1
 6497.1680 11.965  2.1
 6499.2503 11.961  2.1
 6501.3325 11.961  2.1
 6503.4148 11.960  2.1
 6505.4971 11.959  2.1
 6507.5793 11.967  2.1
 6509.6616 11.979  2.1
 6511.7439 11.994  2.1
 6513.8262 12.011  2.1
 6515.9084 12.028  2.1
 6517.9907 12.036  2.1
 6520.0730 12.037  2.1
 6522.1552 12.037  2.1
 6524.2375 12.043  2.1
 6526.3198 12.055  2.1
 6528.4021 12.071  2.1
 6530.4843 12.087  2.1
 6532.5666 12.102  2.1
 6534.6489 12.113  2.1
 6536.7311 12.116  2.1
 6538.8134 12.114  2.1
 6540.8957 12.112  2.1
 6542.9779 12.127  2.1
 6545.0602 12.150  2.1
 6547.1425 12.179  2.1
 6549.2248 12.212  2.1
 6551.3070 12.247  2.1
 6553.3893 12.278  2.1
 6555.4716 12.312  2.1
 6557.5538 12.348  2.1
 6559.6361 12.381  2.1
 6561.7184 12.385  2.1
 6563.8007 12.373  2.1
 6565.8829 12.350  2.1
 6567.9652 12.324  2.1
 6570.0475 12.298  2.1
 6572.1297 12.273  2.1
 6574.2120 12.248  2.1
 6576.2943 12.226  2.1
 6578.3766 12.219  2.1
 6580.4588 12.205  2.1
 6582.5411 12.184  2.1
 6584.6234 12.160  2.1
 6586.7056 12.146  2.1
 6588.7879 12.130  2.1
 6590.8702 12.117  2.1
 6592.9524 12.107  2.1
 6595.0347 12.096  2.1
 6597.1170 12.078  2.1
 6599.1993 12.065  2.1
 6601.2815 12.059  2.1
 6603.3638 12.046  2.1
 6605.4461 12.024  2.1
 6607.5283 12.008  2.1
 6609.6106 11.999  2.1
 6611.6929 11.996  2.1
 6613.7752 12.006  2.1
 6615.8574 12.011  2.1
 6617.9397 12.007  2.1
 6620.0220 11.990  2.1
 6622.1042 11.985  2.1
 6624.1865 11.982  2.1
 6626.2688 11.980  2.1
 6628.3511 11.977  2.1
 6630.4333 11.977  2.1
 6632.5156 11.969  2.1
 6634.5979 11.959  2.1
 6636.6801 11.952  2.1
 6638.7624 11.942  2.1
 6640.8447 11.938  2.1
 6642.9270 11.946  2.1
 6645.0092 11.962  2.1
 6647.0915 11.961  2.1
 6649.1738 11.944  2.1
 6651.2560 11.930  2.1
 6653.3383 11.923  2.1
 6655.4206 11.920  2.1
 6657.5028 11.923  2.1
 6659.5851 11.928  2.1
 6661.6674 11.935  2.1
 6663.7497 11.941  2.1
 6665.8319 11.941  2.1
 6667.9142 11.931  2.1
 6669.9965 11.918  2.1
 6672.0787 11.909  2.1
 6674.1610 11.909  2.1
 6676.2433 11.904  2.1
 6678.3256 11.896  2.1
 6680.4078 11.889  2.1
 6682.4901 11.892  2.1
 6684.5724 11.897  2.1
 6686.6546 11.900  2.1
 6688.7369 11.901  2.1
 6690.8192 11.897  2.1
 6692.9015 11.903  2.1
 6694.9837 11.914  2.1
 6697.0660 11.926  2.1
 6699.1483 11.932  2.1
 6701.2305 11.935  2.1
 6703.3128 11.930  2.1
 6705.3951 11.920  2.1
 6707.4773 11.910  2.1
 6709.5596 11.908  2.1
 6711.6419 11.909  2.1
 6713.7242 11.909  2.1
 6715.8064 11.907  2.1
 6717.8887 11.902  2.1
 6719.9710 11.898  2.1
 6722.0532 11.901  2.1
 6724.1355 11.913  2.1
 6726.2178 11.919  2.1
 6728.3001 11.918  2.1
 6730.3823 11.914  2.1
 6732.4646 11.914  2.1
 6734.5469 11.915  2.1
 6736.6291 11.915  2.1
 6738.7114 11.914  2.1
 6740.7937 11.910  2.1
 6742.8760 11.904  2.1
 6744.9582 11.905  2.1
 6747.0405 11.906  2.1
 6749.1228 11.906  2.1
 6751.2050 11.908  2.1
 6753.2873 11.914  2.1
 6755.3696 11.914  2.1
 6757.4518 11.908  2.1
 6759.5341 11.899  2.1
 6761.6164 11.905  2.1
 6763.6987 11.918  2.1
 6765.7809 11.933  2.1
 6767.8632 11.942  2.1
 6769.9455 11.934  2.1
 6772.0277 11.921  2.1
 6774.1100 11.909  2.1
 6776.1923 11.906  2.1
 6778.2746 11.909  2.1
 6780.3568 11.910  2.1
 6782.4391 11.909  2.1
 6784.5214 11.907  2.1
 6786.6036 11.900  2.1
 6788.6859 11.896  2.1
 6790.7682 11.893  2.1
 6792.8505 11.891  2.1
 6794.9327 11.894  2.1
 6797.0150 11.902  2.1
 6799.0973 11.908  2.1
 6801.1795 11.910  2.1
 6803.2618 11.906  2.1
 6805.3441 11.905  2.1
 6807.4264 11.906  2.1
 6809.5086 11.909  2.1
 6811.5909 11.917  2.1
 6813.6732 11.919  2.1
 6815.7554 11.910  2.1
 6817.8377 11.899  2.1
 6819.9200 11.894  2.1
 6822.0022 11.895  2.1
 6824.0845 11.895  2.1
 6826.1668 11.894  2.1
 6828.2491 11.891  2.1
 6830.3313 11.889  2.1
 6832.4136 11.891  2.1
 6834.4959 11.898  2.1
 6836.5781 11.908  2.1
 6838.6604 11.923  2.1
 6840.7427 11.930  2.1
 6842.8250 11.934  2.1
 6844.9072 11.935  2.1
 6846.9895 11.934  2.1
 6849.0718 11.919  2.1
 6851.1540 11.906  2.1
 6853.2363 11.902  2.1
 6855.3186 11.916  2.1
 6857.4009 11.938  2.1
 6859.4831 11.963  2.1
 6861.5654 11.992  2.1
 6863.6477 12.031  2.1
 6865.7299 12.097  2.1
 6867.8122 12.156  2.1
 6869.8945 12.191  2.1
 6871.9767 12.188  2.1
 6874.0590 12.149  2.1
 6876.1413 12.105  2.1
 6878.2236 12.064  2.1
 6880.3058 12.033  2.1
 6882.3881 12.026  2.1
 6884.4704 12.029  2.1
 6886.5526 12.036  2.1
 6888.6349 12.043  2.1
 6890.7172 12.041  2.1
 6892.7995 12.030  2.1
 6894.8817 12.020  2.1
 6896.9640 12.015  2.1
 6899.0463 12.020  2.1
 6901.1285 12.028  2.1
 6903.2108 12.036  2.1
 6905.2931 12.044  2.1
 6907.3754 12.045  2.1
 6909.4576 12.033  2.1
 6911.5399 12.018  2.1
 6913.6222 12.002  2.1
 6915.7044 11.985  2.1
 6917.7867 11.969  2.1
 6919.8690 11.954  2.1
 6921.9513 11.942  2.1
 6924.0335 11.933  2.1
 6926.1158 11.941  2.1
 6928.1981 11.952  2.1
 6930.2803 11.956  2.1
 6932.3626 11.950  2.1
 6934.4449 11.952  2.1
 6936.5271 11.964  2.1
 6938.6094 11.983  2.1
 6940.6917 12.003  2.1
 6942.7740 12.009  2.1
 6944.8562 12.004  2.1
 6946.9385 11.995  2.1
 6949.0208 11.986  2.1
 6951.1030 11.982  2.1
 6953.1853 11.983  2.1
 6955.2676 11.985  2.1
 6957.3499 11.983  2.1
 6959.4321 11.972  2.1
 6961.5144 11.952  2.1
 6963.5967 11.940  2.1
 6965.6789 11.938  2.1
 6967.7612 11.947  2.1
 6969.8435 11.946  2.1
 6971.9258 11.939  2.1
 6974.0080 11.934  2.1
 6976.0903 11.939  2.1
 6978.1726 11.956  2.1
 6980.2548 11.975  2.1
 6982.3371 11.996  2.1
 6984.4194 12.015  2.1
 6986.5016 12.021  2.1
 6988.5839 12.021  2.1
 6990.6662 12.021  2.1
 6992.7485 12.021  2.1
 6994.8307 12.019  2.1
 6996.9130 12.016  2.1
 6998.9953 12.005  2.1
 7001.0775 11.988  2.1
 7003.1598 11.979  2.1
 7005.2421 11.974  2.1
 7007.3244 11.967  2.1
 7009.4066 11.962  2.1
 7011.4889 11.970  2.1
 7013.5712 11.977  2.1
 7015.6534 11.979  2.1
 7017.7357 11.977  2.1
 7019.8180 11.973  2.1
 7021.9003 11.963  2.1
 7023.9825 11.952  2.1
 7026.0648 11.944  2.1
 7028.1471 11.945  2.1
 7030.2293 11.956  2.1
 7032.3116 11.968  2.1
 7034.3939 11.980  2.1
 7036.4762 11.995  2.1
 7038.5584 12.011  2.1
 7040.6407 12.017  2.1
 7042.7230 12.013  2.1
 7044.8052 12.001  2.1
 7046.8875 11.997  2.1
 7048.9698 11.999  2.1
 7051.0520 11.998  2.1
 7053.1343 11.993  2.1
 7055.2166 11.985  2.1
 7057.2989 11.976  2.1
 7059.3811 11.970  2.1
 7061.4634 11.971  2.1
 7063.5457 11.982  2.1
 7065.6279 11.983  2.1
 7067.7102 11.977  2.1
 7069.7925 11.976  2.1
 7071.8748 11.989  2.1
 7073.9570 12.001  2.1
 7076.0393 12.005  2.1
 7078.1216 12.005  2.1
 7080.2038 12.009  2.1
 7082.2861 12.015  2.1
 7084.3684 12.011  2.1
 7086.4507 12.005  2.1
 7088.5329 12.000  2.1
 7090.6152 12.006  2.1
 7092.6975 12.004  2.1
 7094.7797 11.999  2.1
 7096.8620 11.993  2.1
 7098.9443 11.994  2.1
 7101.0265 11.993  2.1
 7103.1088 11.993  2.1
 7105.1911 11.995  2.1
 7107.2734 12.003  2.1
 7109.3556 12.006  2.1
 7111.4379 12.003  2.1
 7113.5202 11.997  2.1
 7115.6024 11.989  2.1
 7117.6847 11.979  2.1
 7119.7670 11.978  2.1
 7121.8493 11.985  2.1
 7123.9315 12.004  2.1
 7126.0138 12.017  2.1
 7128.0961 12.018  2.1
 7130.1783 12.012  2.1
 7132.2606 12.003  2.1
 7134.3429 12.002  2.1
 7136.4252 12.003  2.1
 7138.5074 12.006  2.1
 7140.5897 12.013  2.1
 7142.6720 12.030  2.1
 7144.7542 12.040  2.1
 7146.8365 12.039  2.1
 7148.9188 12.030  2.1
 7151.0010 12.018  2.1
 7153.0833 12.005  2.1
 7155.1656 11.997  2.1
 7157.2479 11.999  2.1
 7159.3301 12.014  2.1
 7161.4124 12.040  2.1
 7163.4947 12.066  2.1
 7165.5769 12.087  2.1
 7167.6592 12.098  2.1
 7169.7415 12.104  2.1
 7171.8238 12.119  2.1
 7173.9060 12.137  2.1
 7175.9883 12.150  2.1
 7178.0706 12.162  2.1
 7180.1528 12.175  2.1
 7182.2351 12.184  2.1
 7184.3174 12.185  2.1
 7186.3997 12.179  2.1
 7188.4819 12.173  2.1
 7190.5642 12.173  2.1
 7192.6465 12.179  2.1
 7194.7287 12.183  2.1
 7196.8110 12.188  2.1
 7198.8933 12.185  2.1
 7200.9756 12.174  2.1
 7203.0578 12.156  2.1
 7205.1401 12.147  2.1
 7207.2224 12.132  2.1
 7209.3046 12.109  2.1
 7211.3869 12.082  2.1
 7213.4692 12.070  2.1
 7215.5514 12.063  2.1
 7217.6337 12.056  2.1
 7219.7160 12.047  2.1
 7221.7983 12.055  2.1
 7223.8805 12.068  2.1
 7225.9628 12.081  2.1
 7228.0451 12.093  2.1
 7230.1273 12.113  2.1
 7232.2096 12.127  2.1
 7234.2919 12.133  2.1
 7236.3742 12.130  2.1
 7238.4564 12.117  2.1
 7240.5387 12.101  2.1
 7242.6210 12.088  2.1
 7244.7032 12.080  2.1
 7246.7855 12.084  2.1
 7248.8678 12.100  2.1
 7250.9501 12.114  2.1
 7253.0323 12.122  2.1
 7255.1146 12.117  2.1
 7257.1969 12.112  2.1
 7259.2791 12.121  2.1
 7261.3614 12.141  2.1
 7263.4437 12.170  2.1
 7265.5259 12.176  2.1
 7267.6082 12.161  2.1
 7269.6905 12.138  2.1
 7271.7728 12.118  2.1
 7273.8550 12.111  2.1
 7275.9373 12.107  2.1
 7278.0196 12.104  2.1
 7280.1018 12.099  2.1
 7282.1841 12.092  2.1
 7284.2664 12.099  2.1
 7286.3487 12.123  2.1
 7288.4309 12.158  2.1
 7290.5132 12.179  2.1
 7292.5955 12.172  2.1
 7294.6777 12.150  2.1
 7296.7600 12.122  2.1
 7298.8423 12.107  2.1
 7300.9246 12.113  2.1
 7303.0068 12.124  2.1
 7305.0891 12.135  2.1
 7307.1714 12.145  2.1
 7309.2536 12.143  2.1
 7311.3359 12.136  2.1
 7313.4182 12.132  2.1
 7315.5005 12.140  2.1
 7317.5827 12.137  2.1
 7319.6650 12.123  2.1
 7321.7473 12.100  2.1
 7323.8295 12.073  2.1
 7325.9118 12.052  2.1
 7327.9941 12.054  2.1
 7330.0763 12.068  2.1
 7332.1586 12.083  2.1
 7334.2409 12.069  2.1
 7336.3232 12.048  2.1
 7338.4054 12.038  2.1
 7340.4877 12.046  2.1
 7342.5700 12.064  2.1
 7344.6522 12.071  2.1
 7346.7345 12.075  2.1
 7348.8168 12.077  2.1
 7350.8991 12.079  2.1
 7352.9813 12.088  2.1
 7355.0636 12.101  2.1
 7357.1459 12.113  2.1
 7359.2281 12.110  2.1
 7361.3104 12.095  2.1
 7363.3927 12.093  2.1
 7365.4750 12.097  2.1
 7367.5572 12.098  2.1
 7369.6395 12.084  2.1
 7371.7218 12.077  2.1
 7373.8040 12.076  2.1
 7375.8863 12.080  2.1
 7377.9686 12.089  2.1
 7380.0508 12.094  2.1
 7382.1331 12.089  2.1
 7384.2154 12.075  2.1
 7386.2977 12.072  2.1
 7388.3799 12.078  2.1
 7390.4622 12.087  2.1
 7392.5445 12.098  2.1
 7394.6267 12.099  2.1
 7396.7090 12.093  2.1
 7398.7913 12.087  2.1
 7400.8736 12.082  2.1
 7402.9558 12.083  2.1
 7405.0381 12.088  2.1
 7407.1204 12.093  2.1
 7409.2026 12.098  2.1
 7411.2849 12.105  2.1
 7413.3672 12.093  2.1
 7415.4495 12.074  2.1
 7417.5317 12.058  2.1
 7419.6140 12.056  2.1
 7421.6963 12.063  2.1
 7423.7785 12.068  2.1
 7425.8608 12.068  2.1
 7427.9431 12.064  2.1
 7430.0254 12.067  2.1
 7432.1076 12.071  2.1
 7434.1899 12.072  2.1
 7436.2722 12.068  2.1
 7438.3544 12.064  2.1
 7440.4367 12.069  2.1
 7442.5190 12.074  2.1
 7444.6012 12.075  2.1
 7446.6835 12.074  2.1
 7448.7658 12.077  2.1
 7450.8481 12.083  2.1
 7452.9303 12.090  2.1
 7455.0126 12.091  2.1
 7457.0949 12.076  2.1
 7459.1771 12.056  2.1
 7461.2594 12.044  2.1
 7463.3417 12.057  2.1
 7465.4240 12.085  2.1
 7467.5062 12.104  2.1
 7469.5885 12.115  2.1
 7471.6708 12.123  2.1
 7473.7530 12.121  2.1
 7475.8353 12.105  2.1
 7477.9176 12.088  2.1
 7479.9999 12.082  2.1
 7482.0821 12.094  2.1
 7484.1644 12.107  2.1
 7486.2467 12.116  2.1
 7488.3289 12.116  2.1
 7490.4112 12.105  2.1
 7492.4935 12.092  2.1
 7494.5757 12.086  2.1
 7496.6580 12.088  2.1
 7498.7403 12.092  2.1
 7500.8226 12.093  2.1
 7502.9048 12.092  2.1
 7504.9871 12.088  2.1
 7507.0694 12.080  2.1
 7509.1516 12.079  2.1
 7511.2339 12.078  2.1
 7513.3162 12.075  2.1
 7515.3985 12.070  2.1
 7517.4807 12.064  2.1
 7519.5630 12.057  2.1
 7521.6453 12.053  2.1
 7523.7275 12.056  2.1
 7525.8098 12.064  2.1
 7527.8921 12.072  2.1
 7529.9744 12.082  2.1
 7532.0566 12.092  2.1
 7534.1389 12.099  2.1
 7536.2212 12.104  2.1
 7538.3034 12.100  2.1
 7540.3857 12.087  2.1
 7542.4680 12.087  2.1
 7544.5502 12.092  2.1
 7546.6325 12.082  2.1
 7548.7148 12.059  2.1
 7550.7971 12.044  2.1
 7552.8793 12.046  2.1
 7554.9616 12.051  2.1
 7557.0439 12.061  2.1
 7559.1261 12.083  2.1
 7561.2084 12.096  2.1
 7563.2907 12.094  2.1
 7565.3730 12.088  2.1
 7567.4552 12.089  2.1
 7569.5375 12.100  2.1
 7571.6198 12.101  2.1
 7573.7020 12.099  2.1
 7575.7843 12.098  2.1
 7577.8666 12.111  2.1
 7579.9489 12.114  2.1
 7582.0311 12.113  2.1
 7584.1134 12.116  2.1
 7586.1957 12.144  2.1
 7588.2779 12.210  2.1
 7590.3602 12.315  2.1
 7592.4425 12.465  2.1
 7594.5248 12.682  2.1
 7596.6070 12.908  2.1
 7598.6893 13.118  2.1
 7600.7716 13.292  2.1
 7602.8538 13.393  2.1
 7604.9361 13.372  2.1
 7607.0184 13.303  2.1
 7609.1006 13.200  2.1
 7611.1829 13.068  2.1
 7613.2652 12.872  2.1
 7615.3475 12.698  2.1
 7617.4297 12.577  2.1
 7619.5120 12.536  2.1
 7621.5943 12.590  2.1
 7623.6765 12.660  2.1
 7625.7588 12.728  2.1
 7627.8411 12.773  2.1
 7629.9234 12.762  2.1
 7632.0056 12.736  2.1
 7634.0879 12.698  2.1
 7636.1702 12.651  2.1
 7638.2524 12.617  2.1
 7640.3347 12.592  2.1
 7642.4170 12.564  2.1
 7644.4993 12.532  2.1
 7646.5815 12.506  2.1
 7648.6638 12.483  2.1
 7650.7461 12.454  2.1
 7652.8283 12.417  2.1
 7654.9106 12.371  2.1
 7656.9929 12.336  2.1
 7659.0751 12.308  2.1
 7661.1574 12.281  2.1
 7663.2397 12.248  2.1
 7665.3220 12.227  2.1
 7667.4042 12.206  2.1
 7669.4865 12.187  2.1
 7671.5688 12.171  2.1
 7673.6510 12.177  2.1
 7675.7333 12.183  2.1
 7677.8156 12.182  2.1
 7679.8979 12.167  2.1
 7681.9801 12.132  2.1
 7684.0624 12.105  2.1
 7686.1447 12.090  2.1
 7688.2269 12.089  2.1
 7690.3092 12.094  2.1
 7692.3915 12.108  2.1
 7694.4738 12.131  2.1
 7696.5560 12.155  2.1
 7698.6383 12.150  2.1
 7700.7206 12.145  2.1
 7702.8028 12.136  2.1
 7704.8851 12.123  2.1
 7706.9674 12.101  2.1
 7709.0497 12.096  2.1
 7711.1319 12.095  2.1
 7713.2142 12.096  2.1
 7715.2965 12.092  2.1
 7717.3787 12.084  2.1
 7719.4610 12.077  2.1
 7721.5433 12.072  2.1
 7723.6255 12.067  2.1
 7725.7078 12.069  2.1
 7727.7901 12.074  2.1
 7729.8724 12.092  2.1
 7731.9546 12.124  2.1
 7734.0369 12.149  2.1
 7736.1192 12.135  2.1
 7738.2014 12.112  2.1
 7740.2837 12.094  2.1
 7742.3660 12.088  2.1
 7744.4483 12.104  2.1
 7746.5305 12.116  2.1
 7748.6128 12.115  2.1
 7750.6951 12.091  2.1
 7752.7773 12.070  2.1
 7754.8596 12.056  2.1
 7756.9419 12.051  2.1
 7759.0242 12.058  2.1
 7761.1064 12.087  2.1
 7763.1887 12.102  2.1
 7765.2710 12.097  2.1
 7767.3532 12.071  2.1
 7769.4355 12.064  2.1
 7771.5178 12.063  2.1
 7773.6000 12.064  2.1
 7775.6823 12.065  2.1
 7777.7646 12.060  2.1
 7779.8469 12.051  2.1
 7781.9291 12.043  2.1
 7784.0114 12.041  2.1
 7786.0937 12.036  2.1
 7788.1759 12.042  2.1
 7790.2582 12.054  2.1
 7792.3405 12.069  2.1
 7794.4228 12.081  2.1
 7796.5050 12.077  2.1
 7798.5873 12.070  2.1
 7800.6696 12.066  2.1
 7802.7518 12.076  2.1
 7804.8341 12.059  2.1
 7806.9164 12.049  2.1
 7808.9987 12.053  2.1
 7811.0809 12.076  2.1
 7813.1632 12.097  2.1
 7815.2455 12.079  2.1
 7817.3277 12.053  2.1
 7819.4100 12.054  2.1
 7821.4923 12.096  2.1
 7823.5746 12.109  2.1
 7825.6568 12.112  2.1
 7827.7391 12.119  2.1
 7829.8214 12.155  2.1
 7831.9036 12.160  2.1
 7833.9859 12.148  2.1
 7836.0682 12.133  2.1
 7838.1504 12.136  2.1
 7840.2327 12.124  2.1
 7842.3150 12.091  2.1
 7844.3973 12.048  2.1
 7846.4795 12.048  2.1
 7848.5618 12.089  2.1
 7850.6441 12.134  2.1
 7852.7263 12.165  2.1
 7854.8086 12.149  2.1
 7856.8909 12.121  2.1
 7858.9732 12.111  2.1
 7861.0554 12.118  2.1
 7863.1377 12.133  2.1
 7865.2200 12.149  2.1
 7867.3022 12.154  2.1
 7869.3845 12.147  2.1
 7871.4668 12.129  2.1
 7873.5491 12.134  2.1
 7875.6313 12.141  2.1
 7877.7136 12.141  2.1
 7879.7959 12.130  2.1
 7881.8781 12.107  2.1
 7883.9604 12.124  2.1
 7886.0427 12.140  2.1
 7888.1249 12.133  2.1
 7890.2072 12.087  2.1
 7892.2895 12.074  2.1
 7894.3718 12.080  2.1
 7896.4540 12.096  2.1
 7898.5363 12.115  2.1
 7900.6186 12.098  2.1
 7902.7008 12.084  2.1
 7904.7831 12.080  2.1
 7906.8654 12.089  2.1
 7908.9477 12.059  2.1
 7911.0299 12.041  2.1
 7913.1122 12.045  2.1
 7915.1945 12.080  2.1
 7917.2767 12.115  2.1
 7919.3590 12.138  2.1
 7921.4413 12.142  2.1
 7923.5236 12.123  2.1
 7925.6058 12.080  2.1
 7927.6881 12.075  2.1
 7929.7704 12.086  2.1
 7931.8526 12.099  2.1
 7933.9349 12.107  2.1
 7936.0172 12.101  2.1
 7938.0994 12.080  2.1
 7940.1817 12.052  2.1
 7942.2640 12.055  2.1
 7944.3463 12.068  2.1
 7946.4285 12.071  2.1
 7948.5108 12.066  2.1
 7950.5931 12.066  2.1
 7952.6753 12.105  2.1
 7954.7576 12.125  2.1
 7956.8399 12.118  2.1
 7958.9222 12.083  2.1
 7961.0044 12.101  2.1
 7963.0867 12.127  2.1
 7965.1690 12.138  2.1
 7967.2512 12.108  2.1
 7969.3335 12.069  2.1
 7971.4158 12.069  2.1
 7973.4981 12.099  2.1
 7975.5803 12.148  2.1
 7977.6626 12.183  2.1
 7979.7449 12.160  2.1
 7981.8271 12.117  2.1
 7983.9094 12.082  2.1
 7985.9917 12.089  2.1
 7988.0740 12.094  2.1
 7990.1562 12.092  2.1
 7992.2385 12.087  2.1
 7994.3208 12.106  2.1
 7996.4030 12.124  2.1
 7998.4853 12.129  2.1
 8000.5676 12.129  2.1
 8002.6498 12.152  2.1
 8004.7321 12.190  2.1
 8006.8144 12.210  2.1
 8008.8967 12.205  2.1
 8010.9789 12.173  2.1
 8013.0612 12.141  2.1
 8015.1435 12.106  2.1
 8017.2257 12.082  2.1
 8019.3080 12.084  2.1
 8021.3903 12.088  2.1
 8023.4726 12.089  2.1
 8025.5548 12.098  2.1
 8027.6371 12.118  2.1
 8029.7194 12.120  2.1
 8031.8016 12.113  2.1
 8033.8839 12.115  2.1
 8035.9662 12.135  2.1
 8038.0485 12.149  2.1
 8040.1307 12.137  2.1
 8042.2130 12.110  2.1
 8044.2953 12.080  2.1
 8046.3775 12.083  2.1
 8048.4598 12.078  2.1
 8050.5421 12.079  2.1
 8052.6243 12.086  2.1
 8054.7066 12.089  2.1
 8056.7889 12.092  2.1
 8058.8712 12.086  2.1
 8060.9534 12.073  2.1
 8063.0357 12.058  2.1
 8065.1180 12.050  2.1
 8067.2002 12.054  2.1
 8069.2825 12.072  2.1
 8071.3648 12.107  2.1
 8073.4471 12.119  2.1
 8075.5293 12.095  2.1
 8077.6116 12.051  2.1
 8079.6939 12.004  2.1
 8081.7761 11.995  2.1
 8083.8584 12.017  2.1
 8085.9407 12.054  2.1
 8088.0230 12.098  2.1
 8090.1052 12.134  2.1
 8092.1875 12.134  2.1
 8094.2698 12.125  2.1
 8096.3520 12.121  2.1
 8098.4343 12.132  2.1
 8100.5166 12.158  2.1
 8102.5989 12.176  2.1
 8104.6811 12.181  2.1
 8106.7634 12.170  2.1
 8108.8457 12.175  2.1
 8110.9279 12.185  2.1
 8113.0102 12.194  2.1
 8115.0925 12.197  2.1
 8117.1747 12.196  2.1
 8119.2570 12.195  2.1
 8121.3393 12.199  2.1
 8123.4216 12.213  2.1
 8125.5038 12.201  2.1
 8127.5861 12.195  2.1
 8129.6684 12.204  2.1
 8131.7506 12.232  2.1
 8133.8329 12.258  2.1
 8135.9152 12.260  2.1
 8137.9975 12.255  2.1
 8140.0797 12.244  2.1
 8142.1620 12.204  2.1
 8144.2443 12.162  2.1
 8146.3265 12.151  2.1
 8148.4088 12.167  2.1
 8150.4911 12.174  2.1
 8152.5734 12.187  2.1
 8154.6556 12.205  2.1
 8156.7379 12.232  2.1
 8158.8202 12.275  2.1
 8160.9024 12.303  2.1
 8162.9847 12.326  2.1
 8165.0670 12.348  2.1
 8167.1492 12.374  2.1
 8169.2315 12.350  2.1
 8171.3138 12.318  2.1
 8173.3961 12.295  2.1
 8175.4783 12.296  2.1
 8177.5606 12.290  2.1
 8179.6429 12.298  2.1
 8181.7251 12.285  2.1
 8183.8074 12.234  2.1
 8185.8897 12.202  2.1
 8187.9720 12.165  2.1
 8190.0542 12.108  2.1
 8192.1365 12.043  2.1
